rep,id,eta_Cl,eta_V1,eta_Q,eta_V2
1,1,-1.23325469567829,0.0087803750324786,0.213732428768591,0.00303432355866508
2,1,-1.18497037829439,-0.00579690338851377,0.354278861290111,0.00341255089019835
3,1,-1.18813166961337,-0.308987088343511,0.543125780344254,-0.287670334023464
4,1,-1.22233622221622,0.0762400887917987,0.350267318631252,0.0579840545578341
5,1,-1.19109117010033,-0.0739827779958716,0.749640430142268,-0.0787371360301228
6,1,-1.20120599213732,0.00288971227828751,0.48425920021848,0.014847812697633
7,1,-1.18754682739431,-0.136358311181767,0.644422592226515,-0.128701979965055
8,1,-1.23507956215875,0.145214786294457,0.269967472555155,0.154062718461694
9,1,-1.17769344681328,-0.0387079330190175,0.431921313131431,-0.0608293544572022
10,1,-1.22743238535376,-0.138146546414951,0.509531197440772,-0.144565878223553
1,2,-0.307764554548373,-0.0430713691559673,1.16793699679743,-0.0475161442779738
2,2,-0.284948631492641,0.646914812556638,-0.157670291201677,0.64516694809938
3,2,-0.353546174833372,0.551580812283005,-0.249126408054252,0.571298917187669
4,2,-0.318882941861322,0.0158797686110268,1.30841385345395,0.05714537120364
5,2,-0.279557019237205,0.0637911780554089,1.1339630392137,0.0516158933216975
6,2,-0.285227519641899,0.111179814181403,1.2318335623929,0.121712144911505
7,2,-0.283944368786016,0.578129209646844,-0.0683022253799305,0.58723567815198
8,2,-0.301344114197965,0.566566942590353,-0.120486430034726,0.569612970840606
9,2,-0.391143429444004,0.502534684271292,-0.338820747644204,0.505151086537426
10,2,-0.357669157835626,0.555092205287954,-0.41412675042562,0.581984633893246
1,3,-0.330663236455088,0.471597946086892,0.099589703548273,0.488842795924376
2,3,-0.370463906579969,0.694013324675795,-0.0511423875255544,0.714279993044924
3,3,-0.344329896168682,0.536625835548337,0.0936520911132673,0.558655408821149
4,3,-0.355747651156587,0.406650633318058,0.506797579754142,0.417777609104732
5,3,-0.38847156011677,0.248505881907845,0.335464289318105,0.258603823141021
6,3,-0.36549436726459,0.619825944002094,0.0560252762805241,0.645541134218813
7,3,-0.392344862590966,0.572183318946399,-0.0928817184322213,0.578112064448033
8,3,-0.375298667225585,0.496702524002901,0.114533604611045,0.501830661316767
9,3,-0.421777460760673,0.568880734843215,-0.311812778112267,0.56900198146729
10,3,-0.357528492736054,0.698348712138171,-0.128701498759028,0.733399958777805
1,4,-0.531014837136005,0.398175115706807,-0.190627977200654,0.379510570025645
2,4,-0.537809473715929,0.436168678684745,-0.407398254985892,0.448874359701867
3,4,-0.5425577599367,-0.30836985637664,0.922077361115362,-0.313043964132722
4,4,-0.554042459914893,-0.230591039827902,0.902548457694366,-0.217302012048999
5,4,-0.55723766494768,0.412088030480488,-0.396094572859509,0.414138507257275
6,4,-0.596156317722615,0.453486862591989,-0.749208153683915,0.479966353675362
7,4,-0.551442478475725,-0.28061853818911,1.02343866394741,-0.33701749025192
8,4,-0.548355872036843,-0.224661955298065,1.49264032007662,-0.230384195031068
9,4,-0.632585136076268,0.413342009107382,-1.15377896703274,0.425573161942441
10,4,-0.636736657598463,0.35832806872229,-0.78210386713356,0.36719003866958
1,5,-0.702861953914452,0.548352574485125,0.0393693003531583,0.580885080280917
2,5,-0.651213671525389,0.392963180332402,0.293987492336615,0.387032663406054
3,5,-0.684228086261494,0.440001877256206,0.165729086290796,0.454532338775903
4,5,-0.706139687760552,0.465501791685509,0.269667616721762,0.469611374991157
5,5,-0.654405166679915,0.551061765804501,0.278672175144847,0.564689638557537
6,5,-0.736159742671616,0.571115040706039,0.167615103980997,0.578016770573463
7,5,-0.63943377845121,0.3611948145874,1.0215813570944,0.39339350786804
8,5,-0.708602513529604,0.400885390856994,0.535189114461577,0.409382301021513
9,5,-0.711369155543359,0.419966634402117,0.157330861709902,0.435011362083678
10,5,-0.671032018956997,0.550277449146704,0.470263214914646,0.56469866140092
1,6,-0.386727083816425,0.592835889315625,1.4506718453408,0.604698132918639
2,6,-0.413876511498933,0.656367280465193,1.35853668957902,0.666328904335617
3,6,-0.414317245556029,0.476845670001021,1.41753288030085,0.511313825926214
4,6,-0.402902931545962,0.680142272666605,1.92946678413569,0.687751475548807
5,6,-0.405096019120859,0.575277272227373,1.19021441930206,0.556478467751904
6,6,-0.373952502935995,0.528323599184401,1.82019371706069,0.535831010338954
7,6,-0.401499762132047,0.563967229353668,1.58723437108703,0.57445876013045
8,6,-0.359250424664668,0.710215648606757,1.81550162245735,0.699217788122242
9,6,-0.426512290894449,0.55997845488386,1.63750170020692,0.57309354406703
10,6,-0.401081635698653,0.355381513911213,1.58956817409532,0.378456824256382
1,7,-0.455193127771686,-0.0954545794972319,-0.759497314342139,-0.0903193146945937
2,7,-0.449247352920068,-0.118662598374802,-0.907367055214345,-0.0952919621906008
3,7,-0.450869608459814,-0.162615078870701,-0.805762242030789,-0.158475475049517
4,7,-0.42763761214342,-0.135433606348214,-0.769471146217512,-0.149767956801798
5,7,-0.435217586666887,-0.0765088032487276,-0.896554115064362,-0.0936726640318339
6,7,-0.456791968488352,-0.137799460842038,-0.815649115593748,-0.122235203167464
7,7,-0.479619865422877,-0.0655333221293298,-0.949808245668085,-0.0543004556205301
8,7,-0.477529675967805,-0.0902354801837698,-0.938540243439287,-0.0964466958400998
9,7,-0.420766560210784,-0.106025494834919,-0.749734306988071,-0.138097669710273
10,7,-0.436725108794409,-0.188231535114129,-0.739098074481082,-0.241102147878162
1,8,-0.322851293384354,0.507147075789187,-0.237336252600248,0.511509155666171
2,8,-0.345788380912156,0.478334614972546,-0.35465350898841,0.47687296507774
3,8,-0.29268960004352,0.0673015588327774,0.774203042221535,0.0779713050735885
4,8,-0.313140303067986,0.480167633395173,-0.186315980702045,0.481284064710018
5,8,-0.315826252682728,0.53295753819325,-0.393805676296347,0.535717634444987
6,8,-0.296370055317296,0.478860409574987,-0.270171056769383,0.479255419221088
7,8,-0.331626508720334,0.0493040827147503,0.574965814304602,0.0740259248988874
8,8,-0.31284867228442,0.413570761390371,-0.216904192192981,0.44053305763231
9,8,-0.290708457214426,0.341430761676698,0.06696886421201,0.343040276862184
10,8,-0.292276241848054,-0.13147685266865,1.16656517149394,-0.12338124734246
1,9,-0.597810685719181,0.241916157960937,0.592305214736573,0.261341229638959
2,9,-0.597558772812686,0.215181292801635,0.701702601106317,0.225772735887345
3,9,-0.599380111851572,0.195216614257402,0.834366869252384,0.208438431744051
4,9,-0.636566082599661,0.390344056554789,0.23733972711742,0.394983928372441
5,9,-0.597503306068677,0.306884922619535,0.492821701515597,0.291378171881613
6,9,-0.645230856852886,0.0273333137960181,0.638357462060093,0.0440451473733884
7,9,-0.578768136422035,0.114630612443225,0.782409542002951,0.125677904756921
8,9,-0.623524423955624,0.391296250004324,-0.0285771504257792,0.373258004513457
9,9,-0.603989572786866,0.218540080795724,0.838423227022962,0.221840699941866
10,9,-0.598537851667907,0.192975245485908,0.408684429101106,0.181225899933159
1,10,-0.925719136918586,0.317285303150686,-0.48820669828641,0.314321673685811
2,10,-0.919043667122324,-0.262013624463099,0.709039393413532,-0.277069664997908
3,10,-0.985616426437336,-0.392990393189578,0.83401260834056,-0.411078966744569
4,10,-1.02555551247916,0.328998419420544,-1.10120644359517,0.33192568114158
5,10,-0.977996152723905,0.358651221125216,-0.615310739690699,0.352756622943703
6,10,-0.959247393889501,-0.36495137179734,0.933735938773298,-0.388821220041948
7,10,-0.977321610881058,-0.439194426277895,1.20294661560148,-0.434460136880713
8,10,-1.03032384058426,0.246062835721019,-0.966865207923571,0.270384335791637
9,10,-0.983795954507579,0.319686066621515,-0.78790773981265,0.337771474670314
10,10,-0.896344385827971,-0.151031235278367,1.11462394690536,-0.131352720465584
1,11,-0.339418112106006,0.541346214234465,-0.0761708099138732,0.575442295123746
2,11,-0.380269532661981,0.54233968493215,-0.244521939495021,0.54522636307162
3,11,-0.364577678377175,0.604646090268749,-0.197061328045017,0.606126809879855
4,11,-0.289376759793206,0.160560240433492,1.25765607526387,0.183346912565944
5,11,-0.328780054322865,0.676753149630124,-0.21767854501507,0.668001156773379
6,11,-0.374545667985076,0.645875645015388,-0.128917732135946,0.663955336401458
7,11,-0.338851394513989,0.51395944850847,0.00591726281755474,0.522106966167409
8,11,-0.318385900112666,0.173789064567333,1.32722416902238,0.183978233399396
9,11,-0.337119958736935,0.644620152615597,-0.105914469994765,0.652997716567369
10,11,-0.375014245682191,0.625680068427958,-0.316429855433795,0.644424900673097
1,12,-0.611151306677258,0.43933245011354,0.595792197672866,0.426303434356337
2,12,-0.591103004665569,0.29618333018529,0.997283560658238,0.301183110392466
3,12,-0.601540036331413,0.0983857937114722,1.15739133466079,0.102828442182073
4,12,-0.603543529379663,0.380212014535062,0.628470518957194,0.364503854178489
5,12,-0.588473313168652,0.492216434522329,0.902093991452869,0.486244061067796
6,12,-0.579362474497884,0.253179224207828,1.25604233518292,0.254633181593175
7,12,-0.591996075039978,0.100099541885639,1.13695187997568,0.106602018021657
8,12,-0.581039241155258,0.348938899750511,0.910886943736488,0.350966109419439
9,12,-0.564149810012551,0.385989037301167,1.01543571235398,0.349389703817937
10,12,-0.549068429263846,0.175787321831778,1.53562130794399,0.190151783594697
1,13,-0.519988358661459,0.0485850499854968,1.24200707127456,0.0284684059769094
2,13,-0.490244875368857,0.143975272444763,1.26824917475682,0.157112002145999
3,13,-0.541579736264014,0.0931129306229318,0.979772492712093,0.103022915333991
4,13,-0.536952154985255,0.0101880236781009,1.10406146906111,0.00635562894721372
5,13,-0.562672991316568,-0.0337076866868244,0.866991486546569,-0.0218947109862412
6,13,-0.48838738856329,0.176667309815192,1.43651019275487,0.153283854940602
7,13,-0.482002891141715,0.212704051025768,1.26624336437877,0.233925994621799
8,13,-0.530770484528263,0.0693237781979352,1.1969449023975,0.073915249402251
9,13,-0.548383546653541,0.0766126224284883,1.25624243760672,0.0903208212976388
10,13,-0.512619727655672,0.228881696952577,0.806322696765701,0.240467256942991
1,14,-0.401147531682613,0.629266097929062,-1.03477544976747,0.631847775127691
2,14,-0.375242158212695,0.585990269723131,-1.0778861894758,0.597445405947687
3,14,-0.373922074590772,0.606599153835052,-1.07830017923901,0.609825109162974
4,14,-0.362136845901421,-0.166528388056062,1.67262722779286,-0.1589685425678
5,14,-0.40636229746115,0.593165148126105,-1.01476313433662,0.621903767330594
6,14,-0.399948345191851,0.500483232895061,-0.921586103662259,0.48371153060613
7,14,-0.422879502391109,0.568196848190313,-1.08959803419816,0.566941478628851
8,14,-0.337062353401717,-0.157462424202912,1.93118351408799,-0.151831552702954
9,14,-0.396447317266686,0.554535471611432,-1.20947109954257,0.57760688121663
10,14,-0.387570456374831,0.508590247455124,-0.964989287105631,0.533146875849738
