iteration,convergenceIndicator,phase,Cl_pop,V1_pop,Q_pop,V2_pop,omega_Cl,omega_V1,omega_Q,omega_V2,corr_V2_V1,a1,a2
1,1485.52,1,5.16,21.01,5.51,25.66,1,1,1,1,0.998761,1,1
2,1470.06,1,4.84946,24.4313,8.2497,30.1719,0.974679,0.974679,1.00459,0.974679,0.998761,0.974679,0.974679
3,1460.7,1,5.06497,21.9668,8.23439,27.3454,0.95,0.95,1.00879,0.95,0.998761,0.95,0.95
4,1443.13,1,4.8349,21.5376,10.1872,26.8618,0.925945,0.925945,1.02986,0.925945,0.998761,0.925945,0.925945
5,1436.32,1,4.87113,24.4367,9.0179,30.2512,0.9025,0.9025,1.14111,0.9025,0.998761,0.9025,0.9025
6,1429.19,1,4.73751,21.9685,9.11662,27.2955,0.879648,0.879648,1.11706,0.879648,0.998761,0.879648,0.879648
7,1416.01,1,4.66589,22.4149,7.98318,27.6125,0.857375,0.857375,1.08877,0.857375,0.998761,0.857375,0.857375
8,1395.77,1,4.80945,22.3982,7.0485,27.3618,0.835666,0.835666,1.07207,0.835666,0.998761,0.835666,0.835666
9,1385.16,1,4.89312,25.2769,7.18099,30.83,0.814506,0.814506,1.14299,0.814506,0.998761,0.814506,0.814506
10,1379.47,1,4.74735,27.112,6.79773,32.9048,0.793882,0.793882,1.15979,0.793882,0.998761,0.793882,0.793882
11,1370.98,1,5.13179,24.7748,6.69484,30.0974,0.773781,0.773781,1.13042,0.773781,0.998761,0.773781,0.773781
12,1352.34,1,5.16089,22.6117,6.32003,27.3998,0.754188,0.754188,1.11894,0.754188,0.998761,0.754188,0.754188
13,1345.07,1,5.01885,23.0709,8.13761,27.8969,0.735092,0.735092,1.0906,0.735092,0.998761,0.735092,0.735092
14,1342.98,1,4.89943,23.7126,7.98747,28.6981,0.716479,0.716479,1.09316,0.716479,0.998761,0.716479,0.716479
15,1317.81,1,5.07628,23.7703,8.29069,28.7828,0.698337,0.698337,1.06548,0.698337,0.998761,0.698337,0.698337
16,1314.1,1,4.78453,22.0958,7.97261,26.7176,0.680655,0.680655,1.0592,0.680655,0.998761,0.680655,0.680655
17,1299.34,1,4.87281,22.8255,6.00591,27.697,0.66342,0.66342,1.03238,0.66342,0.998761,0.66342,0.66342
18,1289.01,1,5.04962,23.4559,6.94799,28.3296,0.646622,0.646622,1.00624,0.646622,0.998761,0.646622,0.646622
19,1280.7,1,5.11949,23.1763,6.8371,27.8177,0.630249,0.630249,0.986835,0.630249,0.998761,0.630249,0.630249
20,1267.16,1,5.10186,21.9406,6.44604,26.2504,0.614291,0.614291,0.961848,0.614291,0.998761,0.614291,0.614291
21,1259.55,1,5.18285,21.8673,7.19792,26.2512,0.598737,0.598737,0.937493,0.598737,0.998761,0.598737,0.598737
22,1239.39,1,5.17899,22.1669,6.52246,26.7237,0.583577,0.583577,0.913755,0.583577,0.998761,0.583577,0.583577
23,1231.41,1,5.2519,21.9435,5.99296,26.634,0.5688,0.5688,0.890618,0.5688,0.998761,0.5688,0.5688
24,1207.39,1,5.18992,21.9531,5.78764,26.594,0.554398,0.554398,0.868068,0.554398,0.998761,0.554398,0.554398
25,1209.2,1,5.07134,21.0246,5.19175,25.4168,0.54036,0.54036,0.851332,0.54036,0.998761,0.54036,0.54036
26,1196.23,1,5.18038,21.4977,6.15077,26.1831,0.526678,0.526678,0.876809,0.526678,0.998761,0.526678,0.526678
27,1185.81,1,5.18922,21.41,7.96791,26.1059,0.513342,0.513342,0.854608,0.513342,0.998761,0.513342,0.513342
28,1170.59,1,5.24727,21.1666,7.94472,25.7334,0.500344,0.500344,0.832969,0.500344,0.998761,0.500344,0.500344
29,1163.18,1,5.25054,20.3669,8.44244,24.6324,0.487675,0.487675,0.811878,0.487675,0.998761,0.487675,0.487675
30,1145.51,1,5.22201,20.6903,7.41496,24.882,0.475327,0.475327,0.79132,0.475327,0.998761,0.475327,0.475327
31,1145.34,1,5.23319,21.0242,7.694,25.1691,0.463291,0.463291,0.824817,0.463291,0.998761,0.463291,0.463291
32,1127.85,1,5.20558,20.7374,6.96983,24.8153,0.45156,0.45156,0.803932,0.45156,0.998761,0.45156,0.45156
33,1122,1,5.23142,21.6559,7.08413,25.7995,0.440127,0.440127,0.783576,0.440127,0.998761,0.440127,0.440127
34,1107.23,1,5.14013,21.2262,6.65269,25.3436,0.428982,0.428982,0.763735,0.428982,0.998761,0.428982,0.428982
35,1092.19,1,5.09907,20.8842,6.87484,24.973,0.41812,0.41812,0.753517,0.41812,0.998761,0.41812,0.41812
36,1080.26,1,5.17942,20.3507,8.32049,24.262,0.407533,0.407533,0.734438,0.407533,0.998761,0.407533,0.407533
37,1081.01,1,5.11202,19.3565,8.25404,23.0166,0.397214,0.397214,0.715842,0.397214,0.998761,0.397214,0.397214
38,1071.19,1,5.09514,20.5112,7.3935,24.372,0.387157,0.387157,0.697716,0.387157,0.998761,0.387157,0.387157
39,1057.62,1,5.15961,19.1593,7.66528,22.8353,0.377354,0.377354,0.68005,0.377354,0.998761,0.377354,0.377354
40,1054.51,1,5.1758,20.5498,6.72849,24.4455,0.367799,0.373523,0.717088,0.371038,0.998761,0.367799,0.367799
41,1044.19,1,5.21678,20.3227,7.36929,24.1566,0.358486,0.364065,0.698931,0.361643,0.998761,0.358486,0.358486
42,1032.58,1,5.16698,20.6969,7.62385,24.6828,0.349409,0.354847,0.709153,0.352486,0.998761,0.349409,0.349409
43,1026.73,1,5.08534,20.4802,9.0751,24.3833,0.340562,0.345862,0.691197,0.343561,0.998761,0.340562,0.340562
44,1012.98,1,5.15521,19.65,8.175,23.395,0.331938,0.337105,0.673696,0.334862,0.998761,0.331938,0.331938
45,1007.49,1,5.24225,19.3188,7.56892,22.9746,0.323534,0.328569,0.709197,0.326383,0.998761,0.323534,0.323534
46,994.96,1,5.16045,20.2176,7.00899,24.0895,0.315341,0.32025,0.738137,0.318119,0.998761,0.315341,0.315341
47,987.55,1,5.14885,19.8366,8.05774,23.6846,0.307357,0.312141,0.719447,0.310064,0.998761,0.307357,0.307357
48,980.238,1,5.16785,19.3041,7.30973,22.9874,0.299574,0.304237,0.70123,0.302213,0.998761,0.299574,0.299574
49,969.973,1,5.1374,20.357,6.89545,24.1597,0.291989,0.307238,0.683475,0.302336,0.998761,0.291989,0.291989
50,967.042,1,5.18852,19.7619,6.64993,23.4775,0.284596,0.306523,0.666169,0.304766,0.998761,0.284596,0.284596
51,956.263,1,5.25522,19.5228,6.33076,23.1904,0.27739,0.298761,0.649301,0.297049,0.998761,0.27739,0.27739
52,947.166,1,5.15246,19.4227,7.0248,23.123,0.270366,0.298307,0.63286,0.298754,0.998761,0.270366,0.270366
53,956.557,1,5.07055,18.8225,7.14936,22.4699,0.26352,0.298168,0.616836,0.297825,0.998761,0.26352,0.26352
54,952.262,1,5.14546,19.1881,6.86465,22.9387,0.256848,0.312632,0.623775,0.31327,0.998761,0.256848,0.256848
55,934.649,1,5.14662,19.5144,6.13871,23.4035,0.250344,0.313634,0.608144,0.317096,0.998761,0.250344,0.250344
56,940.727,1,5.10247,19.4006,6.85734,23.2797,0.244005,0.312221,0.667376,0.319395,0.998761,0.244005,0.244005
57,933.142,1,5.12309,19.3508,6.80889,23.197,0.237827,0.304315,0.780569,0.311308,0.998761,0.237827,0.237827
58,926.377,1,5.05022,19.3764,5.93935,23.1977,0.231805,0.305686,0.760805,0.311026,0.998761,0.231805,0.231805
59,919.545,1,5.0704,20.0017,5.4341,23.989,0.225936,0.303178,0.741541,0.306641,0.998761,0.225936,0.225936
60,921.421,1,5.10108,19.9302,6.18116,23.8455,0.220215,0.301501,0.722764,0.303486,0.998761,0.220215,0.220215
61,911.555,1,5.16014,20.0953,6.92677,24.0891,0.214639,0.295799,0.705178,0.295801,0.998761,0.214639,0.214639
62,913.7,1,5.15643,20.2578,7.28729,24.2829,0.209204,0.300419,0.710504,0.300556,0.998761,0.215156,0.209204
63,915.974,1,5.16663,20.233,6.49376,24.1959,0.203907,0.306936,0.692513,0.307225,0.998761,0.217556,0.203907
64,910.588,1,5.11418,20.4231,6.70452,24.3653,0.198744,0.303727,0.696317,0.308194,0.998761,0.212047,0.198744
65,910.634,1,5.11981,20.7309,6.00022,24.7151,0.193711,0.310533,0.728514,0.317254,0.998761,0.209269,0.193711
66,908.271,1,5.16858,20.795,6.38586,24.7943,0.191639,0.315279,0.727748,0.322613,0.998761,0.208087,0.188807
67,912.929,1,5.12774,20.967,6.57294,25.1163,0.190567,0.320338,0.789121,0.325989,0.998761,0.212652,0.184026
68,905.595,1,5.16956,21.0568,6.07474,25.1842,0.199181,0.333378,0.76914,0.340833,0.998761,0.210803,0.179366
69,913.906,1,5.11761,20.7993,6.612,24.9281,0.19432,0.338272,0.78648,0.346398,0.998761,0.211255,0.175377
70,908.395,1,5.15878,20.1218,6.46408,24.2078,0.194676,0.336357,0.808711,0.343882,0.998761,0.217941,0.170936
71,905.444,1,5.06509,19.9065,6.2629,24.005,0.202942,0.32784,0.796261,0.335971,0.998761,0.226333,0.166608
72,903.588,1,5.10683,20.1099,5.87419,24.1962,0.197803,0.340364,0.7761,0.345973,0.998761,0.230142,0.16239
73,911.537,1,5.07372,19.7087,6.69477,23.6564,0.204819,0.353611,0.76855,0.35673,0.998761,0.245217,0.158278
74,896.766,1,5.10224,19.3325,7.09292,23.1259,0.207829,0.344658,0.74909,0.347697,0.998761,0.250246,0.15427
75,892.887,1,5.06768,19.009,7.21866,22.8031,0.213878,0.335931,0.730123,0.338893,0.998761,0.249625,0.150364
76,891.265,1,5.04471,19.1722,6.7487,22.9608,0.212875,0.34512,0.711636,0.351171,0.998761,0.264549,0.146557
77,890.655,1,5.0983,19.5859,6.25046,23.444,0.207485,0.336381,0.693617,0.34228,0.998761,0.264247,0.142846
78,887.53,1,5.12459,20.1858,5.66694,24.1769,0.202231,0.327864,0.676054,0.333613,0.998241,0.262121,0.139229
79,885.485,1,5.05709,19.8008,6.00021,23.7593,0.209811,0.328264,0.658936,0.333474,0.998535,0.265478,0.135703
80,883.16,1,5.0511,19.7923,5.87172,23.884,0.206632,0.332398,0.658442,0.337698,0.998809,0.274013,0.132267
81,877.566,1,5.06758,19.5998,5.97561,23.7317,0.207815,0.323981,0.64177,0.329148,0.998751,0.278921,0.128918
82,880.753,1,5.12575,19.5237,5.94217,23.6426,0.204641,0.315778,0.62552,0.320814,0.998492,0.276384,0.125654
83,877.084,1,5.09756,19.1728,6.16061,23.1495,0.216884,0.307782,0.627806,0.31269,0.998684,0.277907,0.122472
84,868.294,1,5.0518,19.345,6.41826,23.3677,0.227941,0.303348,0.660334,0.306706,0.998781,0.283721,0.119371
85,865.224,1,5.09303,19.5754,6.63606,23.5991,0.223055,0.304662,0.643614,0.310564,0.998538,0.282207,0.116349
86,861.383,1,5.09362,19.3436,6.55503,23.381,0.235187,0.300263,0.627317,0.307594,0.998556,0.287853,0.113403
87,858.806,1,5.06106,19.3683,6.50283,23.4185,0.237708,0.30281,0.611433,0.311613,0.998678,0.294873,0.110531
88,856.453,1,5.11566,19.45,6.36904,23.547,0.231689,0.31983,0.605302,0.330286,0.999,0.287406,0.107733
89,858.922,1,5.10353,19.6632,6.69895,23.9071,0.229575,0.321816,0.589975,0.333516,0.999,0.289941,0.105005
90,853.786,1,5.07291,19.7102,6.00639,23.9508,0.230575,0.322625,0.586671,0.335084,0.998996,0.293918,0.102346
91,843.175,1,5.06993,19.5953,5.84994,23.7202,0.232405,0.329176,0.571816,0.340843,0.999,0.293564,0.0997545
92,842.82,1,5.09129,19.6186,6.18389,23.8255,0.226521,0.326623,0.636666,0.338358,0.998931,0.286131,0.0972287
93,841.54,1,5.07901,19.6509,5.87703,23.7525,0.234942,0.326965,0.620546,0.336505,0.999,0.298121,0.0947668
94,835.606,1,5.02686,19.5537,5.95292,23.6647,0.231625,0.320862,0.642125,0.333219,0.999,0.295296,0.0923672
95,836.42,1,5.04836,19.4473,5.81262,23.5287,0.229516,0.315899,0.650407,0.326516,0.998869,0.294214,0.0900284
96,838.576,1,5.04631,19.7568,5.76117,23.8729,0.23044,0.308915,0.633938,0.319264,0.999,0.296596,0.088521
97,836.199,1,5.02444,19.7741,5.68632,23.9075,0.234179,0.312643,0.617887,0.322447,0.99899,0.29761,0.0868351
98,833.789,1,5.04298,19.6209,5.61759,23.7529,0.233729,0.304727,0.602241,0.314283,0.998831,0.301437,0.0853131
99,830.593,1,5.04568,19.7053,5.68832,23.8316,0.233565,0.301573,0.586992,0.310676,0.998561,0.299747,0.0834248
100,826.907,1,5.08546,19.5389,5.79563,23.6649,0.23446,0.293937,0.591314,0.302809,0.998074,0.308385,0.0813125
101,830.947,1,5.0469,19.3968,5.88565,23.4503,0.235875,0.300683,0.605541,0.306093,0.997857,0.304597,0.0793253
102,833.123,1,5.03063,19.4643,5.73101,23.453,0.245928,0.293582,0.604795,0.300142,0.997311,0.318984,0.0773167
103,828.449,1,5.03269,19.4654,5.58923,23.6291,0.240706,0.299924,0.589481,0.303372,0.997657,0.316964,0.075359
104,837.848,1,5.02565,19.5438,5.5656,23.8473,0.243348,0.293531,0.574555,0.295691,0.997294,0.319905,0.0785261
105,828.314,1,5.0205,19.4588,5.62559,23.8473,0.237186,0.293148,0.560007,0.296086,0.997097,0.311804,0.0778662
106,833.878,1,5.04758,19.424,5.56428,23.8325,0.243753,0.295086,0.552145,0.294723,0.996834,0.313525,0.0773575
107,835.068,1,5.03211,19.3633,5.61025,23.8368,0.237581,0.297222,0.545319,0.301482,0.997113,0.314273,0.0783602
108,829.582,1,4.98998,19.3485,5.30548,23.827,0.239556,0.30202,0.531512,0.308392,0.997292,0.309962,0.0774047
109,820.117,1,5.01215,19.8738,5.00636,24.5043,0.23492,0.294373,0.518053,0.300583,0.997499,0.307548,0.0773475
110,832.433,1,5.0221,19.534,4.88631,24.1866,0.236635,0.288921,0.519088,0.294399,0.997557,0.311853,0.0799754
111,826.275,1,5.03586,19.5091,5.19311,23.9644,0.233083,0.288392,0.547046,0.294062,0.99773,0.310454,0.0779504
112,822.429,1,5.01987,19.6627,5.30974,24.154,0.238599,0.289559,0.567883,0.291355,0.997942,0.305332,0.0774871
113,825.468,1,5.02565,19.655,5.30128,24.0447,0.232558,0.282946,0.553504,0.288642,0.997628,0.307261,0.078696
114,824.415,1,5.02922,19.7008,5.29176,24.1389,0.234077,0.286703,0.539489,0.295159,0.998091,0.304371,0.0808942
115,825.112,1,5.06317,19.7459,5.33705,24.128,0.234481,0.289857,0.528407,0.297735,0.997955,0.307651,0.0788459
116,822.954,1,5.04785,19.9773,5.08876,24.3879,0.235192,0.293862,0.515028,0.305126,0.998211,0.30797,0.0786657
117,824.566,1,5.05982,20.2557,5.36727,24.7311,0.231925,0.297477,0.501987,0.311827,0.9984,0.301917,0.0816671
118,826.217,1,5.07644,20.2047,5.48079,24.6831,0.240284,0.29854,0.505687,0.310904,0.998694,0.307043,0.0813988
119,822.437,1,5.07838,20.3602,5.6117,24.8667,0.237163,0.303911,0.503061,0.312798,0.998879,0.307656,0.0804761
120,821.71,1,5.04961,20.2151,5.51312,24.674,0.231158,0.300969,0.490324,0.310529,0.998701,0.299866,0.0830022
121,820.799,1,5.06436,20.086,5.66558,24.5318,0.234934,0.300358,0.477908,0.31259,0.998883,0.306496,0.0815849
122,826.012,1,5.05914,20.1076,5.52519,24.596,0.240274,0.306755,0.506018,0.314986,0.998812,0.310176,0.0805654
123,823.294,1,5.09076,20.1438,5.3918,24.55,0.238527,0.303742,0.493205,0.311986,0.998802,0.304902,0.0820027
124,826.092,1,5.0469,20.2002,5.26444,24.6413,0.232487,0.306029,0.480717,0.314294,0.998698,0.303339,0.0842626
125,825.592,1,5.04432,20.194,5.1854,24.7126,0.230367,0.313612,0.468545,0.317488,0.998795,0.303549,0.0835755
126,820.157,1,5.03025,20.1757,5.08382,24.7157,0.228816,0.312872,0.466979,0.312325,0.999,0.302972,0.0828917
127,819.873,1,5.05504,20.2757,5.07877,24.8687,0.235781,0.311045,0.455155,0.311371,0.998871,0.309696,0.0807928
128,815.114,1,5.07675,20.3465,5.27006,24.9588,0.231835,0.30965,0.44363,0.310289,0.999,0.304865,0.0814736
129,816.919,1,5.07794,20.3664,5.44092,24.9858,0.235769,0.308926,0.44515,0.311654,0.999,0.303403,0.0818295
130,824.9,1,5.06573,20.3299,5.49094,24.9898,0.23678,0.314571,0.464559,0.316928,0.998859,0.300956,0.0836354
131,831.911,1,5.05422,20.4451,5.36672,25.1013,0.236404,0.320861,0.490299,0.321998,0.999,0.307221,0.0853402
132,828.026,1,5.03797,19.788,5.54834,24.2962,0.237205,0.312737,0.484668,0.313845,0.998937,0.301374,0.0849222
133,827.299,1,5.03292,19.8095,5.2785,24.3145,0.232527,0.315324,0.490624,0.315596,0.998933,0.305402,0.0834375
134,825.314,1,5.04629,19.7493,5.25439,24.2431,0.228229,0.315383,0.478201,0.31548,0.99898,0.305449,0.0843702
135,827.428,1,5.06465,19.9056,5.27303,24.4456,0.236556,0.314002,0.466093,0.315116,0.998908,0.301423,0.0858806
136,823.16,1,4.98997,19.8432,5.34423,24.3451,0.231027,0.310352,0.454291,0.312728,0.998771,0.302852,0.0840599
137,819.479,1,5.03412,19.6357,5.34323,24.1218,0.225178,0.309119,0.442788,0.311272,0.998927,0.303271,0.0834322
138,823.217,1,5.01719,19.6231,5.18916,24.0678,0.222225,0.307541,0.456664,0.310805,0.998778,0.302864,0.0834493
139,815.992,1,5.02787,19.5472,5.27247,23.9823,0.23501,0.304468,0.445101,0.306964,0.9989,0.307192,0.0813364
140,820.25,1,5.05571,19.5971,5.46226,24.0045,0.235467,0.301889,0.468175,0.305237,0.998457,0.311311,0.0792769
141,823.454,1,5.05823,19.5803,5.57281,23.9926,0.233657,0.294321,0.475894,0.299686,0.997699,0.308104,0.0783048
142,832.909,1,5.05528,19.5681,5.66444,23.9953,0.232333,0.294875,0.474039,0.297221,0.997286,0.304937,0.0823111
143,835.644,1,5.03939,19.6116,5.45349,24.1127,0.228166,0.301535,0.462036,0.300561,0.997351,0.302382,0.0845309
144,826.065,1,5.0494,19.4566,5.64861,23.812,0.236027,0.305593,0.465573,0.304178,0.998918,0.303303,0.0846864
145,822.436,1,5.08988,19.2915,5.76701,23.5562,0.23005,0.312412,0.453784,0.310447,0.999,0.303688,0.0859944
146,825.688,1,5.08205,19.3688,6.0678,23.6822,0.229254,0.309047,0.486024,0.30504,0.998904,0.300743,0.0848176
147,828.195,1,5.03299,19.2351,5.62708,23.4882,0.23186,0.313617,0.488921,0.31031,0.999,0.304296,0.0858573
148,823.501,1,5.02838,19.1585,5.79058,23.4237,0.227151,0.307118,0.501898,0.305437,0.999,0.307668,0.0837206
149,819.575,1,5.03588,18.9551,5.90571,23.2238,0.231895,0.30736,0.514065,0.305928,0.999,0.309852,0.0816008
150,824.912,1,5.05657,18.9755,5.9395,23.2548,0.239045,0.30972,0.501049,0.30994,0.999,0.309113,0.0820367
151,827.237,1,5.04324,18.8839,5.87212,23.1078,0.232992,0.308129,0.494396,0.306661,0.999,0.302749,0.0853127
152,825.381,1,5.04657,18.894,6.10217,23.1028,0.231129,0.313791,0.481878,0.312245,0.998959,0.308078,0.0831525
153,826.6,1,5.05011,18.8385,6.11743,23.0883,0.230632,0.313521,0.500749,0.313181,0.999,0.305504,0.08377
154,826.896,1,5.06248,18.5654,6.22037,22.7436,0.229946,0.324711,0.488069,0.326915,0.999,0.307732,0.0840128
155,829.652,1,5.05499,18.763,6.1242,23.0082,0.224123,0.328186,0.528958,0.333192,0.999,0.308171,0.0833886
156,827.619,1,5.03469,18.9539,5.98478,23.1818,0.231083,0.337251,0.515564,0.341835,0.999,0.306839,0.0828762
157,821.64,1,5.02066,18.7399,6.00223,22.904,0.233652,0.328712,0.519279,0.33318,0.999,0.31632,0.0807777
158,822.085,1,5.0251,18.761,6.00226,22.8691,0.231615,0.320389,0.557415,0.324899,0.999,0.311907,0.0787324
159,821.173,1,5.05147,18.7996,6.08404,22.9466,0.235481,0.322228,0.543301,0.326956,0.999,0.315088,0.0791635
160,820.225,1,5.06492,18.7379,6.12391,22.9711,0.241357,0.322983,0.533943,0.328335,0.999,0.318882,0.0771591
161,825.151,1,5.06776,18.725,6.19167,22.9092,0.244206,0.31489,0.552061,0.321347,0.99864,0.311939,0.0772697
162,822.588,1,5.06735,18.7652,6.20792,22.9978,0.238022,0.30751,0.554652,0.314349,0.99858,0.308998,0.0774955
163,820.218,1,5.07109,18.5703,6.40572,22.6563,0.233776,0.313119,0.552851,0.317579,0.998653,0.308281,0.0769197
164,815.388,1,5.06646,18.6061,6.1343,22.5126,0.237448,0.314032,0.538853,0.317496,0.999,0.311798,0.0764593
165,814.962,1,5.07307,18.7217,6.17541,22.6307,0.233869,0.319265,0.534696,0.325078,0.999,0.308546,0.0768095
166,815.269,1,5.06724,18.7749,5.94273,22.6772,0.229616,0.319479,0.521157,0.326199,0.999,0.306233,0.0801034
167,816.876,1,5.04501,18.689,6.02096,22.6363,0.234644,0.31774,0.507961,0.327173,0.998919,0.310268,0.0780752
168,813.017,1,5.06477,18.7028,6.12184,22.6666,0.231975,0.316129,0.513842,0.324534,0.999,0.307806,0.0772122
169,814.87,1,5.09069,19.0151,6.19879,23.0082,0.234942,0.322486,0.500831,0.331035,0.999,0.307364,0.0778373
170,818.648,1,5.09248,18.961,6.01687,22.9733,0.231839,0.325085,0.48815,0.336555,0.998863,0.306665,0.0788096
171,817.711,1,5.07567,18.6884,5.89495,22.653,0.231295,0.332685,0.47579,0.341411,0.998687,0.311784,0.0768141
172,811.035,1,5.03774,18.4796,6.30177,22.5011,0.229806,0.337304,0.486624,0.347599,0.998924,0.312236,0.0748692
173,814.548,1,5.05134,18.6122,6.3696,22.6419,0.234183,0.331889,0.478513,0.341295,0.998482,0.307968,0.0742453
174,815.971,1,5.06079,18.6781,5.9768,22.6975,0.230454,0.326582,0.466397,0.333571,0.998135,0.303725,0.0756382
175,820.099,1,5.07165,18.3984,6.08149,22.3727,0.23039,0.333823,0.488109,0.340062,0.998474,0.316206,0.0743416
176,820.893,1,5.05915,18.7205,6.33363,22.7824,0.227983,0.346121,0.51428,0.355735,0.998358,0.309042,0.0746239
177,821.019,1,5.06391,18.7289,6.24243,22.8541,0.234776,0.342757,0.509752,0.35416,0.998025,0.311531,0.073017
178,820.066,1,5.07295,18.6876,6.19983,22.8979,0.228832,0.347676,0.532441,0.359199,0.998021,0.309984,0.0725702
179,816.785,1,5.05802,18.6077,6.33083,22.9282,0.231986,0.351868,0.576821,0.363947,0.998528,0.3114,0.0712657
180,823.829,1,5.04888,18.6038,5.89115,22.8739,0.235846,0.350814,0.598351,0.366456,0.998118,0.313794,0.0714667
181,818.922,1,5.02607,18.6545,5.82207,22.8914,0.237685,0.355838,0.598643,0.375718,0.997904,0.317262,0.0696571
182,820.337,1,5.00663,18.5371,5.67279,22.9253,0.2376,0.358615,0.583485,0.380945,0.998293,0.314083,0.0703651
183,810.769,1,5.03401,18.6421,6.16464,22.9848,0.231584,0.365257,0.568711,0.387663,0.998697,0.313234,0.0685834
184,811.719,1,5.05309,18.3904,6.1427,22.7178,0.23231,0.370398,0.554311,0.39709,0.998692,0.312419,0.0693607
185,818.059,1,5.02924,18.4972,6.22344,22.8318,0.229555,0.374715,0.540275,0.402492,0.998512,0.312239,0.0706502
186,818.822,1,5.0376,18.3981,6.44378,22.6885,0.230237,0.370711,0.526595,0.399137,0.998363,0.305104,0.0729907
187,821.282,1,5.05821,18.5447,6.38608,22.8897,0.228192,0.373486,0.526572,0.396145,0.998241,0.307447,0.0725489
188,817.019,1,5.07417,18.5759,6.63624,22.9893,0.231096,0.370117,0.555836,0.400039,0.998639,0.309531,0.0711068
189,812.561,1,5.06587,18.66,6.47501,23.1311,0.225244,0.369848,0.541762,0.404254,0.998594,0.313241,0.0693686
190,818.687,1,5.0765,18.7302,6.34898,23.2624,0.227115,0.367444,0.528044,0.395546,0.998848,0.309321,0.073867
191,815.251,1,5.06192,18.6212,6.37152,23.1707,0.227997,0.364603,0.518206,0.392496,0.998754,0.307916,0.0725123
192,821.814,1,5.05637,18.6536,5.87511,23.1868,0.226823,0.364082,0.505085,0.392493,0.998462,0.317453,0.0725138
193,824.435,1,5.0424,18.7646,5.79242,23.2463,0.23486,0.367057,0.492296,0.396546,0.998619,0.315036,0.0744761
194,820.182,1,5.0309,18.7493,5.72463,23.301,0.229036,0.367414,0.502801,0.394453,0.998817,0.310774,0.0741341
195,823.722,1,5.04534,18.7995,6.06466,23.362,0.231395,0.36381,0.558675,0.394182,0.99857,0.312213,0.0730084
196,820.119,1,5.06593,18.8524,6.18252,23.4673,0.228563,0.357344,0.560721,0.385934,0.998681,0.310641,0.0729452
197,820.481,1,5.07227,19.0837,5.92498,23.7889,0.22821,0.360474,0.556494,0.389553,0.998928,0.31062,0.0741033
198,816.989,1,5.04752,19.1484,6.0062,23.8364,0.231485,0.357258,0.558666,0.386842,0.998845,0.308672,0.0728051
199,818.834,1,5.06509,18.7363,6.26641,23.3722,0.23334,0.354332,0.581638,0.386975,0.998677,0.308409,0.0724199
200,817.885,1,5.08777,18.4381,6.42762,22.9879,0.230897,0.352157,0.580804,0.386274,0.999,0.309569,0.0741222
201,821.087,1,5.06292,18.4862,6.68199,23.0754,0.230373,0.347459,0.584961,0.384366,0.999,0.309379,0.0751601
202,816.242,1,5.05745,18.4531,6.55885,23.0274,0.225384,0.345364,0.57015,0.387159,0.998844,0.308634,0.0733375
203,824.186,1,5.04285,18.4711,6.42,23.0705,0.230421,0.338151,0.555713,0.379049,0.998443,0.306845,0.07617
204,812.718,1,5.0568,18.3156,6.42801,22.8051,0.229888,0.330336,0.541642,0.375495,0.998954,0.30712,0.0742413
205,799.584,1,5.06884,18.3329,6.42379,22.8053,0.232592,0.327912,0.535062,0.375282,0.999,0.30747,0.0723615
206,811.16,1,5.06518,18.2654,6.4985,22.6877,0.236232,0.33228,0.582424,0.379197,0.999,0.30958,0.072824
207,818.315,1,5.05675,18.3786,6.55545,22.8464,0.234651,0.328461,0.618867,0.37524,0.99898,0.308021,0.0741209
208,807.917,1,5.05467,18.305,6.46486,22.828,0.236633,0.325063,0.625055,0.374129,0.999,0.314127,0.0722441
209,809.708,1,5.05086,18.3145,6.21497,22.8999,0.234187,0.329658,0.621742,0.377838,0.999,0.31117,0.0715096
210,809.048,1,5.06512,18.2208,6.50586,22.7138,0.23598,0.321311,0.627727,0.36827,0.999,0.31601,0.0702757
211,813.113,1,5.06715,17.8501,6.57574,22.1588,0.237692,0.322022,0.611832,0.369122,0.999,0.319402,0.0716838
212,810.65,1,5.05243,17.8517,6.62686,22.2129,0.236442,0.328411,0.59634,0.371362,0.999,0.313296,0.0720503
213,818.245,1,5.06905,17.8165,6.59191,22.1558,0.232922,0.331913,0.581241,0.373833,0.998972,0.311196,0.0742326
214,818.261,1,5.03814,17.8884,6.73613,22.2484,0.231004,0.332347,0.575999,0.378088,0.99883,0.319021,0.072353
215,813.883,1,5.03992,17.8451,6.97012,22.1957,0.236186,0.330868,0.561414,0.376116,0.999,0.315333,0.0719531
216,811.944,1,5.04457,17.778,6.91014,22.1511,0.232948,0.32249,0.567846,0.366593,0.998934,0.313812,0.0719408
217,810.078,1,5.06112,17.8033,6.77565,22.2064,0.230443,0.314325,0.58047,0.35731,0.998817,0.315991,0.0706602
218,815.283,1,5.02702,17.7908,6.6455,22.2019,0.236789,0.312882,0.607369,0.358865,0.998722,0.316988,0.0707931
219,816.48,1,5.03643,17.8559,6.45881,22.2906,0.237335,0.313708,0.591991,0.362253,0.998361,0.320788,0.0692788
220,817.837,1,5.04798,17.6688,6.67171,22.0124,0.231325,0.31575,0.613801,0.36541,0.998424,0.312665,0.0717742
221,812.836,1,5.03779,17.7113,6.90365,21.9747,0.227276,0.313602,0.643256,0.367694,0.998537,0.309841,0.0703658
222,814.111,1,5.06433,17.5939,7.30121,21.9293,0.23569,0.310981,0.652827,0.366068,0.998887,0.313702,0.0709747
223,810.436,1,5.09146,17.7765,7.42811,22.1561,0.230148,0.303367,0.656249,0.357542,0.99889,0.312721,0.0705433
224,808.106,1,5.08712,17.7141,7.60139,22.1042,0.234886,0.309458,0.672898,0.36298,0.999,0.317916,0.0687571
225,796.487,1,5.08557,17.6898,7.77416,22.0109,0.231007,0.311285,0.664895,0.36438,0.999,0.309866,0.0670162
226,799.582,1,5.08873,17.803,7.55576,22.2417,0.232616,0.314063,0.713607,0.367648,0.999,0.31298,0.0662456
227,802.934,1,5.08403,17.7984,7.3695,22.268,0.242648,0.313834,0.695538,0.369628,0.998992,0.315658,0.0662156
228,806.071,1,5.09176,17.6929,7.43884,22.0837,0.236504,0.313801,0.677927,0.372965,0.998965,0.311029,0.0692249
229,807.359,1,5.06688,17.7777,7.39254,22.189,0.234862,0.31662,0.660761,0.376409,0.998933,0.312267,0.0691509
230,805.397,1,5.08093,17.7433,7.07812,22.1658,0.228915,0.311325,0.644031,0.370099,0.999,0.304921,0.0716482
231,813.974,1,5.07554,17.6754,7.11403,21.9955,0.229395,0.306926,0.627723,0.364621,0.999,0.312309,0.0730327
232,808.855,1,5.03721,17.7137,6.80018,22.0415,0.223804,0.310951,0.611829,0.369027,0.999,0.311321,0.0714091
233,816.247,1,5.03718,17.6758,6.79495,21.9811,0.226479,0.310792,0.624753,0.370988,0.998767,0.308594,0.0731643
234,810.329,1,5.06116,17.502,7.46964,21.8255,0.237923,0.308534,0.615322,0.368587,0.999,0.311329,0.0714478
235,810.314,1,5.04041,17.4594,7.36253,21.8127,0.231898,0.313055,0.638382,0.371597,0.999,0.315634,0.070605
236,808.399,1,5.0538,17.4953,7.41458,21.8118,0.232857,0.314669,0.622337,0.37497,0.999,0.316051,0.0694466
237,806.997,1,5.05601,17.5862,7.40119,21.9298,0.234076,0.315863,0.617029,0.380116,0.999,0.311635,0.0706832
238,814.031,1,5.06019,17.6481,7.34559,22.0075,0.234567,0.323034,0.63586,0.388496,0.999,0.315927,0.0710741
239,811.879,1,5.07499,17.7721,7.43278,22.1724,0.234728,0.328165,0.636272,0.394311,0.999,0.313351,0.0712001
240,818.109,1,5.042,17.7818,7.69167,22.2393,0.236354,0.328664,0.673437,0.393116,0.999,0.316371,0.0717025
241,814.335,1,5.07149,17.595,7.55788,21.9329,0.23037,0.331118,0.689233,0.393818,0.998961,0.30836,0.0713923
242,808.604,1,5.04337,17.5713,7.20955,21.9169,0.236805,0.33065,0.671782,0.393635,0.999,0.317017,0.0695846
243,809.355,1,5.04694,17.643,7.55086,21.9193,0.231331,0.331628,0.685879,0.393529,0.999,0.312241,0.069719
244,816.418,1,5.03646,17.8833,6.94333,22.2833,0.235571,0.327975,0.697205,0.390316,0.998961,0.315694,0.069853
245,812.997,1,5.02499,17.6863,7.39694,21.9763,0.230883,0.326765,0.704749,0.390482,0.999,0.31312,0.0708414
246,818.463,1,5.00413,17.7942,7.08758,22.0556,0.229779,0.326937,0.686905,0.392647,0.998973,0.308955,0.073537
247,815.892,1,5.0504,17.8748,6.89961,22.1465,0.230195,0.328988,0.669512,0.394358,0.999,0.312307,0.071675
248,817.955,1,5.04686,17.8407,6.80928,22.1023,0.228204,0.326383,0.652559,0.390279,0.998852,0.311336,0.0720827
249,822.228,1,5.05257,18.0294,6.66745,22.3191,0.229453,0.325379,0.680534,0.387382,0.998666,0.309741,0.0727545
250,820.861,1,5.0515,17.9108,6.74709,22.0179,0.236382,0.317507,0.677653,0.378174,0.998502,0.310571,0.0716771
251,827.62,1,5.06215,18.0406,7.03734,22.1847,0.240623,0.31646,0.680187,0.381523,0.998276,0.317982,0.0714963
252,813.769,1,5.03708,17.7034,7.13257,21.66,0.236987,0.311405,0.671363,0.374676,0.998302,0.310738,0.0696859
253,805.905,1,5.05982,17.6818,7.31835,21.6725,0.235847,0.30974,0.67681,0.370208,0.998748,0.314676,0.0679214
254,807.779,1,5.08195,17.6575,7.29702,21.5911,0.24082,0.31269,0.659673,0.372159,0.999,0.311516,0.0696326
255,807.071,1,5.04902,17.7149,7.45459,21.6801,0.238249,0.312567,0.642969,0.368415,0.998886,0.311408,0.0688927
256,805.652,1,5.07677,17.8366,7.49914,21.8694,0.238747,0.311121,0.626848,0.366711,0.999,0.313737,0.0687134
257,800.992,1,5.06021,17.6911,7.37383,21.7454,0.23539,0.316348,0.65151,0.36984,0.999,0.315916,0.0669735
258,802.822,1,5.07681,17.7886,7.37257,21.865,0.232965,0.319452,0.635013,0.371624,0.998987,0.315836,0.0671933
259,808.022,1,5.06275,17.8374,7.48546,21.9394,0.24088,0.324377,0.618934,0.373979,0.998754,0.318104,0.0671444
260,810.602,1,5.08567,17.7995,7.39655,21.9101,0.236204,0.320931,0.620794,0.36974,0.998651,0.315721,0.0683458
261,820.267,1,5.08019,17.7566,7.75361,21.9162,0.23695,0.322627,0.646297,0.369702,0.998123,0.314151,0.0700177
262,812.89,1,5.04235,17.6993,7.52511,21.8099,0.236129,0.326135,0.713308,0.378656,0.998899,0.314785,0.068594
263,813.652,1,5.06548,17.7695,7.72299,21.9612,0.234462,0.329807,0.695247,0.382324,0.99891,0.316345,0.0689743
264,805.48,1,5.1077,17.7857,7.69875,21.9911,0.235206,0.326667,0.679501,0.382292,0.999,0.3132,0.0693483
265,807.09,1,5.07419,17.7362,8.02292,21.9012,0.233758,0.326383,0.684257,0.378192,0.999,0.313563,0.0686633
266,808.152,1,5.06869,17.8116,7.51726,22.0157,0.236113,0.330531,0.667872,0.385914,0.999,0.312986,0.0689353
267,813.037,1,5.08409,17.8163,7.69023,22.0432,0.233638,0.330508,0.691172,0.385556,0.998806,0.313943,0.0685347
268,807.376,1,5.06906,17.7535,7.67939,21.8946,0.235461,0.330525,0.691498,0.38457,0.999,0.314335,0.0679988
269,804.167,1,5.07628,17.8507,7.32059,21.9821,0.236273,0.330329,0.673989,0.38374,0.999,0.321165,0.0668819
270,805.775,1,5.06471,17.8964,7.4196,22.0436,0.23635,0.335044,0.656923,0.386242,0.999,0.313811,0.0675469
271,809.763,1,5.08401,17.7632,7.49816,21.9096,0.236037,0.336234,0.642956,0.390541,0.998958,0.313295,0.0685088
272,807.511,1,5.08275,17.6685,7.36488,21.8304,0.235476,0.33487,0.646622,0.384634,0.998972,0.311814,0.0682546
273,802.98,1,5.06364,17.7334,7.22862,21.845,0.236171,0.333713,0.646566,0.38544,0.999,0.314746,0.0671071
274,810.149,1,5.06478,17.7113,7.52422,21.8406,0.23423,0.339382,0.659789,0.389665,0.999,0.318201,0.0675681
275,806.398,1,5.07833,17.55,7.55502,21.6875,0.240709,0.333499,0.66447,0.382123,0.999,0.319847,0.0669518
276,796.393,1,5.06682,17.5142,7.6994,21.5823,0.234614,0.333385,0.647645,0.383861,0.999,0.311748,0.0668865
277,808.003,1,5.0495,17.3902,7.93845,21.4711,0.233019,0.334599,0.644526,0.387555,0.998993,0.313516,0.0682308
278,802.228,1,5.07502,17.4217,7.64994,21.4634,0.234592,0.333818,0.628207,0.388558,0.998973,0.313701,0.0665032
279,802.675,1,5.05065,17.4122,7.83721,21.4513,0.243184,0.331459,0.626471,0.385039,0.999,0.318027,0.0667209
280,798.463,1,5.05617,17.4236,7.71313,21.4778,0.238913,0.327579,0.618081,0.383763,0.999,0.320727,0.0651069
281,805.323,1,5.06722,17.456,7.61671,21.5602,0.235925,0.327434,0.631132,0.388123,0.999,0.317503,0.0676132
282,807.305,1,5.06996,17.3955,7.7245,21.4481,0.239016,0.328825,0.625344,0.386183,0.999,0.317598,0.0674817
283,803.111,1,5.07147,17.3886,7.84044,21.4891,0.235692,0.32263,0.60951,0.378265,0.999,0.311838,0.068407
284,801.447,1,5.05916,17.5097,7.47169,21.6775,0.243413,0.32135,0.596071,0.380265,0.999,0.313619,0.0681873
285,804.97,1,5.07523,17.4616,7.63703,21.5876,0.23838,0.319891,0.58315,0.380627,0.999,0.31291,0.0697147
286,810.249,1,5.10238,17.5412,7.7513,21.7798,0.232344,0.324403,0.593162,0.386893,0.999,0.307288,0.0721351
287,806.763,1,5.10359,17.6808,7.8107,21.8961,0.23104,0.319804,0.579384,0.384147,0.999,0.305237,0.0731439
288,806.336,1,5.1112,17.628,8.11073,21.8462,0.229524,0.317132,0.592746,0.385694,0.999,0.306713,0.071619
289,815.316,1,5.07223,17.3433,7.80174,21.3716,0.230464,0.314535,0.590361,0.377411,0.99876,0.311755,0.0721482
290,822.808,1,5.05396,17.379,7.66664,21.3921,0.232653,0.312712,0.620372,0.374907,0.998805,0.309259,0.075319
291,816.926,1,5.06023,17.3811,7.6821,21.3537,0.241248,0.316721,0.605402,0.379514,0.998588,0.317694,0.0734119
292,821.31,1,5.06506,17.4813,7.64943,21.3981,0.23514,0.318575,0.60547,0.38323,0.998495,0.31463,0.0719602
293,819.012,1,5.04844,17.4721,7.5769,21.4301,0.239967,0.31695,0.595528,0.384887,0.998842,0.320953,0.0710068
294,811.837,1,5.04932,17.4337,7.77536,21.3304,0.241133,0.318829,0.63518,0.387553,0.999,0.320698,0.0692088
295,817.92,1,5.05574,17.3842,7.85789,21.2635,0.235923,0.316342,0.667829,0.384222,0.999,0.318618,0.0711434
296,812.988,1,5.05885,17.3108,8.37083,21.1894,0.240204,0.3134,0.698336,0.381174,0.998721,0.319538,0.069342
297,803.54,1,5.06373,17.2434,8.13889,21.1365,0.242836,0.313918,0.680654,0.380005,0.998591,0.314848,0.0675862
298,805.329,1,5.05113,17.2995,8.0826,21.2933,0.242955,0.311421,0.66389,0.374864,0.998512,0.320581,0.0658749
299,799.951,1,5.05491,17.2178,8.07033,21.2032,0.236803,0.312062,0.66878,0.378759,0.998797,0.317545,0.0642749
300,798.575,1,5.0618,17.1691,8.32892,21.2065,0.237532,0.309604,0.674685,0.373507,0.998869,0.317707,0.0640275
301,809.157,1,5.06544,17.1996,8.39208,21.3176,0.241207,0.311536,0.702776,0.374008,0.998722,0.317041,0.0665734
302,807.287,1,5.069,17.0813,8.50834,21.1146,0.240151,0.314415,0.719108,0.378925,0.998906,0.318269,0.0660299
303,801.622,1,5.04239,17.0455,8.06335,21.0954,0.243635,0.314811,0.700899,0.377487,0.998804,0.321263,0.064358
304,815.332,1,5.07015,17.1578,8.29185,21.2548,0.237466,0.318544,0.702691,0.37927,0.998311,0.314791,0.067809
305,818.404,1,5.06178,17.024,8.40813,21.0288,0.235133,0.320995,0.684898,0.383978,0.998284,0.319789,0.0681643
306,804.535,1,5.06038,17.1051,7.91148,21.2222,0.233427,0.318921,0.667556,0.383885,0.998746,0.314823,0.0664383
307,806.697,1,5.0518,17.1777,8.08301,21.426,0.235623,0.316237,0.650653,0.379963,0.999,0.313211,0.0693549
308,805.482,1,5.08157,17.1971,8.49666,21.3774,0.236625,0.314978,0.679485,0.381136,0.999,0.31845,0.0675988
309,808.305,1,5.06882,17.2099,8.74369,21.4319,0.237082,0.31586,0.673284,0.382217,0.998922,0.311546,0.0685339
310,812.001,1,5.0808,17.1528,8.28868,21.4163,0.233591,0.314591,0.688849,0.378687,0.998644,0.308543,0.0694297
311,805.37,1,5.05617,17.1221,8.111,21.535,0.232809,0.314503,0.671407,0.381288,0.998743,0.312435,0.0676717
312,806.648,1,5.03088,17.116,8.05984,21.5807,0.231579,0.316823,0.673139,0.383599,0.998724,0.315365,0.0664688
313,801.805,1,5.07839,17.2651,8.14361,21.7686,0.233233,0.321347,0.682766,0.389032,0.999,0.311993,0.0671347
314,809.007,1,5.07047,17.2495,7.91933,21.7582,0.227905,0.319478,0.667756,0.386974,0.999,0.312934,0.069698
315,803.651,1,5.06024,17.3309,7.89644,21.8318,0.237684,0.32168,0.689188,0.389887,0.999,0.31494,0.0679332
316,808.013,1,5.07793,17.378,7.9282,21.8889,0.23356,0.323489,0.671737,0.388486,0.998503,0.313414,0.066243
317,808.068,1,5.06503,17.3058,7.93906,21.6681,0.232754,0.32103,0.654729,0.383876,0.998714,0.314273,0.067406
318,809.157,1,5.04501,17.5997,7.56497,22.096,0.239994,0.321079,0.667496,0.380902,0.997995,0.315441,0.0656992
319,807.476,1,5.06389,17.5878,7.43961,22.0974,0.240412,0.314167,0.661919,0.378066,0.997905,0.311678,0.0651727
320,810.32,1,5.06195,17.7055,7.58405,22.1592,0.237605,0.315267,0.645159,0.378815,0.998201,0.315492,0.0664081
321,814.297,1,5.0676,17.4734,7.54854,21.8211,0.232205,0.30947,0.628823,0.37292,0.998671,0.31515,0.0707273
322,810.561,1,5.08046,17.4144,7.62298,21.7632,0.228752,0.314918,0.62941,0.380731,0.998539,0.309079,0.0694724
323,804.956,1,5.08974,17.4064,8.04657,21.7377,0.233643,0.312962,0.641564,0.381466,0.999,0.316476,0.0680506
324,814.233,1,5.06281,17.3642,7.92543,21.7081,0.240777,0.317432,0.625319,0.388123,0.998873,0.318463,0.0695577
325,808.258,1,5.06866,17.3469,8.2528,21.5982,0.234681,0.319187,0.609485,0.393529,0.998918,0.315792,0.0685394
326,800.585,1,5.05944,17.3264,7.78254,21.5384,0.235613,0.318463,0.598442,0.392934,0.999,0.314504,0.06734
327,806.07,1,5.0866,17.4813,7.79183,21.7523,0.235317,0.327082,0.583289,0.406632,0.999,0.316251,0.0688542
328,806.134,1,5.04014,17.5378,7.59184,21.8691,0.237062,0.330281,0.588582,0.405013,0.999,0.31531,0.0688816
329,812.857,1,5.029,17.5075,7.19134,21.7828,0.234725,0.337269,0.573679,0.412676,0.999,0.317284,0.0697008
330,809.946,1,5.00966,17.5359,7.19199,21.7928,0.241693,0.333107,0.574095,0.410262,0.999,0.316676,0.0693234
331,807.308,1,5.01511,17.5304,7.34295,21.7209,0.240191,0.335653,0.583039,0.409673,0.999,0.315452,0.0682835
332,813.616,1,5.03526,17.5438,7.34129,21.6881,0.234109,0.339851,0.600134,0.41178,0.998921,0.315395,0.0694537
333,812.924,1,5.03789,17.6175,7.34833,21.9027,0.23335,0.339014,0.611077,0.413894,0.998613,0.314375,0.0679339
334,809.773,1,5.03161,17.6498,7.4175,22.0093,0.236403,0.351103,0.615424,0.428826,0.998683,0.312289,0.0666435
335,819.66,1,5.02389,17.4825,7.58957,21.8237,0.246844,0.342213,0.634201,0.417968,0.998116,0.32222,0.0660311
336,814.63,1,5.03289,17.4582,7.45345,21.7137,0.243221,0.343378,0.630431,0.420206,0.997974,0.318319,0.0648893
337,810.752,1,5.07089,17.6044,7.58913,21.9353,0.237062,0.342557,0.617707,0.415572,0.997727,0.315285,0.0642908
338,815.451,1,5.08278,17.6153,7.64288,21.9215,0.237407,0.343504,0.627686,0.419143,0.99836,0.311944,0.0678334
339,815.689,1,5.06889,17.5701,7.80169,21.841,0.231614,0.339969,0.631737,0.409398,0.997996,0.312552,0.0673131
340,823.893,1,5.07389,17.6084,7.9244,21.7852,0.228124,0.337336,0.671447,0.405157,0.997862,0.314306,0.0692532
341,823.566,1,5.06863,17.7633,7.40637,22.0126,0.233895,0.33049,0.698557,0.398508,0.998098,0.315187,0.0692519
342,820.988,1,5.06459,17.7791,7.43504,21.9731,0.231536,0.334918,0.68087,0.411543,0.998206,0.31793,0.0687099
343,813.781,1,5.04848,18.0258,6.93993,22.34,0.232036,0.343651,0.66363,0.422581,0.998587,0.311671,0.068113
344,811.349,1,5.06499,17.8145,7.22367,21.9184,0.235444,0.349372,0.646826,0.42846,0.998722,0.315608,0.0663884
345,810.93,1,5.03884,17.8337,7.62088,21.9727,0.236701,0.350436,0.630448,0.42799,0.998934,0.310393,0.0682973
346,813.291,1,5.02704,17.8183,7.18113,22.0257,0.231902,0.353387,0.620059,0.432709,0.998934,0.312122,0.068928
347,819.934,1,5.05201,17.8044,7.08627,21.9605,0.233344,0.351037,0.634133,0.430593,0.998721,0.316815,0.0691983
348,817.303,1,5.04003,17.6988,7.5271,21.8093,0.238504,0.355852,0.618076,0.43562,0.999,0.315681,0.0698046
349,805.754,1,5.07574,17.901,7.28255,22.1092,0.237939,0.349518,0.602426,0.42662,0.999,0.315725,0.0680371
350,811.312,1,5.04809,17.8478,7.48663,22.1131,0.237495,0.345201,0.587172,0.421761,0.998665,0.313855,0.0678382
351,808.177,1,5.03806,17.9551,7.37223,22.1722,0.241036,0.350154,0.613995,0.425107,0.999,0.317766,0.0665899
352,805.007,1,5.03787,17.88,7.18418,22.1059,0.242988,0.355648,0.598448,0.431871,0.999,0.315951,0.0671224
353,810.924,1,5.02494,17.9059,7.18627,22.2126,0.241369,0.358883,0.583295,0.428221,0.999,0.317254,0.0680485
354,808.899,1,5.04268,18.0159,7.00744,22.3873,0.236273,0.351705,0.583304,0.420076,0.999,0.309231,0.0701122
355,811.951,1,5.06122,17.9231,7.108,22.2712,0.23029,0.348428,0.568534,0.418042,0.99876,0.307826,0.0705181
356,816.435,2,5.07382,17.9698,7.24939,22.3194,0.234959,0.347459,0.554139,0.418307,0.998646,0.305333,0.0726563
357,819.432,2,5.06297,17.8559,7.8123,22.0868,0.230845,0.343736,0.58923,0.414549,0.998591,0.306889,0.0722399
358,818.385,2,5.07755,17.8239,7.69462,22.0286,0.238635,0.340996,0.587967,0.411549,0.998565,0.310322,0.0707944
359,814.046,2,5.07184,17.8159,7.59121,21.9885,0.234992,0.340313,0.554272,0.409105,0.998567,0.310263,0.0701014
360,811.171,2,5.06472,17.7167,7.7138,21.8506,0.238493,0.343503,0.575426,0.41605,0.998786,0.318045,0.0674441
361,812.693,2,5.05534,17.76,7.68287,21.9167,0.239866,0.346786,0.562447,0.423642,0.998492,0.313916,0.067617
362,817.723,2,5.10184,17.799,7.63868,22.0291,0.237811,0.345943,0.560134,0.422213,0.998681,0.313828,0.0701358
363,805.949,2,5.07403,17.7186,7.36969,21.961,0.237818,0.340812,0.51848,0.418908,0.998942,0.310407,0.0695637
364,805.216,2,5.07454,17.7213,7.29952,21.8931,0.240736,0.343471,0.510689,0.421249,0.99894,0.308497,0.0691479
365,811.017,2,5.08992,17.7396,7.48062,21.9357,0.240551,0.345239,0.526715,0.420436,0.998981,0.309216,0.0704281
366,808.049,2,5.07592,17.8388,7.67218,22.063,0.243551,0.349286,0.530117,0.4223,0.99897,0.310056,0.0693279
367,807.15,2,5.09264,17.7982,7.76486,21.9678,0.245698,0.354477,0.552285,0.425471,0.999,0.314079,0.0681614
368,812.391,2,5.08493,17.8049,7.56612,21.9349,0.240683,0.356398,0.530769,0.428258,0.998969,0.310964,0.0697512
369,807.585,2,5.05003,17.8157,7.13019,21.8795,0.2384,0.358548,0.549477,0.431769,0.998985,0.313784,0.0680251
370,809.215,2,5.03442,17.7834,7.03657,21.7612,0.236239,0.3542,0.581298,0.429048,0.998883,0.315792,0.0669802
371,814.225,2,5.03615,17.7866,7.04353,21.7375,0.237618,0.354413,0.599495,0.42816,0.998865,0.31675,0.0674064
372,806.506,2,5.02289,17.7791,7.01261,21.7314,0.237813,0.356396,0.614471,0.428784,0.999,0.319273,0.0662042
373,804.229,2,5.02453,17.7516,6.90254,21.6537,0.237403,0.356294,0.614603,0.428223,0.999,0.319386,0.0655553
374,804.577,2,5.02576,17.6139,6.97383,21.4805,0.236757,0.354118,0.619406,0.425679,0.999,0.317836,0.0660239
375,809.993,2,5.02261,17.4921,7.26825,21.2707,0.234408,0.356786,0.626535,0.429285,0.999,0.317883,0.066724
376,810.828,2,5.03771,17.4445,7.34842,21.2009,0.235886,0.359331,0.621598,0.433107,0.999,0.316658,0.0671264
377,810.235,2,5.03849,17.4143,7.55414,21.1791,0.23604,0.362647,0.613907,0.436558,0.999,0.316068,0.0677147
378,806.549,2,5.0431,17.4071,7.63354,21.1312,0.236607,0.363404,0.593059,0.438958,0.999,0.316729,0.06733
379,803.865,2,5.04303,17.4005,7.58835,21.0945,0.233721,0.361128,0.576279,0.43683,0.999,0.313921,0.0677722
380,811.999,2,5.03705,17.4441,7.58839,21.1315,0.232609,0.360206,0.589003,0.436015,0.999,0.312557,0.0681356
381,807.157,2,5.05102,17.4679,7.59648,21.1745,0.231822,0.360643,0.593324,0.435526,0.999,0.312092,0.0678428
382,808.826,2,5.05207,17.5294,7.479,21.29,0.233949,0.360241,0.597611,0.434074,0.999,0.312194,0.0677997
383,806.118,2,5.05449,17.6382,7.28984,21.4435,0.233755,0.358326,0.583948,0.431909,0.999,0.311716,0.0682655
384,808.183,2,5.05126,17.7276,7.1764,21.565,0.232973,0.356236,0.57778,0.428343,0.999,0.310316,0.068912
385,812.937,2,5.05355,17.8529,7.10463,21.7338,0.233317,0.356395,0.560186,0.428898,0.999,0.310569,0.0695355
386,812.359,2,5.0599,17.879,7.06814,21.7866,0.233307,0.357985,0.554255,0.430166,0.999,0.309699,0.0701902
387,812.763,2,5.05853,17.8959,7.04467,21.8193,0.23291,0.358506,0.562166,0.430469,0.999,0.311205,0.0697884
388,813.02,2,5.06222,17.8843,7.06351,21.8007,0.23263,0.358461,0.554314,0.430214,0.998997,0.312361,0.0694739
389,808.061,2,5.06166,17.8768,7.12378,21.8021,0.232536,0.358318,0.555132,0.43002,0.999,0.312566,0.0692143
390,803.707,2,5.06014,17.884,7.1113,21.8025,0.233649,0.358588,0.546992,0.430327,0.999,0.313876,0.068837
391,799.956,2,5.06485,17.8906,7.1433,21.8199,0.234323,0.357731,0.536659,0.428698,0.999,0.314906,0.0682931
392,800.108,2,5.07002,17.8922,7.19971,21.833,0.235406,0.356261,0.540343,0.427507,0.999,0.315351,0.06755
393,798.662,2,5.07231,17.906,7.18955,21.8496,0.235129,0.354972,0.540772,0.425452,0.999,0.315281,0.0671516
394,811.663,2,5.07448,17.9192,7.21515,21.8746,0.235644,0.35343,0.549997,0.423382,0.998966,0.315339,0.0670672
395,811.636,2,5.07374,17.9329,7.21376,21.9059,0.234934,0.353123,0.555553,0.423189,0.998913,0.314844,0.0671617
396,807.785,2,5.07319,17.9527,7.18681,21.9215,0.234942,0.353452,0.5604,0.423762,0.998949,0.315234,0.0671792
397,807.181,2,5.06795,17.9689,7.168,21.931,0.235258,0.353973,0.562394,0.424784,0.998967,0.3153,0.0671746
398,803.474,2,5.06526,17.97,7.16583,21.9404,0.235456,0.35361,0.563554,0.424779,0.998955,0.315077,0.0670022
399,804.093,2,5.06475,17.9572,7.19257,21.9307,0.234401,0.353592,0.565159,0.424508,0.998969,0.31433,0.0671515
400,810.222,2,5.06266,17.9247,7.20154,21.8818,0.234059,0.353286,0.564383,0.423768,0.998919,0.314718,0.0670376
401,812.165,2,5.06149,17.8947,7.23972,21.8367,0.234227,0.352935,0.565942,0.423869,0.998919,0.315217,0.0670912
402,819.499,2,5.06468,17.8584,7.30706,21.7929,0.234098,0.352556,0.571837,0.42395,0.998892,0.315274,0.0672637
403,808.178,2,5.06697,17.8254,7.3752,21.7542,0.233586,0.352922,0.57614,0.424311,0.998906,0.314809,0.06735
404,812.568,2,5.07001,17.7921,7.43705,21.7058,0.233299,0.35326,0.578029,0.424714,0.998893,0.314785,0.0673731
405,806.614,2,5.06906,17.7634,7.45587,21.6672,0.233206,0.353637,0.578367,0.425018,0.998906,0.314418,0.0674379
406,810.431,2,5.06659,17.7388,7.47934,21.6336,0.233322,0.3541,0.579573,0.425422,0.998916,0.314436,0.0674751
407,807.698,2,5.06633,17.7316,7.49506,21.6221,0.233418,0.354128,0.579413,0.425481,0.998915,0.314445,0.0674603
408,802.564,2,5.06608,17.7264,7.49711,21.6154,0.233381,0.35419,0.579212,0.425492,0.998918,0.31438,0.067446
409,811.125,2,5.06549,17.7234,7.49255,21.61,0.233442,0.354216,0.57928,0.425533,0.998922,0.314446,0.0674624
410,807.249,2,5.06524,17.7193,7.49188,21.6023,0.233499,0.354183,0.579177,0.425481,0.998921,0.314486,0.0674445
411,819.03,2,5.06485,17.7131,7.48631,21.5943,0.233456,0.35417,0.578462,0.425472,0.998918,0.314513,0.0675062
412,814.877,2,5.06487,17.7091,7.4875,21.588,0.23343,0.354027,0.577903,0.425283,0.998916,0.314479,0.0675599
413,809.778,2,5.06483,17.7058,7.49211,21.5823,0.233553,0.353749,0.577497,0.424977,0.998911,0.314517,0.0675537
414,809.801,2,5.06479,17.7014,7.49522,21.5767,0.233551,0.353472,0.577041,0.424682,0.998905,0.314474,0.0675625
415,811.574,2,5.06481,17.6982,7.49328,21.5725,0.233611,0.353154,0.575985,0.424323,0.998909,0.314396,0.0676463
416,807.773,2,5.06477,17.6931,7.49357,21.5661,0.233684,0.352897,0.574832,0.424041,0.99891,0.31439,0.067677
417,812.588,2,5.06522,17.6888,7.49785,21.559,0.233668,0.352615,0.574758,0.423663,0.998912,0.314375,0.067728
418,811.424,2,5.06575,17.6884,7.49953,21.557,0.233667,0.352182,0.574667,0.423135,0.998911,0.314299,0.067779
419,807.506,2,5.06624,17.6872,7.50249,21.5552,0.233659,0.351779,0.574622,0.422651,0.998912,0.314289,0.0678016
420,805.387,2,5.06602,17.686,7.50418,21.5535,0.233765,0.351382,0.574654,0.422167,0.998912,0.314363,0.0677809
421,806.288,2,5.06577,17.6872,7.50026,21.5561,0.233766,0.351146,0.574645,0.421879,0.998908,0.314369,0.0677618
422,805.65,2,5.06554,17.6888,7.49559,21.5578,0.233745,0.350975,0.574491,0.421656,0.998903,0.314335,0.0677417
423,805.811,2,5.06546,17.6877,7.49529,21.558,0.233782,0.350708,0.574839,0.421357,0.9989,0.314369,0.0677105
424,805.376,2,5.06539,17.6874,7.49788,21.5584,0.23386,0.350447,0.574926,0.421013,0.998896,0.314405,0.0676809
425,817.759,2,5.06538,17.6869,7.50205,21.5589,0.233884,0.350273,0.574476,0.420748,0.998891,0.314439,0.0677157
426,810.1,2,5.06566,17.6873,7.50177,21.5599,0.233947,0.350175,0.575285,0.420608,0.99889,0.314473,0.0676991
427,815.442,2,5.0654,17.6839,7.50292,21.5559,0.233979,0.350085,0.575237,0.420556,0.998885,0.314511,0.0677032
428,814.762,2,5.06511,17.6819,7.5062,21.5534,0.233975,0.350104,0.575697,0.420572,0.998885,0.314584,0.0677078
429,813.6,2,5.06486,17.6797,7.50689,21.5502,0.233965,0.350135,0.576442,0.420581,0.998879,0.314608,0.0676845
430,812.895,2,5.06448,17.6785,7.50927,21.5482,0.233936,0.350125,0.577201,0.420631,0.998882,0.31463,0.0676982
431,816.109,2,5.0638,17.6766,7.50943,21.5464,0.233943,0.350137,0.577625,0.420664,0.99888,0.314656,0.0677102
432,809.946,2,5.06341,17.6768,7.50986,21.5462,0.233977,0.350083,0.577784,0.420628,0.99888,0.314674,0.0677053
433,808.708,2,5.06323,17.677,7.50775,21.5452,0.233968,0.35012,0.577908,0.420596,0.99888,0.314691,0.067696
434,812.426,2,5.06346,17.6771,7.50802,21.5448,0.233831,0.350157,0.578136,0.420651,0.998875,0.314622,0.0677031
435,812.531,2,5.06332,17.6745,7.51291,21.5403,0.23382,0.349956,0.578683,0.420459,0.998875,0.314605,0.0677212
436,804.469,2,5.0637,17.6726,7.51742,21.5366,0.233847,0.349768,0.579362,0.420235,0.998873,0.314646,0.0676825
437,817.421,2,5.06431,17.6714,7.52055,21.5345,0.23396,0.349586,0.580222,0.420055,0.998868,0.314682,0.0676773
438,807.437,2,5.06447,17.6701,7.52312,21.5319,0.23396,0.349346,0.581421,0.419785,0.998864,0.314694,0.06764
439,804.46,2,5.06493,17.67,7.52574,21.5318,0.233917,0.349143,0.582278,0.419545,0.998866,0.31468,0.0676315
440,810.014,2,5.06534,17.6687,7.53325,21.529,0.233954,0.348943,0.583391,0.419327,0.998866,0.314664,0.0676286
441,806.466,2,5.06588,17.667,7.54147,21.5287,0.234006,0.348778,0.584105,0.419131,0.998865,0.314653,0.0676103
442,810.277,2,5.06644,17.6655,7.54984,21.5271,0.234086,0.3487,0.584891,0.419047,0.998863,0.314682,0.0675853
443,803.137,2,5.06665,17.664,7.55355,21.5237,0.234159,0.348621,0.585211,0.418926,0.998867,0.314665,0.0675758
444,814.522,2,5.06693,17.6625,7.55722,21.5205,0.234115,0.348503,0.585676,0.418788,0.998863,0.314598,0.0675982
445,818.776,2,5.0673,17.6593,7.56317,21.5172,0.234152,0.348433,0.586553,0.418683,0.998861,0.314657,0.0676004
446,820.555,2,5.06748,17.6552,7.56932,21.5114,0.234327,0.348233,0.586787,0.418444,0.998854,0.314722,0.0675991
447,810.025,2,5.06728,17.651,7.57471,21.5043,0.234383,0.348052,0.587795,0.41826,0.998852,0.314735,0.0675809
448,808.534,2,5.06747,17.6464,7.58092,21.4973,0.234394,0.347957,0.588302,0.41812,0.998854,0.314746,0.0675793
449,801.924,2,5.06772,17.6419,7.58899,21.4911,0.234356,0.347822,0.588748,0.417948,0.998853,0.314739,0.0675527
450,808.04,2,5.06764,17.6375,7.59591,21.4847,0.234423,0.347695,0.589166,0.417802,0.998855,0.314728,0.0675535
451,802.112,2,5.06751,17.6326,7.60283,21.4785,0.234438,0.347526,0.58917,0.417646,0.998858,0.31471,0.0675493
452,804.952,2,5.06776,17.6283,7.61117,21.4721,0.234526,0.347397,0.589479,0.417483,0.998859,0.314726,0.0675358
453,811.722,2,5.0678,17.6246,7.61892,21.466,0.23453,0.347257,0.589977,0.417343,0.998854,0.314711,0.0675224
454,813.218,2,5.06788,17.623,7.62106,21.4634,0.234512,0.347114,0.589959,0.417131,0.998852,0.314667,0.0675502
455,810.508,2,5.06814,17.6202,7.62732,21.4586,0.234513,0.346959,0.589949,0.416944,0.998852,0.314621,0.0675702
456,809.451,2,5.0684,17.6173,7.6312,21.4552,0.234542,0.346805,0.589929,0.416765,0.99885,0.314599,0.0675736
457,819.421,2,5.06868,17.6138,7.63633,21.4511,0.234532,0.346688,0.590198,0.416582,0.998845,0.314601,0.067591
458,812.47,2,5.06911,17.6103,7.64196,21.4458,0.234522,0.346589,0.59031,0.416437,0.998844,0.314665,0.0675907
459,810.642,2,5.06904,17.6056,7.64722,21.4385,0.234537,0.34648,0.590167,0.416349,0.998843,0.314663,0.067597
460,808.668,2,5.06881,17.6021,7.64984,21.4332,0.234533,0.346428,0.590425,0.416278,0.998842,0.314651,0.0675915
461,810.217,2,5.06869,17.5978,7.65079,21.4265,0.234498,0.346329,0.590656,0.41614,0.99884,0.314632,0.0675935
462,811.358,2,5.06857,17.5942,7.65315,21.4213,0.234478,0.346216,0.591087,0.416013,0.998841,0.314637,0.0676012
463,814.032,2,5.06819,17.5903,7.65275,21.4152,0.234459,0.346148,0.591161,0.415935,0.998841,0.314699,0.0676041
464,814.49,2,5.06816,17.5854,7.65574,21.4081,0.234441,0.346077,0.591196,0.415836,0.998841,0.314739,0.0676164
465,816.786,2,5.06816,17.5811,7.65722,21.4015,0.234421,0.346001,0.591708,0.415741,0.998837,0.314728,0.067623
466,816.653,2,5.06794,17.5771,7.66052,21.3964,0.2344,0.345974,0.592294,0.415706,0.998838,0.314763,0.0676343
467,807.306,2,5.06769,17.5736,7.66168,21.3913,0.234349,0.345916,0.5922,0.415619,0.998837,0.314754,0.0676339
468,807.516,2,5.06749,17.5689,7.66336,21.3854,0.23432,0.345991,0.592224,0.415673,0.998835,0.314749,0.0676165
469,801.43,2,5.06746,17.5656,7.6693,21.3803,0.234322,0.34601,0.59229,0.415645,0.998837,0.314758,0.0675959
470,799.798,2,5.06771,17.5613,7.67505,21.3741,0.23423,0.346029,0.592311,0.415664,0.99884,0.314747,0.0675813
471,810.001,2,5.06773,17.5546,7.68191,21.3635,0.234202,0.345931,0.592485,0.415546,0.998839,0.314702,0.0675943
472,805.194,2,5.06741,17.5484,7.68642,21.3537,0.234174,0.345803,0.592835,0.41541,0.99884,0.314661,0.0675935
473,812.629,2,5.06733,17.5425,7.6901,21.3447,0.234117,0.345749,0.592974,0.415355,0.998837,0.314612,0.0676047
474,810.34,2,5.06713,17.5362,7.695,21.335,0.23415,0.345712,0.593219,0.415295,0.998837,0.314646,0.0675959
475,808.742,2,5.06707,17.5323,7.69776,21.3299,0.234169,0.345721,0.593562,0.415282,0.998838,0.314678,0.0675831
476,804.52,2,5.06708,17.5289,7.70269,21.3245,0.234132,0.345581,0.594097,0.415087,0.998838,0.314653,0.0675781
477,805.34,2,5.0672,17.5245,7.70907,21.319,0.234114,0.345441,0.59425,0.414941,0.998838,0.314663,0.0675684
478,808.145,2,5.06737,17.5201,7.71323,21.312,0.234108,0.345268,0.594406,0.414719,0.998837,0.314657,0.0675684
479,807.11,2,5.06757,17.5162,7.71726,21.3065,0.234125,0.345091,0.594807,0.414511,0.998838,0.314652,0.067569
480,807.712,2,5.06746,17.5131,7.72229,21.3019,0.234152,0.344938,0.594964,0.414316,0.998833,0.314667,0.067547
481,803.138,2,5.06758,17.5107,7.72531,21.2977,0.234132,0.344724,0.595019,0.414064,0.998833,0.314677,0.0675376
482,799.291,2,5.06779,17.5083,7.72963,21.2946,0.23413,0.344531,0.595274,0.413831,0.998833,0.314668,0.0675184
483,810.05,2,5.06808,17.5076,7.73251,21.294,0.234143,0.344465,0.595222,0.413716,0.998829,0.314682,0.0675049
484,807.735,2,5.06812,17.5077,7.73183,21.2942,0.234107,0.344455,0.594932,0.413703,0.998829,0.314691,0.0675043
485,807.222,2,5.06794,17.5073,7.73239,21.2946,0.234124,0.344422,0.594782,0.413682,0.998828,0.3147,0.0674957
486,805.785,2,5.06797,17.5075,7.7328,21.2948,0.234183,0.344445,0.594789,0.413726,0.998829,0.314697,0.0674894
487,803.888,2,5.06816,17.5076,7.73524,21.295,0.234227,0.344508,0.594732,0.413787,0.998831,0.314677,0.0674809
488,808.399,2,5.06827,17.5086,7.73398,21.2959,0.234293,0.344551,0.594463,0.413835,0.998833,0.314691,0.0674864
489,805.742,2,5.06827,17.5095,7.73382,21.2975,0.234313,0.344605,0.594203,0.413907,0.998835,0.314703,0.0674797
490,805.432,2,5.06835,17.5104,7.73303,21.2985,0.23436,0.344547,0.593929,0.413877,0.998834,0.314743,0.0674641
491,808.068,2,5.06848,17.5108,7.73305,21.2999,0.234389,0.344486,0.594005,0.413834,0.998833,0.314752,0.0674537
492,809.714,2,5.06848,17.51,7.73504,21.2988,0.234424,0.344415,0.593704,0.413736,0.998832,0.314741,0.0674625
493,810.709,2,5.06838,17.5081,7.73767,21.2967,0.234445,0.344287,0.59377,0.413618,0.998831,0.314768,0.0674633
494,816.554,2,5.06839,17.5062,7.73942,21.2951,0.234476,0.344178,0.593725,0.413516,0.998828,0.31477,0.0674707
495,807.032,2,5.06835,17.5051,7.74077,21.2936,0.234498,0.344049,0.593699,0.41338,0.998829,0.314782,0.0674744
496,811.856,2,5.06848,17.5038,7.74098,21.291,0.234533,0.343934,0.59348,0.413238,0.998828,0.314792,0.0674842
497,813.215,2,5.06854,17.5019,7.74094,21.2887,0.234549,0.343824,0.593242,0.413102,0.998827,0.314767,0.0675041
498,814.241,2,5.06857,17.5013,7.74223,21.2876,0.234576,0.343705,0.593141,0.412934,0.998825,0.314748,0.0675219
499,826.625,2,5.06839,17.5007,7.74229,21.2862,0.234559,0.343523,0.59353,0.412713,0.998822,0.314792,0.0675466
500,816.622,2,5.06845,17.4997,7.74413,21.2856,0.234573,0.343325,0.593728,0.412457,0.998822,0.314816,0.0675677
501,812.782,2,5.06834,17.5,7.74471,21.2855,0.234595,0.343098,0.593884,0.412189,0.998821,0.314808,0.0675829
502,808.851,2,5.06838,17.4992,7.74426,21.2843,0.234593,0.342872,0.594115,0.411927,0.998819,0.31478,0.0675888
503,809.263,2,5.06837,17.4988,7.74385,21.2833,0.234591,0.342672,0.594388,0.411684,0.998817,0.31476,0.0675906
504,814.659,2,5.06821,17.4981,7.74255,21.2824,0.234578,0.34246,0.594825,0.411414,0.998815,0.314761,0.0676013
505,816.785,2,5.06797,17.4977,7.74129,21.2821,0.234587,0.342239,0.595291,0.411163,0.998816,0.314774,0.0676233
506,822.335,2,5.0678,17.4974,7.74114,21.2812,0.234631,0.34201,0.595671,0.41089,0.998813,0.31479,0.0676425
507,810.925,2,5.06799,17.4971,7.74304,21.281,0.234587,0.341787,0.59579,0.410606,0.998812,0.314768,0.0676584
508,810.058,2,5.06793,17.4959,7.74384,21.2795,0.234563,0.341571,0.596016,0.410352,0.998812,0.314757,0.0676734
509,815.993,2,5.06795,17.4951,7.74478,21.2787,0.234525,0.341401,0.596143,0.410146,0.998812,0.314771,0.0676916
510,814.279,2,5.06804,17.4944,7.74636,21.2775,0.234525,0.341277,0.596233,0.409991,0.998812,0.314786,0.0677045
511,813.31,2,5.06808,17.4942,7.74464,21.2775,0.234542,0.341133,0.596201,0.409846,0.99881,0.314801,0.0677091
512,811.65,2,5.06812,17.4934,7.74419,21.2764,0.23453,0.341038,0.596174,0.409731,0.998807,0.314784,0.0677124
513,822.609,2,5.06809,17.4923,7.74285,21.2748,0.234499,0.340929,0.596281,0.409628,0.998805,0.314798,0.0677331
514,814.453,2,5.06808,17.4909,7.74064,21.2731,0.234464,0.340822,0.596461,0.40952,0.998805,0.314794,0.0677494
515,818.837,2,5.06813,17.4903,7.74179,21.2714,0.234442,0.340736,0.596829,0.409411,0.998802,0.314772,0.0677636
516,820.15,2,5.06818,17.4899,7.74437,21.2701,0.234436,0.340628,0.596709,0.409316,0.9988,0.314728,0.0677943
517,809.819,2,5.06827,17.4901,7.74402,21.27,0.234383,0.34056,0.596709,0.409224,0.998799,0.31469,0.0678023
518,819.286,2,5.06825,17.4898,7.74401,21.2691,0.234357,0.340465,0.59687,0.409136,0.998796,0.314684,0.0678183
519,812.311,2,5.06826,17.4898,7.74237,21.2687,0.234335,0.340363,0.597078,0.409001,0.998796,0.314676,0.0678275
520,812.482,2,5.06837,17.4892,7.7425,21.2678,0.234346,0.340265,0.596841,0.40888,0.998796,0.314686,0.0678401
521,815.02,2,5.06854,17.4874,7.74491,21.2652,0.234322,0.340083,0.596775,0.408625,0.998792,0.314637,0.0678598
522,806.485,2,5.06851,17.4853,7.74693,21.2617,0.234301,0.339907,0.596604,0.408397,0.998792,0.314616,0.0678685
523,808.888,2,5.06856,17.4836,7.74717,21.2592,0.234286,0.339773,0.596331,0.408223,0.998789,0.314606,0.067871
524,806.05,2,5.06844,17.4823,7.74758,21.2572,0.234285,0.339608,0.59608,0.408034,0.998789,0.314578,0.0678797
525,803.922,2,5.06851,17.4796,7.75049,21.2529,0.234261,0.339454,0.595924,0.40785,0.998787,0.314564,0.0678752
526,811.841,2,5.06849,17.4765,7.75419,21.2479,0.234273,0.339358,0.595943,0.407715,0.998785,0.314576,0.0678749
527,805.343,2,5.06859,17.4735,7.75653,21.2436,0.234254,0.33923,0.595655,0.407571,0.998786,0.314568,0.0678808
528,803.745,2,5.06869,17.4704,7.75944,21.2389,0.234233,0.339132,0.595373,0.40745,0.998786,0.314554,0.0678829
529,805.554,2,5.06871,17.4665,7.76292,21.2337,0.23424,0.339064,0.595009,0.407372,0.998786,0.314538,0.0678868
530,812.475,2,5.0688,17.4628,7.76693,21.2284,0.23426,0.338991,0.594727,0.407309,0.998787,0.314508,0.0679107
531,813.042,2,5.06887,17.4596,7.76877,21.2242,0.234256,0.338956,0.594521,0.407276,0.998786,0.314487,0.0679226
532,800.403,2,5.06883,17.4565,7.7715,21.2195,0.23427,0.338928,0.594355,0.407257,0.998787,0.314482,0.067911
533,807.172,2,5.06877,17.4541,7.774,21.2159,0.234275,0.338934,0.594227,0.407257,0.998786,0.314488,0.0679024
534,808.777,2,5.06887,17.4512,7.77851,21.2116,0.234267,0.338879,0.594582,0.407201,0.998785,0.314482,0.0678944
535,810.748,2,5.06877,17.4486,7.78096,21.2076,0.234276,0.338848,0.594555,0.407151,0.998786,0.314469,0.067905
536,806.469,2,5.06875,17.4463,7.78241,21.204,0.234238,0.338825,0.594583,0.407116,0.998786,0.314438,0.0679075
537,809.527,2,5.06883,17.4446,7.78353,21.2022,0.234182,0.338836,0.59454,0.407098,0.998785,0.314422,0.0679093
538,804.147,2,5.06877,17.4418,7.78556,21.1982,0.234183,0.338854,0.594492,0.407097,0.998786,0.314423,0.0679046
539,810.575,2,5.06869,17.4396,7.78615,21.1953,0.23415,0.338859,0.594535,0.407096,0.998786,0.31441,0.0679096
540,804.806,2,5.06852,17.4381,7.78616,21.1931,0.234134,0.338858,0.594237,0.407086,0.998789,0.314411,0.0679164
541,809.414,2,5.06836,17.4364,7.78602,21.1901,0.23412,0.338852,0.594023,0.407061,0.99879,0.314425,0.0679221
542,811.016,2,5.06837,17.4349,7.78455,21.1882,0.234101,0.338878,0.593743,0.407093,0.998791,0.314437,0.0679314
543,812.966,2,5.06836,17.4338,7.78472,21.1861,0.234111,0.338884,0.593784,0.407098,0.998791,0.314467,0.0679277
544,815.557,2,5.06829,17.4323,7.78419,21.1838,0.234156,0.338851,0.593675,0.407055,0.998791,0.314422,0.067952
545,822.074,2,5.06811,17.4307,7.78406,21.1815,0.234161,0.33883,0.59362,0.40703,0.998788,0.31442,0.0679647
546,809.425,2,5.06801,17.429,7.78527,21.1791,0.234173,0.338826,0.593707,0.407015,0.998789,0.314415,0.0679652
547,811.636,2,5.06792,17.428,7.78644,21.1772,0.234217,0.338822,0.593882,0.406999,0.998788,0.314404,0.0679647
548,812.063,2,5.06789,17.4274,7.78494,21.1758,0.234224,0.338807,0.593817,0.40695,0.998788,0.314412,0.0679697
549,814.862,2,5.06774,17.4269,7.78455,21.1754,0.234271,0.338776,0.59353,0.406894,0.998788,0.314428,0.0679784
550,816.108,2,5.06772,17.4261,7.78491,21.174,0.234257,0.338728,0.593319,0.406853,0.998785,0.314423,0.0679851
551,812.796,2,5.06781,17.4244,7.78659,21.1718,0.23425,0.338736,0.593059,0.406854,0.998785,0.314423,0.0679946
552,813.412,2,5.06779,17.4224,7.78635,21.1691,0.234257,0.338745,0.592706,0.406874,0.998785,0.314425,0.068004
553,808.994,2,5.06777,17.4216,7.78697,21.1675,0.234258,0.338761,0.592611,0.406902,0.998786,0.314424,0.068006
554,804.264,2,5.06788,17.4207,7.78803,21.1662,0.234227,0.338804,0.592415,0.406939,0.998786,0.314431,0.0679968
555,809.866,2,5.06803,17.4205,7.78998,21.1657,0.234228,0.338815,0.592143,0.406945,0.998787,0.314426,0.0680087
556,817.071,2,5.06821,17.4203,7.79229,21.1652,0.234249,0.338848,0.592119,0.406991,0.998787,0.31443,0.0680146
557,815.239,2,5.0683,17.4199,7.79569,21.1652,0.234307,0.33889,0.592097,0.407073,0.998787,0.31445,0.0680146
558,806.02,2,5.06833,17.42,7.79817,21.1652,0.234299,0.338938,0.591799,0.407149,0.998787,0.314431,0.0680156
559,803.385,2,5.06837,17.4195,7.79938,21.1648,0.234302,0.338999,0.591663,0.407192,0.998787,0.314411,0.068007
560,800.213,2,5.0685,17.4187,7.80096,21.1638,0.234294,0.339059,0.591511,0.407247,0.998788,0.314407,0.0679963
561,798.653,2,5.06851,17.4176,7.80275,21.1624,0.23432,0.339114,0.591346,0.40731,0.99879,0.314427,0.0679758
562,796.544,2,5.06856,17.4165,7.80419,21.1606,0.234313,0.33913,0.591205,0.407329,0.998792,0.314427,0.0679625
563,803.453,2,5.06859,17.4153,7.80521,21.1585,0.23431,0.33913,0.591126,0.407342,0.998793,0.314407,0.0679604
564,811.237,2,5.06857,17.414,7.80434,21.1564,0.234285,0.339129,0.591104,0.407354,0.998792,0.314389,0.0679672
565,808.493,2,5.06857,17.412,7.807,21.1537,0.234287,0.339086,0.591129,0.40733,0.998793,0.314393,0.0679688
566,813.674,2,5.06842,17.4108,7.80698,21.1517,0.23431,0.33906,0.59106,0.407287,0.998794,0.314403,0.0679791
567,814.506,2,5.06834,17.4099,7.8071,21.1507,0.234307,0.339037,0.590991,0.407271,0.998792,0.314415,0.0679801
568,813.444,2,5.06842,17.4104,7.80774,21.1516,0.234268,0.338997,0.591031,0.407234,0.998793,0.314388,0.0679954
569,825.418,2,5.06852,17.4107,7.80754,21.1523,0.234259,0.338968,0.591042,0.407212,0.998791,0.314377,0.0680206
570,812.384,2,5.06856,17.4115,7.80722,21.1535,0.234251,0.338941,0.590985,0.407167,0.998791,0.314357,0.0680311
571,802.493,2,5.06858,17.4117,7.80723,21.1537,0.234276,0.338933,0.590812,0.407162,0.998791,0.314387,0.0680157
572,800.882,2,5.06871,17.412,7.807,21.1541,0.234264,0.338918,0.590682,0.40716,0.998792,0.314397,0.0680056
573,802.766,2,5.06868,17.4129,7.80468,21.1554,0.23426,0.338907,0.590638,0.407146,0.998794,0.31439,0.0680025
574,802.5,2,5.06879,17.4138,7.8044,21.1571,0.234254,0.338899,0.590595,0.407155,0.998794,0.31438,0.0679944
575,803.799,2,5.06881,17.4142,7.80479,21.1575,0.234241,0.338894,0.590593,0.407163,0.998795,0.314371,0.0679895
576,804.119,2,5.06873,17.4143,7.80389,21.1578,0.234248,0.338933,0.59074,0.407207,0.998796,0.314359,0.0679832
577,809.902,2,5.0686,17.4137,7.80373,21.1568,0.234228,0.338956,0.590993,0.407237,0.998797,0.314334,0.0679905
578,817.121,2,5.06866,17.4124,7.80439,21.1551,0.234205,0.33896,0.590935,0.407236,0.998796,0.314317,0.0680029
