rep,id,eta_Cl,eta_V1,eta_Q,eta_V2
1,1,-0.676423338459515,-0.318697714677918,0.206181726619279,-0.375642264682066
2,1,-0.660275988407541,-0.296655169966596,0.365573748453041,-0.377298716012737
3,1,-0.705674878529536,-0.478277525229891,0.679816624650569,-0.557749910213222
4,1,-0.664495131970584,-0.218134365282009,-0.0461547231200112,-0.255161089478145
5,1,-0.626486709964094,-0.28248021166038,0.548404448266776,-0.340713782243415
6,1,-0.62767324115,-0.413083383726032,0.574350698231597,-0.494314051629419
7,1,-0.672720843776233,-0.487563527076899,0.499002919442432,-0.62851993601942
8,1,-0.632829383999709,-0.345569015696615,0.227056462176572,-0.392190601672036
9,1,-0.670318298329806,-0.277804517602852,0.01809420139135,-0.314811884472158
10,1,-0.612236149491723,-0.422733074940785,0.229946482126338,-0.50356544211409
1,2,0.248146040092212,-0.0798054524465447,0.700938126218653,-0.110194891105423
2,2,0.222379096478753,0.107118742293822,-0.230071157929753,0.122146550065384
3,2,0.235340571650196,0.140137581253155,-0.263174059168981,0.125231662512414
4,2,0.262215675086613,-0.0920567190342321,0.709236019756412,-0.114062228144008
5,2,0.251307306030779,-0.0930296475138034,0.903922710091952,-0.129866770193124
6,2,0.258037117956802,0.234758902500695,-0.0517061558681932,0.284237053220014
7,2,0.247817140022065,0.181427188664142,-0.148811174638924,0.226865914537811
8,2,0.28016217709628,0.00485644928897347,0.325477070228861,-0.0105469303217343
9,2,0.240759469279992,-0.166339147932594,0.756244134246177,-0.208799833833803
10,2,0.224411412519398,0.221573040650324,-0.358663663169911,0.244465808850698
1,3,0.175676405281136,0.027789151040315,0.472807850583203,0.0217730241859078
2,3,0.192654505643996,0.0991874135264471,0.0328194392021422,0.171163424954312
3,3,0.20091278723787,0.22052449419262,-0.0333272725194073,0.269398978875205
4,3,0.170159372623991,0.0821572131581666,0.000520035926704882,0.109845105591476
5,3,0.175080383615327,-0.01095705433651,0.582865840794049,-0.0219837266701147
6,3,0.168759749412184,0.218649136458316,-0.0901696589180437,0.272081333377337
7,3,0.166731817562372,0.266074648863627,-0.593893532500395,0.299570910665013
8,3,0.182208497444142,0.113143410032786,0.0312022473626247,0.138036146490961
9,3,0.206634801859463,0.139037027237042,-0.0770456103018926,0.169543329665626
10,3,0.195325029057294,0.344337423653448,-0.0687234927950331,0.407676317831449
1,4,-0.0408141442933515,-0.0501707899902997,-0.649370269226567,-0.0235740478224505
2,4,-0.00152775875636714,-0.359884351391902,0.51319512327038,-0.448077534177756
3,4,-0.0222988700499329,0.0379699498977598,-0.871867804323837,0.0786899471841893
4,4,-0.00700384667516815,-0.396274556060494,0.863067798687779,-0.443847964087495
5,4,0.0113513414144883,-0.0259659210041475,-0.522595727178705,-0.0123394434224699
6,4,-0.0258867491319565,-0.381316207940781,0.3537982986693,-0.456739661123905
7,4,-0.00870143776971392,0.0436749419813356,-0.849781506671642,0.0803239227708871
8,4,0.00815462725724084,-0.441081307720959,0.869267826503717,-0.51975962308349
9,4,0.00457721273771761,0.0141048367779561,-0.512053107221223,-0.00794194006809045
10,4,-0.0340571112374621,-0.518095293779205,0.932137348100914,-0.612363629691918
1,5,-0.12136011637693,0.113582106054556,0.368931251114388,0.123396628731068
2,5,-0.160565068432782,0.0796546438175307,0.399732435436517,0.118386381543671
3,5,-0.148614770635898,0.197559005267719,-0.160316867797024,0.26334165238738
4,5,-0.100567437681787,0.129706373514937,0.332319699251844,0.159484318120918
5,5,-0.145458564269308,0.0460946776015976,0.491625535785334,0.0407704612239781
6,5,-0.160698074132406,0.100990644247367,0.377474968628868,0.116137293311812
7,5,-0.0993933256030349,0.267881949450371,-0.235025240205154,0.328392152335091
8,5,-0.100268420829376,0.14742247653503,0.86389447324082,0.150794926614821
9,5,-0.117342601115164,0.100168452240288,0.373847097789524,0.133453119086878
10,5,-0.100135104963943,0.0654369208360923,0.232276886225632,0.0689610690072805
1,6,0.156653578287667,0.464411553454554,1.08801130503609,0.584699827048506
2,6,0.136649172776383,0.267700518795685,1.65441374379848,0.337386032271551
3,6,0.137409370233954,0.357699954323103,1.50152949553553,0.42203000046908
4,6,0.0880706713609052,0.219747166887888,1.0109405865024,0.277995058394603
5,6,0.0952863544062392,0.53715193933767,0.400503748269661,0.63742468906776
6,6,0.156254249827989,0.256293601943737,1.47894249977295,0.289196276208175
7,6,0.113064139912579,0.395261945026581,0.522150299911992,0.499272742188172
8,6,0.155895932005674,0.28603797140044,1.35533152831845,0.341153398148478
9,6,0.151821801532118,0.25194769397591,1.40053776340975,0.299367182954628
10,6,0.137819413740778,0.270510994582367,1.4065636540389,0.300547414089735
1,7,0.110538257551166,-0.576462958361888,-0.62702490820514,-0.697620839832402
2,7,0.0735771115277248,-0.475132273131761,-1.11920450006759,-0.589817002471639
3,7,0.0451325781250095,-0.520833724014791,-1.03572777250047,-0.606546195479499
4,7,0.132600431948234,-0.433755723714037,-0.788818037137385,-0.525239293959731
5,7,0.0813934471020345,-0.686084273321794,-0.55095062267183,-0.812082514427636
6,7,0.106554962799802,-0.535809270098772,-0.721380108756702,-0.637058177894563
7,7,0.0955792045117737,-0.424272027253536,-1.11139701960557,-0.49938110273056
8,7,0.129276019428384,-0.513415936847013,-0.676742934812061,-0.596254616335852
9,7,0.110049149416465,-0.53984861439605,-0.746643828958968,-0.628144329061673
10,7,0.128693307809793,-0.645952710920064,-0.315453342703978,-0.757635280807652
1,8,0.223429537658147,-0.0699387905812767,0.157660130629634,-0.0644152708986413
2,8,0.231867409619937,0.0623835401576452,-0.41847421151708,0.0582077415473893
3,8,0.275479408726163,0.218874619225119,-0.357631464606879,0.276216857654366
4,8,0.240319151509348,-0.145276048307874,0.0460368519786104,-0.203349185109955
5,8,0.246863025963176,-0.132110832181812,0.0680452710956287,-0.175609936143352
6,8,0.257474258042802,0.142287214053478,-0.280247297344421,0.183602298944118
7,8,0.270560482086314,0.0722037913897621,-0.288537084543006,0.110229876521922
8,8,0.264171341911779,-0.044301198737137,0.200803250259529,-0.0439352131594773
9,8,0.242809463066516,-0.0982530738602714,0.0303627091994309,-0.107377630936203
10,8,0.222669061207354,0.0362624226713818,-0.241462357866027,0.0245900269878085
1,9,-0.0771030884053213,-0.0608286679767539,0.346325543881993,-0.0862710194844652
2,9,-0.0432463191893237,-0.073148854437661,0.322874516805238,-0.0661595273682942
3,9,-0.0263511649930455,-0.03340755696725,0.329523482020982,-0.0278825640915645
4,9,-0.070230940042608,0.0477347793548798,0.161970638929768,0.0567570515687917
5,9,-0.0511749568821334,-0.140718986955479,0.55602588659348,-0.203109640104275
6,9,-0.0355474187500785,-0.104257528538453,0.8160380398427,-0.117002405471035
7,9,-0.0718040372887572,-0.0673669031236378,0.369980513807467,-0.0852520299998701
8,9,-0.0564934754731553,-0.00824246463042812,0.462208444275878,0.00653714133278471
9,9,-0.0551836433674757,-0.0120353577259965,0.205111826728651,0.0106443836867808
10,9,-0.0540871092828809,-0.0225987617317718,0.640826806012439,-0.0120671737904868
1,10,-0.441690064909212,-0.264600436120344,-0.884756928275407,-0.33774697281118
2,10,-0.45529593348063,-0.0841734797749992,-1.42501170806451,-0.0577011331676396
3,10,-0.456604707120734,-0.0627792667183083,-1.39642375628368,-0.0838829356186633
4,10,-0.407155976956843,-0.614815250469358,1.33759002947295,-0.737814266800631
5,10,-0.388972230400083,-0.36793349823292,-0.14973661396829,-0.449852122713704
6,10,-0.362289855386411,-0.0729668620006222,-0.618931012432595,-0.0785418168743347
7,10,-0.421084496348827,-0.0393607817512635,-1.27948161136033,-0.0784286718422808
8,10,-0.407060323502657,-0.62127408274674,1.10255134467365,-0.72850178584291
9,10,-0.343253426674094,-0.289806976933458,0.319210193537965,-0.346964153748908
10,10,-0.415827432756453,-0.085397152877161,-1.30104521655994,-0.114997853079543
1,11,0.21445944076151,-0.142649809430514,0.833692938637026,-0.166096677353345
2,11,0.211775012978115,0.342217763320565,-0.513081556518597,0.433020611713802
3,11,0.194487056180194,0.252212285738109,-0.608487410361887,0.306064392910562
4,11,0.182947238235767,0.153212601847777,-0.12593903461185,0.164632380528942
5,11,0.237778124635256,-0.0824258421658806,0.822037664140917,-0.110501727471468
6,11,0.216834868135688,0.170348794666031,0.248027010549765,0.187518438589074
7,11,0.194405435296788,0.330834433960842,-0.481753563382241,0.421846877497818
8,11,0.226546336033141,0.179694552136142,-0.160395078267236,0.199170307503811
9,11,0.23105946521774,-0.0606632944933575,0.640597870440746,-0.0388963825339655
10,11,0.194985720270226,-0.0621749162605262,0.43746286288575,-0.091448445156166
1,12,-0.0451329979094569,0.291574615723391,0.0736422746303586,0.342863834020932
2,12,-0.0544731863493977,0.0500659479351378,0.53337784367382,0.0842229910695367
3,12,-0.0651334931945151,0.0461904895621267,0.520490854139553,0.0623899352970231
4,12,-0.0498809529118723,0.32945374016346,-0.100086556932177,0.420618215200922
5,12,-0.046991738034792,0.162787576825106,0.233750266776132,0.181977997079027
6,12,-0.0366150795840163,0.0744714843848694,0.531098967021646,0.0751223342888237
7,12,-0.0238856690339636,0.0617150395806196,0.530381722471148,0.0719503588234247
8,12,-0.0156365879759148,0.0539617889303829,0.631706421771842,0.0697535531382426
9,12,-0.027174464005437,0.260124448761307,0.343179776593026,0.291707896987418
10,12,-0.0666698530328964,0.147684863985007,0.223313390581377,0.178847957318479
1,13,0.0336811575486531,-0.0145334021355535,0.829889118852803,0.00526448802981423
2,13,0.0415551002953558,0.11579466832367,0.0514295678639314,0.101236842897921
3,13,0.0274755248505519,0.026220493889137,0.245545950626984,0.0276123282821805
4,13,0.00767407223762978,-0.124830890190738,0.850813349088827,-0.139059495943973
5,13,0.00142710569422414,-0.0861161515740763,0.230000886648007,-0.077580077143584
6,13,0.047343031512414,0.257978423416593,-0.115325435366935,0.297705431546007
7,13,0.0234674715242291,-0.098164789116345,0.524811723834816,-0.10428335621571
8,13,-0.0120805233268463,0.153932505606421,-0.471308698917695,0.191047667783904
9,13,0.0152494347134217,-0.12735756778036,0.743888468198629,-0.152813135396031
10,13,0.00664545113417012,0.150652979124999,-0.226945522894238,0.181425905733244
1,14,0.108484779837956,0.145020721272872,-1.79274759493557,0.169844372302738
2,14,0.147757267880171,0.195524170619551,-1.78569473167822,0.216723023432132
3,14,0.111383015017202,0.12150680040789,-1.53410097286254,0.115421037507808
4,14,0.190470270134729,0.221356395498448,-0.850388186378082,0.267005652231379
5,14,0.152329918767625,0.200630771288756,-1.84558523169963,0.219016438304488
6,14,0.14532524115881,0.188221631990485,-1.36890631591703,0.212532924001964
7,14,0.120862190541477,0.16952804034756,-1.47510053465278,0.186883034868328
8,14,0.160486265624717,0.117014781691205,-1.21918537767715,0.134203248787602
9,14,0.158844885745634,0.246218386038885,-1.26630559974179,0.283998990199669
10,14,0.18897095911817,0.27028445349129,-1.43168646722066,0.316138571274904
