rep,id,eta_Cl,eta_V1,eta_Q,eta_V2
1,1,-1.0076573672877,-0.493581622371293,1.40196508994383,-0.827122658381228
2,1,-2.49038667892863,-0.319008080640874,2.22859376142129,0.188815351455742
3,1,-0.64565151831843,-0.687399600968068,-2.09444679800093,-0.621147800063322
4,1,-1.04607186575342,-0.341855467673586,-1.49391028163746,1.32851688915399
5,1,-0.850168509329542,-0.0872906319018114,1.14220744920565,-0.886625177368304
6,1,-1.36113167881898,-0.188260800726229,-1.31411439766343,1.21292373542957
7,1,-1.35986544475061,0.908283080801071,-0.840528258459887,-0.469796792122232
8,1,-2.07547699212487,0.709560016710269,0.755626222547334,-0.995056065627012
9,1,-1.81484363446661,0.506687017548084,-0.0225451764500849,-2.37688854349134
10,1,-0.558205302395533,-0.505976605760925,-0.491776485151752,-0.627032276437155
1,2,-0.222184124567511,0.187580843790707,0.0790426885349128,1.71366642094207
2,2,0.182635428356414,-0.327442778323941,0.0113873287707749,-1.61864087334129
3,2,0.429704736541998,-0.0438984127514774,-0.649856772154616,-0.922115202740444
4,2,0.611955561345333,-0.357185094083932,1.75990550690815,-0.943879757929259
5,2,-1.5026913066967,-0.133244130069111,0.266324140080379,2.25791650177821
6,2,0.145738937893067,-0.669916738865051,-0.160199337834021,-0.376955266626907
7,2,0.301915353993896,-0.271205120689028,0.36608036602444,-2.23302636297036
8,2,0.375609150561271,-0.722112176212613,1.07205735846643,-0.664977617922376
9,2,-0.127277918072424,-0.602616665561665,-2.23725337829181,1.80444877889992
10,2,-1.79673047038108,-0.415043542838516,0.30162563005997,2.51878438373157
1,3,0.404525426302098,-0.471303075482783,0.932263035663945,-0.306316675976307
2,3,0.019013674971333,-0.221525764144663,0.237611568044053,0.477734054822954
3,3,-0.0949731082614238,-0.0218751454355599,0.0588577381343139,0.553426291480366
4,3,-0.035249541974877,-0.0123538062869237,0.646123106541218,0.62209981372382
5,3,-0.219264082284522,-0.185882988288002,-1.22869435307849,0.548450088731441
6,3,-2.11312575093089,-0.478711505360627,0.653435337444899,2.01673533537775
7,3,-1.05435074359427,-0.169009749456117,0.247538021081137,1.92214135084624
8,3,0.22901418017721,-0.337730205865258,-0.308038580018885,-1.21446781208964
9,3,0.371561702244325,-0.311365829266579,1.29665345701051,-1.23102894461467
10,3,-1.19351684909016,-0.282447235639812,0.52449786687636,1.43497977801533
1,4,0.127292892982977,-0.36544149796841,0.146915652986787,-1.16609058742859
2,4,0.127814969860957,-0.331374177888374,0.728696723877413,-1.93698437676953
3,4,-0.165107538414015,-0.107142388588941,-0.581793710086478,-0.460204581935021
4,4,0.101664955239739,-1.69200270303005,1.14736750257588,-1.5978970418057
5,4,-0.0320130928492121,-0.087761952956227,-2.51582589426597,-1.98873436603211
6,4,0.0942659776175676,-0.6867507628999,-0.0663470988489613,-1.17014138940514
7,4,-0.214753576736817,-0.56632556057241,-1.48584923886343,0.0224497345706296
8,4,0.0700882724865115,-0.681890611967744,0.0486568766443786,-1.72636962215338
9,4,0.0454953547320474,-0.247202610165416,-0.604187337431976,-0.615423667664724
10,4,0.0531571251412779,-0.371951469691288,-3.82680297423217,0.00727432292591157
1,5,-1.47894106972616,-0.320412869859706,0.735577688292734,1.43924504670755
2,5,-0.180885623654061,-0.435456031535375,0.272010863666143,-1.64015507666888
3,5,0.0538852660397742,-1.77965199532365,3.60341994697392,-1.01187019371741
4,5,-0.679974711631266,0.275709270144193,-0.392703131851994,1.63149839834898
5,5,-2.11820266092621,-0.505937857705846,0.761475374315548,1.38596615074944
6,5,-0.147529935953001,-0.917554690344573,0.480450145008656,-0.566475404803113
7,5,-0.347685414361824,0.728803655100291,0.739674130260773,-0.239203621786701
8,5,-0.335786876301214,-4.43222205114462,0.724984226383877,-0.434504276571967
9,5,-0.324269139501269,-0.232087740387239,-0.688239682772424,-0.898373905134603
10,5,-0.117967752120678,-0.260604952813923,0.509754656117447,-0.164102233282055
1,6,-1.18446652487293,0.436791595421313,-0.0512713897946628,1.3771159014613
2,6,-0.000752344548168693,0.0595561268644429,0.441775654012956,0.0304613050833518
3,6,0.297052538526584,0.240589500013876,0.964036160452416,-1.59872055975391
4,6,0.321252337978556,-0.169528969384917,1.22681381669293,-0.192669262103864
5,6,-0.141056525694806,0.439027208836565,0.461566548473975,0.862869987840007
6,6,0.222241823493584,0.663615147352822,-1.12240266669129,0.440350484170794
7,6,-1.01580418842082,0.23147516272858,0.225787531482239,1.59713711926197
8,6,-0.328745357251354,0.382519520255895,-0.271498039316327,0.386442214305401
9,6,0.14902609126179,-0.941141424478831,1.10430831051969,-0.58926806722958
10,6,0.0227397264076332,0.069975889608161,1.40797660761144,0.294359718732606
1,7,0.112742638998369,-0.407998582681176,-1.55346084673115,-0.472771258785629
2,7,-0.0196431526566544,-0.39356447157726,-2.20283336837164,1.36199381022797
3,7,0.0301803457744335,-0.656454392884095,-0.73816297801194,-2.37252849741148
4,7,-0.818462915279411,-0.187137535774765,-0.750309086673592,2.24137086649868
5,7,0.0826869032701913,0.00660508031150109,-1.35239846195035,0.344421670455531
6,7,-0.161599817768592,-0.362392491130451,-1.39263571107897,-1.12242229863946
7,7,0.233693850881997,-0.139401864207122,-2.92217960215711,-0.61206885327572
8,7,-0.0148930202566256,-0.766182125580526,1.4035578744903,-2.96751443842847
9,7,-0.0679713110394488,-0.356286605476017,-1.13033104480731,0.783977934391842
10,7,-0.832573036487257,-0.595373926182815,0.0208431275113869,1.48622801998413
1,8,0.0919634056926646,-0.303258264541714,-0.29917175472247,0.341491247141073
2,8,-0.325602208852326,-0.00718404878229006,-0.702440488546638,1.93059346381786
3,8,0.321177836153909,-0.340257271902753,0.0419701232144041,0.277821208303967
4,8,0.132170404104676,-0.211274217896186,-1.30443305138799,-0.90370187544851
5,8,0.410679965759067,-0.16790504082077,-0.138364893323796,-1.25068276474406
6,8,0.167524225322871,-0.0858931378268977,1.51701926395181,-4.79690822693572
7,8,0.182980658477641,-0.313026265077128,-0.698704906234204,-0.159310239190338
8,8,0.285804177582007,-0.298525943091985,0.57328729851019,0.108575980575605
9,8,0.412411929365791,0.075670156137555,0.00747095921886494,0.172355742841502
10,8,0.225445039264115,-0.498356740129326,-0.435635313223889,-0.770816334785755
1,9,-1.32612737983137,-0.13547851525203,1.20145783753809,0.989654772857433
2,9,-0.163053806708245,0.0194935582921726,0.0518574273969722,-0.561132050231249
3,9,-0.0407015127504462,-0.700281545756007,0.315860775741399,-0.929208834820786
4,9,-0.403204246043146,-0.952097180713941,0.970445871471708,0.00704759244985498
5,9,-0.0877319854128261,-0.890040155031495,2.14458369361578,-1.26188745680663
6,9,0.0343479370031103,-0.345235001750729,0.439777141697355,-1.27084394886406
7,9,-2.68279175133982,-0.381322257697256,1.81241359938113,1.14678226437322
8,9,-0.169517546187389,0.25409056858393,-0.274479989068428,-1.82108923904325
9,9,-0.0631665758304898,-0.155076450315679,-1.3765064106449,-2.5442815744585
10,9,-0.546037960309027,-1.91245148529823,0.830781188218954,0.442815560215088
1,10,-0.435122971708185,-0.659509234307709,0.18002616985628,-2.2124508628683
2,10,-0.267374117640237,-0.269180390443835,-0.151695120391378,-1.96444437495944
3,10,-0.243706930948348,-2.35214960926509,1.19306946024226,-1.3887161273484
4,10,-1.28130843083356,-0.682400998121666,-0.595563378838373,0.874405071213827
5,10,-0.325634975496961,-0.109216091464925,-2.23019899233696,-1.88527851407097
6,10,-0.210705533282242,-0.559276729548364,1.52913681156839,-0.789497394358407
7,10,-0.351856877031766,-1.25947055114528,1.43529976164995,-1.42962257613676
8,10,-0.283063211431618,-0.71411426628974,0.491316279556258,-0.776695649503776
9,10,-0.216649921196147,-0.662688890570745,-0.00652143181684073,-1.6534270781757
10,10,-0.202037192934722,-0.352594726052312,0.823287179886555,-1.35816683429744
1,11,0.339037206312221,0.238932516610907,-0.545126558855057,-1.75793076927593
2,11,0.238792509220441,-0.668235952225795,0.786055324954396,-1.74099002552049
3,11,0.40087142352946,-0.78943529594153,1.43948449578101,-0.757935656527407
4,11,0.327728201167107,0.285634718641249,0.156658467713775,-0.257165471246329
5,11,0.173666617404185,0.260485498868396,-0.244430105200326,0.417765711955542
6,11,0.182067166395079,0.191705234405582,-0.204517023472095,-0.693568132340177
7,11,0.421235388570045,0.0446368790544406,0.11893799106668,-0.808848146085971
8,11,0.0227827294147545,0.129222285220647,-2.91462494727551,2.7602501794125
9,11,0.195998789311052,-0.196451865098596,0.219412215711244,-1.53375179597099
10,11,0.350149932340936,-1.40503498585081,1.79459829501711,-1.50359011724589
1,12,-0.144311459577762,-1.40719107842989,1.43362380594142,-1.26081327411965
2,12,-0.222468358425293,0.220107710254011,-0.393274089602412,0.464393584631631
3,12,0.200388997928216,-0.687337830107528,1.75064069398675,-0.725690299820094
4,12,0.024373726627644,-0.760599538350721,2.24912807280518,-1.03007565680324
5,12,-0.188085730300824,-0.211508716382314,1.8875776397741,-0.354726965332318
6,12,0.231633694550745,-2.00964676776977,2.69530128094569,-0.587735093354419
7,12,-0.17756462964749,-1.71832133521291,1.17014772571499,0.460491611029233
8,12,-0.263497241985247,-0.793745303015003,1.97842304465199,-0.00398608554427871
9,12,-0.412708898310728,0.451036757777391,1.51934224470654,0.919244746157454
10,12,0.0739852751384442,-0.12996285849623,0.100839875952155,-2.56886948590706
1,13,-0.1113965513694,-0.136210984768742,-1.96952786626743,-1.62519988349664
2,13,-0.296913036731251,-0.306170452058199,0.181548442982642,0.432258395875777
3,13,0.0610022391033466,-0.615642991386803,1.76501361149037,-0.0993217571304926
4,13,-0.608879436527984,-0.468918004126605,-0.0742105235699157,0.570937236209353
5,13,-0.0277296759326056,-0.310680605354123,0.0884500522400519,0.469119917631275
6,13,-0.523129731376061,-0.0352701336787823,-0.368341331497303,1.73065300584694
7,13,0.0283014203209131,-0.115524397157321,-0.077255215070163,-2.06761405610115
8,13,-0.141789613177615,0.321975628834398,-1.81423882396099,1.10397108249239
9,13,-0.0287707383658328,-0.268900895082471,0.26697567503763,-2.64679996347789
10,13,-0.250157756518092,-0.328282462050456,-0.189890881970881,0.380983559107982
1,14,-0.515090310832053,-0.448098515005979,-0.620754934046873,2.23748721395208
2,14,0.267811740231324,0.0965628754191165,2.15798667207786,-1.44689305753581
3,14,-0.381566672216924,-0.0891180423224754,-0.0343297612791964,1.84953359151177
4,14,0.0577756811794658,-0.900647368332277,2.4802488370651,-2.19232864797453
5,14,0.144617164112136,-0.0690098422600401,-1.60320168431054,0.736393057957575
6,14,-0.833623507094251,0.0508950980914769,0.111209211634344,2.26556615008277
7,14,0.0197783262609509,0.0933949242521763,-1.55491967773219,1.53474838666308
8,14,0.323406011525399,-0.250749506272435,-0.00752388386915376,-2.68327928224119
9,14,0.367795008101064,0.138809979562434,-1.06907366339005,-1.17413106158487
10,14,0.00835968102746534,-0.175340118642496,-0.517535436096935,0.854374944392888
