rep,id,Cl,V1,Q,V2
1,1,2.72354279735534,22.7203039971522,3.54170298335529,4.30125685739941
2,1,2.77401337245444,27.1818616816175,2.27407308593554,5.06067915857746
3,1,2.52770554975878,27.4303380901028,3.00127494433996,5.38146929321826
4,1,2.67524415345367,27.7511957482344,3.84454506466418,5.40926097669082
5,1,2.61643978451416,28.1842958472026,2.67224320331211,5.44232530137788
6,1,2.63039596690211,22.6597437518431,1.69652960194059,4.33259630327508
7,1,2.76539860598745,28.2394612936495,2.64108360948604,5.52663319803366
8,1,2.68617830260903,26.2518593199412,3.32729091164665,5.07860720504775
9,1,2.4893554384704,29.2369857970382,1.90143480135478,5.65578259083063
10,1,2.57599072523414,22.4992842215766,3.53285610458473,4.40818373976542
1,2,6.63332243205395,32.0257592082785,2.07560007540262,6.24030957787947
2,2,6.25917562698617,27.4597262210994,3.83439834865474,5.1660947481092
3,2,6.48457188722317,25.7610125422014,3.26993508907297,4.90440564459161
4,2,6.71873162149152,32.4114045795613,2.10227172631087,6.30469480214547
5,2,6.76174632887505,33.0129947027008,2.69784241996173,6.49189391743657
6,2,6.47036034985475,31.5484924571406,3.42528776798681,6.21034735989575
7,2,6.68330630909019,31.118736183979,2.49746740349007,6.03403735096265
8,2,6.6332923786595,29.5157598947727,4.77255045162363,5.7306896491645
9,2,6.41993985202602,30.6613882613166,3.00448796329766,6.02972394269679
10,2,6.53451631984808,29.189852969087,3.66358152169576,5.71590812221399
1,3,6.12716100007475,32.1656851344595,1.22732345785138,6.43822612441714
2,3,6.12061624218917,29.1302921851428,2.63489664823677,5.69286064972239
3,3,6.14411489258992,30.1414873547235,2.1046784694181,5.82637298630967
4,3,6.16273565008745,32.0691696072256,3.23317744211894,6.30507444023403
5,3,6.12445711716956,31.9766181940207,2.89119019865654,6.21052035519697
6,3,6.10598000148294,30.5459329017891,3.33364176935962,6.08728352229703
7,3,6.41957857709968,31.4695618815494,2.85967365363526,6.01946836009171
8,3,6.30811894432921,35.3631901976522,3.74733461555725,6.77027808206549
9,3,6.09376604741235,29.2717076156801,3.88912057750707,5.72546384273432
10,3,6.26428343903389,32.9024385030001,2.17912128683002,6.32676051940739
1,4,5.12753476109662,24.5380969417659,2.3875164548866,4.69466738338594
2,4,4.86522928974134,21.0548922850154,2.60806868300948,4.08659499887029
3,4,5.16796952481905,21.5470219995176,3.00413951544475,4.04598109974249
4,4,5.0579172274741,21.3469849519445,2.26309848177069,4.19133283229097
5,4,5.06186367765237,22.0072096614949,1.73838626328956,4.06923811142945
6,4,4.88871704587881,20.7931778222952,2.1230643574123,3.92709198370315
7,4,5.00949708197919,21.9254003529367,3.58908385085766,4.27177638775234
8,4,4.8858124373289,21.308730168864,2.53302940030211,4.04818792968554
9,4,5.20871265267669,23.4202359124304,4.64787983834111,4.43514367577345
10,4,4.85232230642245,19.2749877979266,3.44105742832671,3.63247621809754
1,5,4.3004345924174,31.1173080515943,3.40359513775646,6.14041478737428
2,5,4.47700498858412,33.9924050295117,4.27632632164025,6.52186445096159
3,5,4.57940798734796,28.8685997109123,4.14744518221364,5.61443695587194
4,5,4.58286529267966,30.1440763324598,2.31421634175409,5.85261429884474
5,5,4.57051397738253,31.4168031750264,3.22494506248004,6.15801516540542
6,5,4.75826383747077,36.2716465986675,3.11064940616919,6.97911710090673
7,5,4.74470184474487,29.1618616805918,6.12606599092875,5.73987978471484
8,5,4.64780208441226,31.378946447667,4.80042766598813,6.05061446650807
9,5,4.42059692347462,30.0302907371058,3.43510604296717,5.87601039078119
10,5,4.60194508649259,32.5811288729333,2.87243507487428,6.35037285265372
1,6,5.94023196319371,41.7202080021298,4.13042284229874,8.20991850479922
2,6,6.21140786114871,46.8571796712711,6.06113888360618,8.84055589840009
3,6,6.15116961631018,44.742991160629,7.21510490445446,8.78211496130551
4,6,6.02420103338498,42.8730459821783,5.72136039964378,8.3846296994203
5,6,5.77211407354013,42.110319955542,8.57314759365711,8.39790090266714
6,6,5.89821023310807,39.712963625562,2.59729048080379,7.95637084675523
7,6,5.9228040967515,42.9465587491752,3.25788503788011,8.3515360433338
8,6,6.01608124358485,45.4377690266114,1.75429672833511,8.69045280604749
9,6,6.1975407960128,46.8684327142978,7.36044068980742,9.06138125920948
10,6,5.87477634985968,43.2091926458885,5.0478992733568,8.48431373185918
1,7,5.72611302273018,15.766843595614,1.2694014774356,2.99546699060131
2,7,5.31775123488759,13.6957320825671,1.19443233463375,2.67552590478209
3,7,5.7754138634764,16.7259247726585,1.77448855482807,3.20847471990245
4,7,5.68929512513047,16.6800090895076,1.05762899672019,3.19873030001072
5,7,5.93541397099937,16.510432457213,1.34492800558198,3.12543196163245
6,7,5.51118827224165,14.9636398633934,1.32959141287852,2.89982646530814
7,7,5.89805823847225,17.5957514691347,1.365342911366,3.40920013558639
8,7,5.74632318959539,16.0700595877867,1.22283290781964,3.10851673767546
9,7,5.74617306510627,16.5776839909408,1.12645055486344,3.26314367033166
10,7,5.69398427221403,15.8825340765721,0.919410530621311,3.06790313654534
1,8,6.56330027597529,27.9835780169795,1.92655616357376,5.3829275021547
2,8,6.54694722644589,26.2522455060158,2.04772471523239,5.01824590343106
3,8,6.79657063426247,28.9112538415391,2.68737259388714,5.67383842388637
4,8,6.18484698332485,27.1847394244044,1.36344799945397,5.25101660311777
5,8,6.71542973041256,28.2343804691803,2.32753738944213,5.56925914205926
6,8,6.88637403165329,28.8408142857924,3.73010239545603,5.63075858107381
7,8,6.6013066989688,27.4482005136588,2.14389205785964,5.35231855946175
8,8,6.39339772598839,25.9697829212288,3.51381159619065,4.89542742955415
9,8,6.50202412637318,26.2970674681953,2.43965777870059,5.02030683853333
10,8,6.432593324639,28.4342434133651,2.66229032844857,5.5095674956679
1,9,4.86683732430919,27.3752901271214,3.72544461398875,5.3952730795899
2,9,5.09351592635188,30.64052966994,5.54117181372116,5.99633722642491
3,9,4.96183927528542,31.8695653524639,3.86500723784042,6.22618892813345
4,9,4.85942831286973,29.5551547990302,3.50478602941383,5.855967005122
5,9,4.82061025769643,29.4746441221165,3.68702145629024,5.67289686595247
6,9,4.82803156669498,30.4453724588624,3.59319607606406,5.9843544126222
7,9,4.75572225653581,28.8595573487713,4.45948845168018,5.67747107842062
8,9,4.90052991817644,27.0667211801691,3.60456908795606,5.06870338990268
9,9,4.75835095210451,28.0978696234587,5.56517004339011,5.53907246380828
10,9,4.90459496579888,33.2936490701463,4.57975865797838,6.19924634501913
1,10,3.44176429626628,19.270040357872,4.02046868780159,3.72927075870917
2,10,3.52776033861005,20.3454328820207,2.15829085294951,3.87738711510945
3,10,3.37318021642323,20.4609984169361,3.0159153599336,3.99104072443502
4,10,3.4789728301633,19.8565441570545,2.63938113294458,3.78706518455572
5,10,3.46185498531494,20.3361913395316,1.06850620781714,3.99001910612014
6,10,3.39411231282474,19.2751018368919,2.63276023424412,3.67752713754367
7,10,3.52174081881979,20.7252373734593,8.78340275282267,4.02778493379128
8,10,3.65548170322294,22.2027502868969,6.11119525942977,4.3414603021322
9,10,3.68229966766276,20.2337117358206,4.44534391391738,3.92373085332986
10,10,3.50368861722675,20.6383134696502,1.79946470865596,4.00410338098795
1,11,6.53437241039809,33.5528587289512,2.78338601996596,6.54089672423525
2,11,6.49046194418431,34.4506357351612,2.34080469246498,6.70527141618189
3,11,6.42483735951134,32.8296698554689,2.44635205030198,6.48635009879958
4,11,6.28392185009857,30.7167324889682,2.17724827677184,5.94396603813259
5,11,6.3596153012582,32.7767257426663,3.17132527535666,6.42032086189849
6,11,6.05849445361222,30.3707666442201,3.34393397163503,5.84084241715928
7,11,6.73959250555077,33.1006379683958,4.89134813358782,6.32683018050379
8,11,6.21398617132119,31.1232843529033,2.13697876676094,5.92059632657946
9,11,6.19151211063102,31.2780100218011,3.02063689189737,5.9867547273557
10,11,6.19866921477871,29.083188741093,8.8838075140787,5.72252557144732
1,12,4.76750923630526,34.530029306101,2.65954100910427,6.89951845486732
2,12,4.87313605606821,31.0988369598865,2.80021641242526,6.05337468056775
3,12,5.00255105193791,34.6530464301211,5.87829785590543,6.65725075392912
4,12,4.91064035536674,32.7172351066446,4.76656511119369,6.33201452432978
5,12,5.02983413994343,32.3834093220278,7.02196808017857,6.26365547588401
6,12,4.91993983885901,29.6667769284175,4.63855129019752,5.83652758104951
7,12,4.94915186682848,32.8402692712607,3.27723864158848,6.40038148751001
8,12,4.93979923828771,38.6396899160816,2.70004757818524,7.3461489875866
9,12,4.86042478932328,30.5958867129417,7.22311091621789,6.08894222334422
10,12,4.86632974442725,34.8553302609309,2.65406440401445,6.73641145702664
1,13,5.23269687963763,26.6847877789305,5.37763473973371,5.1831720517219
2,13,5.29095232693954,28.5463506129732,4.34588992082038,5.48611555005823
3,13,5.10306628472207,28.037420191225,3.28290642929111,5.36364494918945
4,13,5.12199483079225,28.3589116028159,1.75193267980057,5.59322632983194
5,13,4.97762631359262,26.7739835454623,2.52757299519029,5.15803750696926
6,13,5.29697946518721,31.9620947419456,1.38028868458186,6.20575273717318
7,13,5.0754488641224,28.9409670482732,2.22674794578842,5.66041011395568
8,13,5.36419043092854,31.1490435892538,4.3029924224162,6.07126119958478
9,13,5.26529738345261,27.3052148242009,7.39064860724062,5.25427710770797
10,13,5.26575534400301,32.4345456402574,4.18538084112293,6.3578039823197
1,14,6.17369867348338,25.9782689462567,1.81191371984183,4.93655673950506
2,14,6.32034653904742,24.352263852589,1.82766408525244,4.76505186316052
3,14,6.3064209417913,24.047346770943,6.96450077098855,4.56839699916815
4,14,6.49362223392418,27.6397140310723,1.53550883344373,5.36632406691507
5,14,6.19712621943061,24.1630607677692,2.57949197787271,4.7761629933492
6,14,6.10718416472929,24.0492078692381,2.27365545946163,4.6429840074401
7,14,5.92774411297693,25.8120630740315,1.19916123079625,4.96856833244014
8,14,6.40776851132289,26.6486458170783,2.42619540319761,5.15609207385713
9,14,6.33770326547356,25.929494961987,6.00048809114844,5.14068430071433
10,14,6.33875132508308,24.4372917099504,3.48639971251116,4.69335550331077
