rep,id,eta_Cl,eta_V1,eta_Q,eta_V2
1,1,-1.12029312468172,0.827477794226623,-1.09944649401358,-2.85817988363093
2,1,-1.11862928699264,0.0809220162756754,-1.95020428011278,0.708281598375933
3,1,-2.24188453831055,-1.49131505208133,1.72868835252295,1.92255464539688
4,1,-1.46530010591807,-0.115431820107131,-1.80030116466162,0.229241693739423
5,1,-1.28905798509857,0.0644908900161992,-0.713553160041563,0.278242190079685
6,1,-1.19550677329449,-0.624608936953208,0.239695459309725,0.413683700773006
7,1,-1.47884152554396,0.701262993938923,0.783171019129137,-0.00306393962592693
8,1,-1.06504964357745,-0.320652130032931,-0.373897322918189,-1.10055150187628
9,1,-0.930501954296866,-0.677955515480542,1.61756875692918,0.297168444975022
10,1,-1.29031463822195,0.34445315934005,-2.45155545278049,2.55705309245577
1,2,-0.393090673297487,0.373572902774895,1.67235715372477,1.35705265419724
2,2,-0.267372667287133,0.248032559741883,1.28890857786878,0.688582064459277
3,2,-0.115512167854388,0.150438040057281,0.56377240895601,-0.826985385462527
4,2,-0.044571496800099,0.108196109035434,1.65775838640108,0.148373684176227
5,2,-0.226172947587088,0.0459304620862269,1.93551890070632,-0.0966401658019876
6,2,-0.27029883853993,0.0436121197956505,1.76013902070873,-1.06031049708267
7,2,-0.0448110785868571,-0.324788956788035,1.47432089416274,0.140438747139521
8,2,-0.243253161155765,-0.0430932888604628,0.703210452058796,0.896246740345776
9,2,-0.070135993116314,0.428493057695315,-0.117962607069815,0.403166714491275
10,2,-0.0623587538442072,-0.107177188881714,1.32046482487715,0.0344081704466147
1,3,-0.201368504800683,-0.00286509737131822,1.25109077303068,1.42518732503596
2,3,-0.315166771015129,0.278613121985002,0.7922865045719,1.38316236481973
3,3,-0.282033506383938,0.328281583489776,0.735943566346879,1.7439568134517
4,3,-0.192951391100815,0.316786111591658,0.7283844097572,0.348023094814239
5,3,-0.162544649931715,0.0322826509201601,0.94940239765495,-0.485131972110663
6,3,-0.0850823550735277,0.766172074153411,1.25069322566112,0.27120926025069
7,3,-0.190507396439495,0.344650557610102,-0.216808442522896,0.213180317954255
8,3,-0.317464801216711,0.338701110731284,0.954935303681187,1.76364833609294
9,3,-0.0921295574565696,0.333759408340795,0.257748800131203,0.573756373521345
10,3,-0.173680146492122,-0.0280040247821986,1.37969224372111,1.24470656260373
1,4,-0.456948622288429,0.262363899834948,-0.18935889123771,-1.30623297699641
2,4,-0.359319891480762,-0.065861274266678,1.53202635731832,0.358605453242889
3,4,-0.482945556910547,-0.220832384082574,0.979631582229971,-0.48618637129319
4,4,-0.469158175448664,0.148668955471242,-0.704243811628312,-0.341334240959417
5,4,-0.291037736151579,0.0795732237655743,-0.0255102329530198,-0.567067362857859
6,4,-0.538352475620372,-0.0458723220814435,-0.266560965456453,-1.72349219279244
7,4,-0.542215110140935,0.161563063033743,-0.977220456282181,-1.13357277228006
8,4,-0.334299947018678,0.149293356530017,1.03276728962959,-0.259117946140081
9,4,-0.621047344638944,-0.283133768038484,-2.29757528061021,1.08871725471544
10,4,-0.517921134861279,-0.304771852051531,-0.309814044573237,-0.25863259996935
1,5,-0.455332056581176,0.783997698925896,3.57723487482934,-0.567640586774185
2,5,-0.592759952830454,0.189772776241701,0.70114060072058,0.526799642047818
3,5,-0.594032918079596,0.47870648660363,-0.85155106251986,-0.609103275262065
4,5,-0.493677254360574,0.434726309048572,1.94331803023947,0.260457675402993
5,5,-0.688138280233008,0.176502532611556,-0.17462030175379,0.556220142500879
6,5,-0.637759364146335,0.000668818764572671,1.30708320208894,-0.368314212343991
7,5,-0.617288774800659,-0.0697173795883088,1.45923855906207,-0.784827409699288
8,5,-0.466601068402067,-2.27506343201572,1.6232164614307,1.14295815878563
9,5,-0.475218962372968,0.015274233452148,1.84643679833007,1.11216663190888
10,5,-0.579300123467671,0.465525510938986,0.328399892837933,-1.07105008083065
1,6,-0.383888212743151,0.778334119377722,-1.31223192202052,0.0859319248699058
2,6,-0.331654637254841,0.431451552904766,-0.120469330783432,0.459661485969213
3,6,-0.205456189716661,1.13313700212734,-1.52424221693701,0.242432378130177
4,6,-0.413674614133958,1.38633125669047,-0.0949359372164795,1.77452590619341
5,6,-0.199355296112729,0.924579402606257,2.35856560469462,-0.296563002405723
6,6,-0.120744346527312,0.770572021065296,0.0233669557491843,-2.16049576484906
7,6,-0.288119204947575,0.798156904470545,-1.64700389561331,1.39527701734991
8,6,-0.229442059744013,0.777551541843271,1.35655903768281,1.16276606983139
9,6,-0.19949409097255,0.684508915804097,-0.980210112844641,-1.12025038760886
10,6,-0.333338369515597,-0.0686671346288424,0.649987012972152,-1.12933546355182
1,7,-0.218546769220048,0.271849713237648,2.24763121362407,-1.30022594789592
2,7,-0.402577412881136,-0.178627377812317,1.25848414310392,-1.45588022101455
3,7,-0.713165308474649,-0.231526370641185,0.408626043376189,1.45956075661774
4,7,-0.349815143616147,0.0403243491382164,-2.17895453258967,-0.561874150169329
5,7,-0.263049557149648,0.321867083775383,-0.297906949854521,1.05116493032737
6,7,-0.808240342579538,0.13339214131185,-0.0975606875201861,3.57678211729942
7,7,-0.209626653643023,0.655134455669127,-2.62845414327848,3.5246428289785
8,7,-0.434493758007668,-0.173018754650517,-1.46388795136608,-1.85018008709422
9,7,-0.299787755779222,0.260560548703626,-2.24197693239773,-0.438095803858935
10,7,-0.188300574006669,0.580473005684452,-3.99816617495059,-0.816977871820421
1,8,-0.440529873178174,0.148575517283946,0.781280620330973,2.30612661242586
2,8,-0.420584340618288,-0.363854553110699,2.51138021553287,-1.86054378483376
3,8,-0.235324634127912,0.313593951753875,0.340448056429762,1.09672846848991
4,8,-0.274132878679867,0.0933743669139275,-0.602775081649074,-1.79997917011266
5,8,-0.163511691185006,0.296078982846541,-1.50029930328819,-1.19290227102762
6,8,-0.331763115488359,0.445221023491868,-1.11475188903249,2.27519101041903
7,8,-0.127440741744848,0.28768581005838,1.56021099511731,-0.988424395543398
8,8,-0.24143696224458,-0.623503917009989,0.629707284611606,0.0048754212687574
9,8,-0.0852004488839677,0.104943144805621,0.431047200270473,0.194342383848423
10,8,-0.190757770521283,0.442751889218857,0.629168065398145,1.37261809216279
1,9,-0.290696168219004,-1.48078653920487,2.62615504887666,0.959647634292529
2,9,-0.400109878115743,0.404555698834597,-1.75434881740814,1.00020034506699
3,9,-0.385976638067083,-1.5602379739718,1.88817494276638,0.900052941511486
4,9,-0.462862463652426,-2.25789903592942,2.40720833042655,-0.0882415800319875
5,9,-0.406600188706864,0.237670370431333,-0.74156223075687,-1.64906766395085
6,9,-0.516812555874745,0.462555724238434,0.640311888087014,1.04672245472966
7,9,-0.664141292097121,0.460055516245204,0.966241494163026,1.3926298644432
8,9,-0.652189074585233,-0.624261334173444,1.02146322589394,0.445277966573057
9,9,-0.638141757102467,0.160044880397078,-0.988339473722955,-0.728944980342969
10,9,-0.509374027915402,-0.872106145232958,2.43542701836378,-0.307703275812645
1,10,-0.900888672292432,-0.536904953571464,0.986526533428295,-1.71100657787231
2,10,-0.821635968666358,0.0054107214314259,1.04809464184474,0.609314714272917
3,10,-1.72124425970065,-0.152288512965987,0.440430701124736,2.28122590960191
4,10,-0.871425950910139,-1.04567532077528,1.41550570977031,-0.632106482823677
5,10,-0.893044519155493,-0.0521570182944691,-0.447040034101861,0.925362175144154
6,10,-0.788923170375041,0.40817140473463,-1.66612355701664,1.56824539178299
7,10,-0.786666831761138,0.0819862095728437,-0.235760841076659,-0.519517459237588
8,10,-0.804905325869888,0.489835484211868,-1.47816593346414,-3.94671232335785
9,10,-0.793105369524011,0.140992945153188,-2.90875183335201,-0.928875291490478
10,10,-0.702856749928737,-0.832667735148431,1.64716220834198,-0.729159369937232
1,11,-0.316577290587697,-0.11939800179857,0.295321157660568,0.0599001895810665
2,11,-0.128589147938121,0.83250425100192,-1.14230228631929,-1.01965874569919
3,11,-0.142284456009863,0.0847073532869321,0.778547575109847,-1.11499383354084
4,11,-0.147092363069239,-0.191706070762431,1.88694350317698,0.330184013214055
5,11,-0.216527873180974,-0.781084994361597,1.97520641532764,0.170045199629251
6,11,-0.701905463310125,0.700470964649915,1.15797831766669,2.3875061782758
7,11,-0.0119929777895296,0.153356419445466,1.63914819862865,1.03147154704943
8,11,-0.323282253404702,0.809968932684513,-1.41806952895681,0.801199980299639
9,11,-0.140357089824995,0.387829439428123,0.251521935756711,-0.919514208762038
10,11,-0.4316300920506,-0.516481061350248,0.130874007139991,-0.124097435374976
1,12,-0.538216664664256,-0.015888339245731,1.03882307746061,-0.631960893918545
2,12,-0.467169794687353,0.688687825333629,0.417821108573551,1.91372938177523
3,12,-0.528649251739898,0.564952637292252,-1.20702566852344,1.17193624067814
4,12,-0.408354289801652,0.16862077407313,0.738014587265685,0.877406087102153
5,12,-0.975378645595666,0.159387136749504,-0.89644206453028,1.445587453238
6,12,-0.389086365139543,0.716226602113597,-2.00711976435253,-1.49511074221724
7,12,-0.633580584397609,0.704855823428831,0.215467151215365,1.06387754521189
8,12,-0.451796129731789,-0.0141176136589207,0.735431240934357,-0.850447775597446
9,12,-0.851600514881666,-0.28749386582369,0.0855647476354142,-1.17806761325078
10,12,-0.422277600125809,0.436744624188809,-0.129905404128773,-0.395854459810272
1,13,-0.392067247408333,0.419426880780837,0.212800308783838,-1.85510718021979
2,13,-0.35901606429859,0.510131000886034,-0.161016760697675,-1.64123535431627
3,13,-0.433451713282267,-0.999731293242471,2.90074981426178,0.012106596495988
4,13,-0.346061596888499,0.649877621319814,2.12326015743652,0.0149881308102151
5,13,-0.172371820373787,-1.50322668874137,3.05055510523321,0.650375945505919
6,13,-0.395351764222782,0.15888002122714,1.11698152013924,-1.60327865078214
7,13,-0.715160297367643,-0.184419467016808,0.106616337395044,1.33822050533728
8,13,-0.384140464173637,0.511597694211935,-0.0495295445056665,-1.08612791671313
9,13,-0.631335251643685,-0.214557153756316,0.889722713680519,0.868074941482851
10,13,-0.333822361218871,0.436590761136494,2.17876281376935,-0.146716918232473
1,14,-0.398043990006934,0.128726420830034,-0.146055267705901,1.19392396459938
2,14,-0.222481899839194,-0.620163292517384,1.86045470927641,-0.296530017181258
3,14,-0.234201365168374,0.624842835669746,-1.76073920960444,2.02191319199199
4,14,-0.174381616202088,-0.121830217548109,-0.316108201388733,-0.0189793059796337
5,14,-0.32774129910137,0.211498778376981,-2.6348678452085,0.798792556422522
6,14,-0.312310728594094,-0.730778532617204,1.05087582092317,0.568392868759169
7,14,-0.296038007450926,-0.255676892288951,1.54762640031023,-1.34764159728989
8,14,-0.407551531896194,0.0646609195448257,-1.59162161260838,-1.90477004295012
9,14,-0.314281318957379,0.439820246826339,0.325882155024109,-2.83471448658578
10,14,-0.156595844526863,-0.262332605509972,1.08266345291305,-0.769112377597459
