rep,id,eta_Cl,eta_V1,eta_Q,eta_V2
1,1,-0.0250012542502471,-0.141930783531738,1.01272807282033,0.138434352474312
2,1,-0.0677378631353269,0.131556786624404,0.114100882080739,0.103912755149631
3,1,-0.0607669952773828,-0.0497282925231581,0.336848979339039,-0.0449240752058171
4,1,-0.0835735658017152,0.0949422993804268,-0.082512256368819,0.214643083782777
1,2,0.172155566284365,0.206639041329594,-0.581773413647364,-0.103273249774374
2,2,0.192459280145227,0.130653174177662,-0.283473589239279,-0.0527735747463542
3,2,0.155040908569237,-0.0269702149348152,-0.14845041520329,0.0479634838266829
4,2,0.205398541950945,-0.0317894274774617,0.0272135243022538,-0.0822764466956625
1,3,0.185198450235161,0.00370022207684784,-0.25533631788994,0.0273564324530335
2,3,0.18717410113535,0.0390746721944999,0.00834480607929677,-0.299834340123471
3,3,0.214172392542475,0.173718993568933,-0.492729832497642,-0.0997687963721248
4,3,0.215970328673301,0.0412761438275555,0.235818637998788,-0.14661757292739
1,4,0.136558145214992,-0.0136531033772025,-1.23560704873503,0.22017108868468
2,4,0.162940105052972,0.0829038149172643,-1.42915510827936,-0.0201248272429666
3,4,0.106387104154833,0.000359635782406276,-1.22598343640588,-0.177207772045629
4,4,0.141415211154262,0.0523154006396673,-1.18636056586657,-0.199921391762572
1,5,-0.033334562001309,-0.227001102142309,0.589428784720241,0.210414332501855
2,5,-0.0488025856015462,-0.0263853979070454,0.458058943548034,0.171048255801708
3,5,-0.0659502830694256,-0.0581715444678088,-0.143951543398052,0.188991039104319
4,5,-0.0306531801419245,-0.218343349948386,0.305172593158539,0.0796675345381486
1,6,-0.0294859763394668,-0.136308149822308,-0.478607795338188,-0.313466145020795
2,6,-0.0163376248407539,-0.0460403173832598,-0.497817517763444,-0.244546804553739
3,6,-0.0203232767028476,-0.0098759025832198,-0.50302874166933,0.266695856580145
4,6,-0.0438615081949494,-0.0548272763145135,-0.81824675597278,0.163002946352447
1,7,-0.00585503658037556,-0.00532102147579261,0.0386566617515838,0.052894478560793
2,7,0.0328367338076099,0.00283819446106248,0.178608383710411,-0.355483913321272
3,7,-0.0104474715052243,-0.11160729194782,0.158231387947308,-0.102218708433765
4,7,0.0502535049867414,-0.115264918723278,0.637150572596608,-0.146305679218854
1,8,0.192481139779608,0.137003355684311,-0.327792037947738,-0.112193090319058
2,8,0.211406898760275,0.0273430270204962,0.0986687132117239,-0.228438640563427
3,8,0.213696578882745,0.0520634891486997,0.286040167520117,-0.201515320033605
4,8,0.202796667140936,0.0670023414186289,0.0424134778436778,-0.0345648669361327
1,9,-0.0854797884768739,-0.0340367563685526,0.334003563534087,-0.0566848729415077
2,9,-0.112827441198583,0.0117256294037515,0.210178626539016,-0.179550243084775
3,9,-0.155998104499699,-0.0527596062185043,0.214662886914711,-0.266651690583725
4,9,-0.141244482319431,-0.106005917840835,0.267765542325095,0.00183604163268303
1,10,-0.00906291319960184,-0.0228287905878282,0.509050920153937,0.200841525328063
2,10,-0.031036453403626,-0.0853600084189843,-0.025379993267622,0.142815512979238
3,10,-0.0389962078733537,0.034540362892074,0.247802663677551,0.236357573617378
4,10,-0.11514763605916,-0.0744708573224555,0.186680645032128,-0.130672757109599
1,11,0.111435486854835,-0.0776621464788962,1.37759044791055,0.0817798407308974
2,11,0.107936544837389,-0.0242845367446125,1.43903758388074,0.163766350318513
3,11,0.0903776191277572,0.127620663081464,1.00940772665542,-0.195158607553127
4,11,0.1365657928732,0.184135367823723,0.853777862157228,0.0387269230960374
1,12,-0.715439497238268,-0.27343030063594,0.314737185229024,0.0283082599977957
2,12,-0.68979788214157,-0.174555584116599,0.375417398181103,0.233497912657165
3,12,-0.780306379017702,-0.163579668667518,0.297924484453536,0.361737302161167
4,12,-0.717115214965931,-0.0935440762359829,-0.303151558402889,0.117284729634085
1,13,0.222884255974753,0.115795381623977,-0.142818712151031,0.0511601686390826
2,13,0.247615840704407,0.103818827761977,-0.491329906039561,0.134993877815417
3,13,0.234185476698802,0.0742447381097691,0.0338140688847832,-0.314681441148405
4,13,0.184980444723455,-0.0496349458370458,-0.424137859482281,-0.0595938211274749
1,14,-0.0698718630424229,0.0239147141488734,0.343913591487671,0.079212643996863
2,14,-0.0696577229584183,0.121152324504752,0.186992463551566,-0.0214204995030034
3,14,-0.0662791238352769,0.120918951989465,0.141770347808956,0.272804993492167
4,14,-0.0300341014596928,0.126594270069632,0.103390520940654,0.149499806615944
