rep,id,eta_Cl,eta_V1,eta_Q,eta_V2
1,1,-2.16158486878627,-0.171922440615611,-0.453643952103355,-0.175390351272151
2,1,-2.13473741489933,-0.282188883543541,0.0850262647821265,-0.245037257779729
3,1,-2.10517979346833,-0.275521793913786,-0.408529633084253,-0.300782995542171
4,1,-2.06381688002486,-0.208855625359703,0.122275416378039,-0.22290126032373
5,1,-2.0670054030881,-0.42458673757541,-0.157851907255411,-0.413177855198723
6,1,-2.08729056806963,-0.359923109490275,-0.0808521489030608,-0.350837517253558
7,1,-2.12016677979555,-0.233458375968406,-0.449776766023269,-0.222801044771103
8,1,-2.15247365301654,-0.167385343525848,-0.537805405726329,-0.177690109449163
9,1,-2.14751524282626,-0.311022728209233,-0.55046405906603,-0.324081948306797
10,1,-2.1083460383595,-0.392994152535961,-0.414663478891547,-0.405745665352888
1,2,-1.21778224640592,-0.0501018424473914,0.0781178670582512,-0.0717676255548459
2,2,-1.23002091503,-0.184529652295818,0.161588443647746,-0.200044403623623
3,2,-1.25288951187886,0.0281975159753989,-0.683751088207728,0.047318712467178
4,2,-1.25541664034725,0.0781544000374748,-0.638465390131206,0.079050500547098
5,2,-1.21197441289645,0.004876280897467,-0.52186441553116,0.0201903689975282
6,2,-1.20021251661741,0.036783118390715,-0.349588671008036,0.0382920872953866
7,2,-1.17152742868238,0.11962082882006,-0.261327417999761,0.117896318983324
8,2,-1.21189036329585,0.0957713068025261,-0.72633694709091,0.125507912440339
9,2,-1.21145543804614,-0.0356181326575592,0.161935009513513,-0.0221236903921186
10,2,-1.22376953666019,0.0488109212995715,-0.777813469311398,0.0488441857745432
1,3,-1.21448998270064,0.283054429729246,-0.561165507682658,0.276322383043376
2,3,-1.27133167143962,0.360178758729328,-0.886119167258025,0.322503434318726
3,3,-1.2435042891892,0.212829664247316,-0.551127043607241,0.199961485285869
4,3,-1.22587929210658,0.238727304187228,-0.630121516692721,0.201238107287161
5,3,-1.26331099995466,0.245843355956618,-0.545585509672183,0.251805241241329
6,3,-1.25797219286922,0.219727698802992,-0.653055035646558,0.229091503356012
7,3,-1.30457013500562,0.117679209060927,-0.61895641177004,0.140611144431639
8,3,-1.30229370399643,0.220968553051769,-0.836398407260834,0.215339067890153
9,3,-1.24571848545313,0.30158360178919,-0.667430124483354,0.34289302788674
10,3,-1.26796280468567,0.212121216205092,-0.577511995515643,0.226902063307715
1,4,-1.48789815225571,-0.325883226830718,-0.5848019214848,-0.352488756995043
2,4,-1.49174014950971,-0.602116469447263,0.491763317038416,-0.599509905486118
3,4,-1.4769930433955,-0.403722387458622,0.0950211149229895,-0.435899680156621
4,4,-1.46808082748418,-0.345339456753253,0.147411522402408,-0.348382861742138
5,4,-1.43798008621915,-0.343924380979062,-0.0457833757472327,-0.362270232996225
6,4,-1.48595996096277,-0.460277213075463,0.111956600744467,-0.470320280315605
7,4,-1.4844291958854,-0.448711621356603,-0.136226714643713,-0.459928822134592
8,4,-1.47508810855473,-0.455331547234676,0.177554979557685,-0.468219856178253
9,4,-1.48001115516952,-0.458852921586853,0.0584258313967423,-0.489429045166287
10,4,-1.4431551555078,-0.350550632279828,0.343651062481797,-0.352593197387644
1,5,-1.57856676306333,-0.0362159393175056,-0.149171253402825,-0.0252444896838232
2,5,-1.58718355752637,0.0652275695508021,0.0728715400107611,0.0786468266564035
3,5,-1.58669241258641,0.188602688282831,-0.554527590927907,0.178700621522519
4,5,-1.59273759967629,-0.00873282144022242,-0.232545113250942,-0.00292931036115968
5,5,-1.67715730912171,-0.119882910766015,-0.702810949267348,-0.103774564395534
6,5,-1.56883389247286,0.0241175451002396,-0.17370546802836,0.000363527713477844
7,5,-1.5579511693319,0.203514333743535,-0.42663793144351,0.20425588555791
8,5,-1.60571903439582,-0.0177336722953687,-0.405253384303111,-0.0320019791997183
9,5,-1.5720998075752,0.0244712413878809,0.296160600890752,0.0149156258991758
10,5,-1.62937750765645,-0.00244199587661992,-0.265783781231506,-0.0179987010440783
1,6,-1.29716695475494,0.37086163155922,0.538951809623093,0.387481839346346
2,6,-1.36716636375156,0.470828668360328,-0.0775148612247323,0.47094163945632
3,6,-1.31704467830073,0.290894609618548,0.660207055760678,0.28203423277641
4,6,-1.30370672200455,0.358427274485598,1.04568552891775,0.353280257177437
5,6,-1.33744887441685,0.251625927367988,0.603398001181772,0.263655783257619
6,6,-1.30757236148604,0.564019378026576,0.322653229567818,0.576897864767944
7,6,-1.31499834016322,0.367877523989935,0.473437717535486,0.355160250027563
8,6,-1.32269951015418,0.450435803995211,0.396865142592079,0.457302464922333
9,6,-1.3192972582884,0.240623249788069,0.789609723582099,0.270920371032812
10,6,-1.30970572399041,0.723543575788221,-0.0748293254355859,0.728872098498573
1,7,-1.32019672213268,-0.558501782232139,-1.36216431734481,-0.57357630921397
2,7,-1.33021542551752,-0.437342655298023,-1.45720073492648,-0.470792746800034
3,7,-1.35343541594154,-0.703979958031588,-1.15530189109594,-0.714718216029105
4,7,-1.28955497332996,-0.469965079448799,-1.14835382823213,-0.475341564683204
5,7,-1.28128170001539,-0.374597675955608,-1.228611118988,-0.378097543859393
6,7,-1.29651285359134,-0.409927884434548,-1.41777187294478,-0.406910433372085
7,7,-1.32314364013316,-0.748235989532578,-0.739739809095109,-0.764008986235974
8,7,-1.41749151333763,-0.536931004566881,-1.76112794929094,-0.556500791944513
9,7,-1.40014767704975,-0.555666764063297,-1.63361462571499,-0.577920505093605
10,7,-1.37379803596038,-0.501534911325237,-1.61497249976159,-0.511523853318735
1,8,-1.24958737296146,-0.219055671469891,-0.299282427907882,-0.215584903604197
2,8,-1.26168590475474,-0.144313792127413,-0.508444697490077,-0.128665134502883
3,8,-1.17418585589616,0.00145899245687461,-0.393755385318239,-0.00995084146995358
4,8,-1.21796408607463,-0.184508840615884,-0.20879746292174,-0.172023419819651
5,8,-1.22058888051548,-0.132652625815556,-0.455740098250523,-0.145335982917612
6,8,-1.20872939998266,-0.142378671898366,-0.146685227993302,-0.131049672783938
7,8,-1.20914360829064,0.0480538536914274,-0.787235396531123,0.0430841445246648
8,8,-1.19870549509869,-0.132780802615449,-0.313864958537741,-0.149326166791322
9,8,-1.22123147169856,-0.224949748854049,-0.06879302834102,-0.216355785719248
10,8,-1.25709649000493,-0.109287478945188,-0.641801269644134,-0.117880825472029
1,9,-1.52144196377968,-0.144077122571755,0.107672414872888,-0.140143459268846
2,9,-1.51159473628291,0.0398758880790718,-0.393948714110933,0.0339151446985269
3,9,-1.47203574081384,0.0483832170040364,-0.408238893105764,0.0465616607641634
4,9,-1.51618959487755,-0.041736127128244,-0.308306094523918,-0.0356344733543478
5,9,-1.55017000706532,-0.0783346517489545,-0.268518579291945,-0.0654893042435465
6,9,-1.5232106451185,0.0878872823707383,-0.307874052151319,0.0954791888834634
7,9,-1.51448876739616,0.120452167886067,-0.362053735554757,0.129346141849524
8,9,-1.45568006859291,0.0245110527251789,0.354822344835072,0.0122159252165502
9,9,-1.51378414780061,-0.0123778024596002,-0.226624700284971,-0.0164223876889793
10,9,-1.55407830741577,-0.0283407098823367,-0.22715700914169,-0.0343175767779141
1,10,-1.8725003855088,-0.571842711367897,-0.117183748007752,-0.598329275188194
2,10,-1.88447674173177,-0.360705957325836,-0.126682454854879,-0.392094080086642
3,10,-1.83207347725955,-0.465645656007374,0.122339794771138,-0.48557670399844
4,10,-1.87057018651956,-0.390149256702058,-0.54989021675519,-0.39179147959416
5,10,-1.87505607714213,-0.578195607264483,-0.306108948609463,-0.597116606351864
6,10,-1.83354487262126,-0.387088547577601,-0.506355868261739,-0.364394408386885
7,10,-1.88827861179981,-0.724128739643565,0.0210998984823138,-0.726325777347454
8,10,-1.83135811319188,-0.462047756031783,-0.263880653603178,-0.464846521292061
9,10,-1.84360578746071,-0.609289589214311,0.48314258409714,-0.621551246221881
10,10,-1.86747155432653,-0.326737925661628,-0.972044735954474,-0.314985732282918
1,11,-1.24338478395487,-0.0412917959285167,-0.222852630559254,-0.0188094323919014
2,11,-1.22821918247396,-0.0409222883550848,0.298677126867114,-0.0563214616939767
3,11,-1.20935943168737,0.0676932894939027,0.249537678260211,0.0754666631576546
4,11,-1.24944369103654,-0.127512467347904,0.4980739332541,-0.142262465056775
5,11,-1.23741556619022,-0.0193586358865204,-0.208932525691971,-0.00819016042158209
6,11,-1.24890754599334,-0.052521071926762,0.220634829325425,-0.0605725734088976
7,11,-1.26598286439445,0.309869691919859,-0.920133664119839,0.324012717560986
8,11,-1.23863595036192,-0.124232980833153,0.0690756621744524,-0.115229167447403
9,11,-1.22289586332104,-0.102334266544174,0.28010506826061,-0.105197515164058
10,11,-1.26323591189264,-0.0813111684559867,0.316703972863931,-0.0861769975330165
1,12,-1.47237985730969,0.257415368740716,-0.329864017725198,0.253875628973084
2,12,-1.50958464400772,0.0842297448910776,-0.325454450657891,0.0581895121129196
3,12,-1.52527278490467,0.1191587571996,0.117830481402464,0.120791106485497
4,12,-1.47870450480784,0.190140388028578,-0.128617555183444,0.17616812618812
5,12,-1.51927104633703,0.140839583991005,-0.0634231940279022,0.135778740980657
6,12,-1.52610702417319,0.149698824880059,0.0625370359172653,0.157604522068332
7,12,-1.46118056163337,0.0304940888660433,0.480386308838264,0.0132086323589908
8,12,-1.5317162960511,0.128941394704576,0.0784376299436849,0.107245211154006
9,12,-1.49990100275117,0.081255899361192,0.112411046013531,0.0902254126526731
10,12,-1.51837880725563,0.0549255142998051,0.0964401136265238,0.0664651730149909
1,13,-1.42555845949117,0.0904355839136058,-0.51338064386497,0.0904830166446274
2,13,-1.42487461964154,-0.0224728131454595,-0.120173861010787,-0.0382958996329664
3,13,-1.42611212117605,-0.149478930024929,0.00864770741840825,-0.125759310611637
4,13,-1.4547933291237,-0.134845035865034,0.0543774790536443,-0.142236459963905
5,13,-1.4542616162112,0.188011008466427,-0.906289705753148,0.181559781658187
6,13,-1.41381797066357,-0.0207962763514452,0.268693689489253,-0.0527168364440632
7,13,-1.47260399707428,-0.230844538274212,0.249903135868752,-0.235658027410873
8,13,-1.45970955822054,-0.0681858796673917,-0.0294879846711676,-0.0724787895603605
9,13,-1.45707967673427,0.23821958457912,-0.751306667350547,0.246869844515253
10,13,-1.44770574837304,-0.0605045763752072,0.414812956533388,-0.0556906543643511
1,14,-1.2845948561841,0.131948802932102,-1.70222114201004,0.125415971552436
2,14,-1.2622592816173,-0.350921035323501,1.31819029788197,-0.366198527785773
3,14,-1.30832993759091,0.140072298082249,-1.92583459061754,0.149669927831672
4,14,-1.2497292875962,-0.360949569322892,0.797749897724529,-0.369865956191138
5,14,-1.27948070313662,0.0765576494528928,-1.51016076389707,0.101240973469029
6,14,-1.23170029534031,-0.334599322110257,0.856769016760674,-0.334181534991407
7,14,-1.28950685016749,0.14982540441136,-1.83471380805895,0.133880090518367
8,14,-1.29945509428858,-0.370908015636147,0.754160303046385,-0.3894679551461
9,14,-1.28565671119743,0.184051887003968,-1.61925724173452,0.204339692328015
10,14,-1.21019372734715,-0.340926565098244,0.805837700154031,-0.372150125968816
