rep,id,eta_Cl,eta_V1,eta_Q,eta_V2
1,1,-0.671301523659876,-0.935632963382523,-1.48179885842036,-1.86664555702016
2,1,-1.48173809398892,-2.08167971119328,-0.417225912243915,0.575968445928541
3,1,-1.14246071426608,-1.62692101414751,0.534767879856752,0.332705350303602
4,1,-0.883472491883514,-0.713044812344299,1.19844623978541,-1.14069356904178
5,1,-1.16768812521539,-1.17729057058903,1.78469356768068,0.39718737240409
6,1,-1.30803633564713,-1.2366715227419,0.376037372934022,0.243402385201825
7,1,-1.77165842469794,-1.40891783038983,-0.272992751960265,1.071683788551
8,1,-0.759721624022777,-1.29251107939895,0.889025950728098,-0.0116513912927533
9,1,-1.16970169776557,-0.906592281551685,0.229336263611343,-0.342649174760566
10,1,-0.763010358461704,-1.65168700144135,0.73534557229992,0.317772979404407
1,2,0.438147341494459,-0.344911714435981,0.0790351628442247,-1.5693096303684
2,2,0.288417854764332,-0.822623643921161,-0.656030676528762,-0.844328732011014
3,2,0.341208825155594,-0.770717581147428,-0.630789145866,-1.8520811479904
4,2,0.297270782329455,-1.13746138530962,0.886387832329353,-1.38107457288356
5,2,0.37403887908034,-1.55582886356389,2.59926713784018,-1.04490340673942
6,2,0.401902666548179,-0.307924032067196,0.685526483061695,-1.24352887640708
7,2,0.523456674506759,-2.16046498035477,1.77272236026102,-0.55545758656614
8,2,0.372048278332705,-0.45085839523319,0.048450168534605,0.133633672893237
9,2,-0.120579721101606,-0.502309325974489,1.0979989667961,1.54765302086009
10,2,0.166641761054543,-0.775601216823991,-2.18870479644881,-1.11788468444833
1,3,0.168942620331486,-0.805680529853604,-0.671042538639999,0.142109303187907
2,3,0.237281170403869,-0.70667379902313,0.573952216165903,0.146456247710419
3,3,0.448652596679285,-0.699863317667416,0.648635130742244,-0.504083514091047
4,3,-0.0380251900875947,-0.607234489195593,-0.53610071898233,0.691438859310256
5,3,0.375133320620743,-1.912736925729,1.91258716813083,0.473225555257983
6,3,-1.07121940079939,-0.414090533321298,1.07859355227894,2.33081281716633
7,3,0.0775949056420135,-0.917724312076281,0.110305997562616,0.798570248155701
8,3,0.32439923702726,-0.729976658653567,0.124897208438035,-0.758101049734468
9,3,0.194468527056995,-0.616593702301789,-0.233878306618925,-0.117226796487246
10,3,-1.55677919978949,-0.752426276521437,0.985320678517486,2.11591820697201
1,4,0.0327043392847852,-1.14564259088974,-0.702383457795358,-1.57156994127462
2,4,0.156088740214201,-0.770643407608313,-1.29997268975293,-1.57422997910704
3,4,-1.13493003626229,-1.0673753445366,0.907736198115958,1.52570636028823
4,4,0.155634713449359,-0.782442745617665,-0.292311440667147,-0.985502240581083
5,4,-0.0334383794315655,-0.787596409812266,-1.1878848682758,-1.2026961558738
6,4,0.0164394684594598,-1.29814686903066,0.899611942191224,-1.25543162448693
7,4,0.110529611447327,-1.65387717450972,0.855107925454368,-1.44469922228471
8,4,-0.00598811797318055,-0.941752037032056,-0.858764905626301,-1.25319036011497
9,4,-1.26989771931392,-1.39193357680145,0.278266414239439,1.92585126831685
10,4,-0.163395203325708,-1.0127121990482,-1.60330198727748,0.308651466985491
1,5,-0.548270908184639,-1.33993581093347,0.350616953980585,0.734086161371349
2,5,-0.0143418528796945,-0.598604954966316,-0.155786596671486,-0.154312623423915
3,5,-0.677032885067496,-0.631033413250278,-0.619345104594976,0.819870553845677
4,5,-0.636680820356427,0.756264539297803,-0.897978512881316,0.984566856043475
5,5,0.125058400161181,-0.298359758881473,1.70783692079465,-0.261600990208403
6,5,-0.129641891899971,-1.01653626079707,0.992814367553072,-1.55852855445186
7,5,-0.264649513290739,-0.613464878053673,-0.308942786311758,-0.600704173056961
8,5,-0.147161432417013,-0.346034725700826,-1.69769538747717,3.10489306149042
9,5,-0.230497052586532,-1.28759529862265,0.827405133988286,-0.483491582256752
10,5,-0.360996565905959,-0.586843769620469,-0.982595764583954,0.0651549758809178
1,6,0.180206443553038,-0.225847609283564,0.26439821822003,0.595585031583035
2,6,0.173992704231328,-0.672172359834044,1.216519073234,-0.581735958099378
3,6,-0.0149729073797662,-0.0733030672277363,-0.937958295875259,0.599025632007294
4,6,0.17658811324118,-0.426327913782191,1.7191556765831,-0.116915227075775
5,6,0.116504445099027,0.00296008116323309,-1.06604884447372,-0.587492003174298
6,6,0.00246570152965422,-0.382778380698121,-2.69201520571614,5.2238768497534
7,6,-0.115831834580207,-0.197998666526692,0.0850149736033075,0.366435722121187
8,6,-0.0696508651895259,0.8563760814459,-1.19131387550606,0.692996968604922
9,6,-1.90195649854434,0.247271010425034,1.59519954094658,1.82510440210671
10,6,-0.221580979913006,-0.189509322226802,-0.220778977498363,1.44477572509967
1,7,-0.0495769227735286,-1.14309042526567,-3.10136949122574,0.901627314597008
2,7,0.0232602350343725,-0.973317411420358,-1.11866016471014,1.60721268597584
3,7,0.0892358457740267,-0.672103276405207,-1.33926653184898,1.19312355957578
4,7,-0.0830171797696101,-0.832190703168162,-1.12937596638458,1.87295169164896
5,7,0.046799305339346,-1.48623222155923,-0.945277987839942,-1.60878312372235
6,7,0.155020783536978,-0.887868745857023,-0.624896919993544,0.755420291800672
7,7,-0.180350797815975,-0.769295406103982,-0.598875871071542,1.52260023599106
8,7,-0.294097903011536,-0.983658167311312,-0.507693877829064,1.87670717866628
9,7,-0.0966029958851066,-0.979313042096579,-0.684770294327847,1.24666197259585
10,7,0.178885688372628,-0.678121412508121,-1.34990417241071,0.722820155475099
1,8,0.195231681546845,-0.51243965358447,-3.0749087984247,-0.435283211919309
2,8,0.0731508436946957,-1.22881721400995,0.817682042125386,0.677434322009646
3,8,-0.150880357981342,0.124052335108667,0.344803173239238,1.01231286739136
4,8,0.404278966776155,-2.2736718771345,1.44436910152229,-0.0449714697097499
5,8,0.298988421901071,-1.64043688973078,0.836022071009343,-1.04807360866446
6,8,-0.201015007818792,-1.4657697299407,-0.493954052977698,1.124539851781
7,8,-2.17912427887821,-0.89572830012083,0.773419573411922,2.18271448277769
8,8,0.0952875481487339,-0.90789671216101,1.91136036682097,-4.25814142962835
9,8,0.448956358041689,-1.10203238232821,0.395394450864628,-0.646439220069224
10,8,0.368515803687518,-0.542701596939523,-0.00198234905277966,0.6437625627161
1,9,-0.740640112537031,-0.628102899872897,-0.452416746136155,1.56899927244032
2,9,-0.12603362078347,-0.605819649874883,-0.041574979730875,-0.105818781181554
3,9,-1.89739851217833,-0.563476340773566,0.0416427134828441,2.87155329271115
4,9,-0.508347126583062,-0.790437723826581,-0.645508230366245,0.623223944340496
5,9,0.0814340931779204,-0.902233601673327,1.34974810591855,-0.429994124871903
6,9,-0.123625600237599,-0.921831236059622,0.732312836449257,0.638393413559513
7,9,-0.121665526718986,-1.13673907608206,-1.00741513197585,-1.03820820078324
8,9,-1.06788611386042,-2.1001758810885,0.693986713992094,1.13043707657468
9,9,-0.812103301143463,-1.02909366662659,0.030013048599277,1.22506970994753
10,9,-0.103252236036978,-0.361632395830307,-0.317362943868498,0.657908186179249
1,10,-0.536154283746166,-1.30009855458526,-0.866255319184285,0.141672897137207
2,10,-0.988028899618224,-1.14243931115272,0.485528586263451,1.08370268969614
3,10,-0.387531632828217,-0.723968581193421,-0.858382456454013,-0.936955455710397
4,10,-0.773163995617951,-0.983964434011194,-1.32472449219367,2.85308327369159
5,10,-0.803677432705388,-1.4869441510151,-0.368564696982783,0.23050741278791
6,10,-0.380477246897356,-0.744580151649314,-0.695302610225155,-1.45693850234785
7,10,-0.493657896586933,-1.50096311068606,2.31508303915201,-2.97026157581151
8,10,-0.329114500946843,-1.30377533153563,1.28973136797788,-2.07203584287819
9,10,-0.706404408524014,-0.863986273889582,-0.780434314834349,1.31118198157517
10,10,-0.441820912561403,-1.54369176789469,0.944903484716388,-0.666625453460132
1,11,0.5883884772808,-0.579158368387938,1.19814077591194,-1.11657035600633
2,11,-0.355534566942859,-1.08009240023375,0.413760472868466,1.66364684331013
3,11,0.157018074539571,-0.194568532799595,-2.14992124441845,-0.0280399223816586
4,11,0.0281872158609321,-1.23877012541143,-0.237088653408002,-0.0918496498598618
5,11,0.204183866876471,-0.588071329774029,-1.96623767206218,-2.0497513046592
6,11,0.0918582807425483,-1.26376376908436,-0.373509594231378,-2.03752059084315
7,11,0.250357658143496,-1.04275146350299,-0.064251376501707,-0.113474902562678
8,11,0.312750557380527,-1.14822882456781,3.51441763133642,-1.77663011217099
9,11,0.211953369596737,-1.05995795559245,0.0704560711039974,-0.161669827804384
10,11,-0.0543540375653738,-0.859540858458595,-0.823681494930231,1.13809493379663
1,12,-0.185374090396048,-0.63795067837517,0.520922993702834,0.784820204008121
2,12,-0.146919209513618,0.00923261575373947,0.117434549587484,0.825284973869421
3,12,0.0144451898088343,-0.802895378169306,1.62310708875354,-1.46535259992041
4,12,-1.05846940961946,-0.334622933269206,1.26818418973022,1.45193114625086
5,12,-0.155128167500857,-0.616290626283022,-0.582455450185042,-1.47938525124021
6,12,0.148836402217584,-0.720321326611732,1.62698255475895,0.167687901617325
7,12,-0.162362291650814,-1.45103767409229,-0.379402108535623,-0.688552305650065
8,12,-0.135570852580858,-0.601335191232741,0.0109756572929292,0.683260115145296
9,12,-0.445869314400143,-0.929942030315541,0.153374078724316,0.77589703101624
10,12,-1.22648219580606,-0.911390744957568,-0.0999108232446997,1.7762944139251
1,13,0.0388238527290693,-0.302960361643358,0.0406297403051759,-0.871650780623118
2,13,-0.0979538139201646,-0.837648310594826,1.78535141673316,-1.40904859103474
3,13,0.00367476209566627,-1.15338447440675,-0.265870699729133,-1.81453810731153
4,13,-0.0679599386327163,-0.381623048649639,-0.647328407021891,1.00364176150477
5,13,0.0936372059493238,-0.532528711634092,-1.89999521847928,-2.72127418349572
6,13,0.269677661177762,-0.306364491376024,1.17185891047965,-2.46951811285351
7,13,-0.072900090325279,-1.45695237822131,1.05795987962565,-0.0128314504728202
8,13,0.0604840739220796,-0.295635349138988,1.66677159291537,-3.12886697632854
9,13,-1.24103850194593,-0.490118131527475,0.501907764588187,2.09869916829844
10,13,-0.0136759299049665,-1.2622305601966,1.54995156787627,-1.95252617199437
1,14,-0.262124103621384,-1.18254137519855,-0.636649909013911,1.16961026232689
2,14,-0.371000258343208,-0.76647030117979,-0.689830272235846,4.12329647940936
3,14,0.282245704527935,-0.468392024714125,-1.87566478400507,2.03176049254434
4,14,-0.87093222914279,-1.30249652627843,-0.224521972670257,2.57159604502148
5,14,-0.499744953360492,-0.375919142240492,0.165316491483797,2.40264632058177
6,14,0.193238517596812,-1.54277780090513,2.59813338189572,-1.48485299816663
7,14,0.137195400194542,-0.84408152724931,0.970805088136978,-1.58904525182468
8,14,0.114926093310916,-0.802113695470374,-0.797307201022074,1.75955133257167
9,14,0.109794363692296,-0.799682238088485,-1.42231367683176,-1.70504216788864
10,14,0.131680712837894,-0.921291918495097,-1.7196523995594,-1.3218052304401
