rep,id,Cl,V1,Q,V2
1,1,5.36651399397547,32.4765623005745,11.5772088586097,35.2900315945626
2,1,5.13971129882523,30.2253073207293,12.2286480077969,34.1129590374725
3,1,5.2438375385587,29.957408215914,23.2990089397,34.8715535245298
4,1,5.41630689029489,34.7853055551726,18.3671144328308,39.2785143738172
5,1,5.40018334051744,33.9475242954969,12.7590022058618,39.2147464848507
6,1,5.67836274740808,23.9692138630058,23.6107682645907,25.7758084629322
7,1,5.12606352967706,30.7049146282303,17.3741054333187,34.0426167129564
8,1,5.46335974052295,30.6085753473617,19.9610099440665,34.0760194943042
9,1,5.63229732229997,36.0860116487599,18.8270249529591,40.9958495159812
10,1,5.78730330505754,29.5949944339102,15.6674176316444,33.5700440170569
1,2,13.3677227920008,40.7498304570209,31.2923574312995,48.9349214436246
2,2,13.3500813154724,37.8439832437467,22.5526657262558,44.8879007244037
3,2,13.2346574065106,32.4721144401198,31.0600001041515,35.9644003422591
4,2,14.0416346767837,40.9727117756751,25.9781643907207,47.930336915921
5,2,13.76016623526,40.8433672190316,31.6822624664502,47.98664296362
6,2,12.9291805144571,32.8732638170011,26.8870767289075,38.0303961566419
7,2,13.5221133375616,38.1845158744433,25.2619864509706,44.2051908626355
8,2,13.5363571225429,40.3304970439254,23.4094349804634,49.0315939149918
9,2,12.8274778824498,33.2560311417338,29.9717694035866,37.3001929670715
10,2,13.1516438140661,34.4832386698436,26.1047271176476,40.5063429481963
1,3,12.3076285036498,44.8883798486932,17.2634634126615,54.6845565887998
2,3,12.3758182283425,50.8341695387808,13.8886959389317,63.6705138255699
3,3,12.7181392897886,48.941489155583,15.7600075217856,59.3015626041614
4,3,12.8635393736044,45.583715859472,20.7794047726601,55.5351777693124
5,3,12.9880757943628,48.8676473442209,18.4298653226366,59.5259206969226
6,3,12.7128082209787,48.0742608540664,14.3944149711619,59.4783781636045
7,3,12.3291566666748,45.5379917199436,11.3420281210187,54.7842170707357
8,3,12.4356879497017,44.8010677843699,16.1593671181337,54.9638479264897
9,3,13.2463826973548,54.9761016075709,11.2021667537081,66.9801662906513
10,3,12.2453316778442,51.4687360322176,10.5219529437561,66.4574176907758
1,4,10.3341212599282,27.9590846597469,21.6311483450641,31.1394082635918
2,4,10.554495966626,26.4675349979301,32.9551454383487,29.4447076709819
3,4,10.3810062498309,26.102788079743,35.8545276262653,28.0738342348413
4,4,10.4475017856345,25.2135395914467,33.9917740294683,26.9792457713503
5,4,10.4221876987841,25.9158838555553,25.5417849724065,27.7260680035695
6,4,9.87971771052364,24.2794248910809,26.6853086007374,25.7777600457523
7,4,10.1773199823357,28.1216230505275,21.3298111507224,30.3875918628723
8,4,10.5680249149361,25.2376772704294,40.7607372499601,27.0402107142614
9,4,10.0540524879032,25.5388739168405,24.771321795963,26.9838126636756
10,4,10.3721999811272,25.721144922676,26.1921827420048,28.0967498560673
1,5,9.70869444627596,38.5234927463504,42.9338444226684,46.1156366228101
2,5,9.71116038734119,47.0202276538704,24.3949191296643,56.8217756478353
3,5,9.22783794478661,39.6503739988037,25.8569638347708,46.6049249269847
4,5,9.34765148781116,44.186183968563,34.0189349624985,53.7422620495873
5,5,9.25281229923566,40.928925417413,28.4025817971076,48.5557036913994
6,5,8.78372254116488,32.1581280165233,38.6843046594953,36.2601086304214
7,5,9.36108491306721,37.5088821625318,37.2380789221813,44.1265170685502
8,5,9.3479670264307,40.9685418540553,20.482026853682,48.0424473480189
9,5,9.18967879190499,34.402523973453,33.7893782207191,39.5427359397342
10,5,9.42504218775246,40.4156073788793,21.3625011779705,47.3022980804255
1,6,12.1501685221741,51.588794247565,56.3496750190413,63.1855578608418
2,6,12.4390922523248,62.6098325133636,36.6882441497662,79.9113750813485
3,6,11.6679646973317,55.9040430048205,33.9981953906843,69.6207612126374
4,6,12.1353885486638,56.0302611972732,41.9768411077106,69.925922060699
5,6,12.1405895716501,55.2612525828033,51.5587184156503,69.0630560009226
6,6,12.0521040768221,60.4638550902558,34.668615474564,75.8979983839653
7,6,12.1346596623153,52.7051590508758,46.244645723925,66.5216608572794
8,6,12.1779424253025,57.3757473632265,70.556379220115,75.5310752519305
9,6,12.5134004931134,51.9171905439389,35.1620159029175,64.0748696214486
10,6,11.493247649303,52.2556287788695,52.5806957172213,65.1632492909457
1,7,11.7335286666113,24.7174951424855,5.83329046306688,26.3074251384796
2,7,12.1559134946403,23.8856611865838,6.82796617695399,25.6176872216047
3,7,11.6607125091806,22.5643928000758,6.43386725239886,23.8401928797055
4,7,11.220357484254,25.0154590660193,4.6388357223884,27.3916426160768
5,7,11.6154111208317,25.0783239927907,5.61385878087099,26.7402942684966
6,7,11.9470649206452,21.1568817064796,8.72433834183572,21.9754695005647
7,7,11.6560023580816,23.9963076543943,6.4683837651706,25.712164262495
8,7,11.3273980875756,24.3480629758251,4.93644228334446,25.3994048021783
9,7,11.3805936250434,23.9105763071142,5.38075295997248,25.3066928116281
10,7,11.6784449913578,21.3702725399492,6.746646352307,21.1031086908061
1,8,13.237339400658,31.0115616112368,20.5729175029949,34.8589156647825
2,8,12.9719903972181,30.770325183988,27.9917834168697,34.1726855106959
3,8,13.0232483542014,41.7562654709829,11.4905014970991,49.1593118736397
4,8,13.1534949174562,37.1301060746922,12.5615684332847,42.8239949737149
5,8,14.2084146708955,34.9564129530059,17.2857702498317,41.5163860686011
6,8,13.4200931068003,36.4150148845479,19.2643853310271,42.4465694105443
7,8,13.5476552968261,42.2778786709013,13.4811105011252,49.7266528771572
8,8,13.7688398069097,35.5961875145737,19.3563461496932,40.9957752154235
9,8,13.5780214466915,38.2085857101999,14.2965923188955,44.3940897557442
10,8,13.5304833597987,36.8490148081561,23.3708649553261,42.0654404890883
1,9,9.83578819740276,37.9979086708719,25.5129363070256,44.1304409624817
2,9,9.82730688475021,36.6795241270494,22.6821709083773,41.9965850258495
3,9,10.2524850428166,45.5953211395669,20.1140379322487,54.1439344287542
4,9,9.97389074268808,37.548662607418,18.7801476672986,43.3046201730962
5,9,9.9635683549389,41.6500088102703,20.5307900969718,48.2278846978975
6,9,10.2513617274504,39.1737026205356,20.6305555275435,45.3341730270669
7,9,10.0374600699044,42.3886950544318,15.2974250634543,51.1949070348888
8,9,9.70476728996275,36.075353519217,19.2578695764834,42.7675383284958
9,9,9.95289964844151,39.0663039154551,23.863156241369,45.8718246413891
10,9,9.99657742886927,39.3623236174544,27.6122706519033,46.3622262257121
1,10,7.02593225518358,22.6924837649583,26.7412228625383,23.9329084658153
2,10,6.81700964453597,24.3826217762285,22.3839870322665,25.7222449890078
3,10,6.92655871157381,25.0079695780505,33.3058832964007,26.3972973751394
4,10,7.0321687037436,23.2470699801565,30.5703371159015,24.4650658487499
5,10,7.03739121557574,24.0736619851468,35.3084030001505,25.6421780177646
6,10,7.17414490154868,25.876713657121,22.5027540485852,27.0986727866854
7,10,7.00639506512053,22.468363095903,26.7391480851731,23.7046382880789
8,10,7.01520123317906,27.0072788558455,17.3078885238479,28.4093777553622
9,10,7.01278479343474,22.1947747220379,48.1164251076367,23.5291289546023
10,10,6.95618094390434,24.9938158727419,25.0343530375043,26.7855987496997
1,11,13.1886829017728,45.4617336670217,18.1068280771192,54.1669616774028
2,11,13.3497382901476,37.4551735103107,32.3882265784231,42.7983771066128
3,11,12.9466827097096,43.4272260531539,26.3472667505647,52.0803732313323
4,11,13.5725545353084,38.7999588726816,36.9535750222271,46.2515673986654
5,11,12.7492518789008,38.843329840161,25.720148219058,45.6517418394058
6,11,12.9628131553086,41.0994568050743,27.0554203035534,48.9614305573469
7,11,13.1619480906737,37.0317091136248,44.1599079205591,42.8739983645845
8,11,12.6989599642989,35.3572190109611,21.9031521980328,40.4585639053478
9,11,13.2388111838672,38.6207489823974,36.1133373504534,45.0538681400012
10,11,12.9024707049184,42.5474976721472,20.3694439687244,51.3365445400005
1,12,10.036283334877,43.2135511033833,32.1163723217376,50.9084185439095
2,12,10.7233770834751,44.686846367256,35.2142710569239,54.5346046610242
3,12,10.3498935349191,47.1498357807398,22.8497517093284,58.4938092430146
4,12,10.4045777527552,44.805373262143,34.4797727601016,53.9773648460463
5,12,9.79368090154161,40.803592695594,34.6209813764038,47.687101011478
6,12,10.2128345876762,44.5230269568617,19.1648890356996,52.7691521921657
7,12,10.1071688752207,43.9170544905642,26.9194483826775,53.9986889494524
8,12,9.9794711456096,41.1388261477895,27.3062955648412,47.6559635293193
9,12,9.24232518488822,36.1901817919246,33.0213279005095,42.2229384952552
10,12,10.0577367625389,52.9950311566988,18.1295253170032,67.2079248195756
1,13,10.9326617429074,37.3690811853497,22.2422003046496,43.0351982683438
2,13,11.1580274164585,37.8424924814941,36.3101564600946,43.7183951853388
3,13,10.3763878359274,30.729702791967,57.6859287048873,34.9735846501749
4,13,10.6871513213034,37.3520780516404,32.1785663975739,42.0470753286662
5,13,10.9324229021333,38.9923104813304,39.9771744044951,46.6382956146055
6,13,11.3858681523299,37.1432339172401,43.7850102873416,43.0400650911965
7,13,10.9140387804077,35.9618994053736,33.9437993419433,42.3812632388689
8,13,10.6245759984453,45.6331447592425,12.9045602110843,54.4261918131814
9,13,10.5347495819703,40.3748680499711,27.9897535173596,48.9966488455954
10,13,10.5008351784605,38.9543523428868,41.3158490661137,43.5206656352887
1,14,13.4001795827547,33.1360187992128,63.2573643678841,37.9509203208305
2,14,12.5442830553813,49.6162017057311,4.71695568218226,61.6558576038098
3,14,12.0887537649949,43.8274766595645,4.52336382227357,52.3982644585115
4,14,12.0160133451922,25.1800228899156,173.477119100131,26.9705487040906
5,14,12.3890989895459,27.2681415627973,95.3088929665241,29.7690092815813
6,14,11.9499902627481,49.5330552977553,3.27478519645356,62.2294798599516
7,14,12.3116927569463,47.6392812342099,4.80364629923432,57.3717724901824
8,14,12.4364703943473,28.8227014401656,52.8402446139816,31.9693194235796
9,14,12.5106506465384,28.6978874636952,68.4956111213686,31.2019994650679
10,14,12.8650777722272,48.6238449329481,5.40894212853499,58.894435029598
