rep,id,Cl,V1,Q,V2
1,1,4.95068770592344,22.0260814606793,11.6392660878513,27.7501952357618
2,1,4.85605641773998,27.3032092919274,6.59811572086728,33.8876754731311
3,1,5.07000495185231,23.4703156150352,8.48775860901232,29.5189083173008
4,1,4.88661093206244,28.0869166434751,6.19579705632779,34.1197063444802
1,2,6.24646594737198,25.2084286048606,5.4481245997065,31.1556442110078
2,2,6.46413833663701,20.9973577963991,8.11904255868748,26.7149772147139
3,2,6.012497142632,26.7910696904714,4.57858523614131,32.5525366303688
4,2,6.22435312395406,28.2312836762235,3.25562692585951,34.4731271558715
1,3,6.29453613543195,25.3946550167736,7.19695483798296,31.5828589631779
2,3,6.30453354105658,22.4171462884695,7.52225277580095,28.2866395312287
3,3,6.24190404519582,26.4624027734247,6.15123345609054,32.5719906800748
4,3,6.0784788284918,24.2293853077218,4.56538420575531,30.332788066799
1,4,4.69905237532607,22.8528720265805,7.46253956977261,28.6504570682476
2,4,4.69542808659928,26.8607952970417,6.37891476241945,32.8867621694778
3,4,4.62761111745664,23.0904070777293,5.95332260624001,28.57934343001
4,4,4.84465392702362,28.4051790375963,9.01172387276814,34.932123718561
1,5,6.74085928372249,27.5793814937735,3.89823768651133,33.4901434427216
2,5,6.58138411877908,25.084638264671,4.82435395877191,31.665160225555
3,5,6.24690921988904,25.425590252447,4.57399868456017,31.533256992289
4,5,6.48519843227079,23.1554204169691,5.27502811886917,29.3250651666504
1,6,5.19036843194743,20.4066252365641,7.67552646146841,25.9269888755494
2,6,5.32088185135521,20.6393614549865,8.41409518063592,26.102630688916
3,6,5.06486433882489,25.5447913767026,4.3761297411748,31.5209771355238
4,6,5.29327382313421,21.9760385881989,5.12918045493699,28.0132243048285
1,7,6.62182226821798,19.7572056205246,10.3132203807235,25.2683334160608
2,7,6.59368174339513,22.3747022184418,5.54503995295115,28.4194539304744
3,7,6.63008345180362,20.1377464208928,12.5152323309418,25.5751176264826
4,7,6.3616614063881,23.5786038566915,4.09404756956306,29.8145091791553
1,8,4.94658182023722,18.093960713307,2.986118828797,23.1919366843381
2,8,5.10036459352033,20.6553500256357,3.18719053424374,26.2492110712086
3,8,4.97759039402655,20.3532947321997,3.12657506374177,25.6602496624773
4,8,5.03731189707584,23.2563830536152,2.87792783085814,29.4738509654341
1,9,6.17166374496212,21.8713718294481,6.83097243153538,27.6678838909061
2,9,6.13997083917734,20.2058266301813,8.08280428433198,25.4982621843759
3,9,6.38372924455989,22.5817496398434,9.16216381109536,28.5492370902397
4,9,6.21948149242352,23.2288684859476,5.49385330858362,29.430214560716
1,10,5.84324334857273,24.3863875569976,1.55903119644727,30.0614388495378
2,10,6.32466631173677,26.8787795088654,1.7411186371389,33.2973501589585
3,10,5.93755619190815,22.7924582636371,2.08563171380655,28.4331060963188
4,10,6.26676612354372,26.4725433497196,1.6736822391058,33.419723424035
1,11,4.57201171585918,19.0504336526198,15.1258566856681,24.3193150647672
2,11,4.72470672372914,21.9736386368352,6.53990317633024,27.9724693377167
3,11,4.78236692588027,20.1111080292001,14.778120072895,25.6058562298768
4,11,4.84845694222628,21.2168243498598,15.3507659461188,26.732906204525
1,12,5.99227722920754,14.4566732909806,2.371031753753,19.0268450519443
2,12,5.55384624368162,12.2076040986522,2.03114321791173,16.2897512405638
3,12,5.81844455825085,13.7110645293315,1.91453199490805,18.4609030163421
4,12,5.96453798995149,12.8966636340476,2.66164491893545,17.4655521972348
1,13,4.62840336798168,22.7950591180741,7.71048713570001,28.7391235393208
2,13,4.50831550219555,23.7010119414046,7.95254042691548,29.6266694766489
3,13,4.60886707786321,22.5959932515207,7.62161144975998,28.444366674746
4,13,4.6592384790981,20.7254494154588,10.9100191188092,26.390522905786
1,14,4.93423754405659,20.1041892307002,11.0535996603593,25.4096263145455
2,14,4.53868592702343,25.06465589288,7.98397922973827,31.1477095592635
3,14,4.52774711627781,19.100892752251,8.47741473656403,24.510819418698
4,14,4.50075901070131,26.0107626572755,5.65623449626674,31.7942189812974
