rep,id,eta_Cl,eta_V1,eta_Q,eta_V2
1,1,-1.58735983288508,-0.285189452575685,-0.291757210598322,-0.374261347013415
2,1,-1.58506725113272,-0.469603368032069,-0.183880145715326,-0.552406644230908
3,1,-1.667668241636,-0.0497055150655852,-0.587764619257088,-0.0468873794570222
4,1,-1.65759631757648,-0.132210251821755,-0.364512661721397,-0.153135562802945
5,1,-1.60894475690907,-0.347399995151812,-0.218738216305808,-0.385350669780444
6,1,-1.64667923123054,-0.387641087786389,-0.597782977219747,-0.463950594472373
7,1,-1.64745397737799,-0.0378555393936623,-0.347389865378163,-0.0156123086624461
8,1,-1.64157327813111,-0.326967694347708,-0.587207445730503,-0.386455136084957
9,1,-1.60816105166057,-0.331753974567594,-0.625191670692211,-0.427860697200797
10,1,-1.67191373143798,-0.354550492121947,-0.501726535244486,-0.423854921287768
1,2,-0.681207837362038,0.0584901584343693,-0.218216881322309,0.116812990054443
2,2,-0.725260724780296,-0.0127953913676994,-0.0796675460226103,0.0158356461092409
3,2,-0.738852662812868,0.0171865814149336,-0.245821931851575,0.00914545889033238
4,2,-0.744723163284043,-0.217532981110125,0.420072707809282,-0.247966456884068
5,2,-0.662954135681548,0.134412985336786,0.119996901017926,0.146548881717527
6,2,-0.719841160698001,-0.0297320456033713,0.462851584195351,-0.0220229003836604
7,2,-0.727876166200447,-0.0950891572107426,0.0486879151945093,-0.104294391933069
8,2,-0.7096930496977,-0.019859200207895,0.100589572204907,-0.00783897389989001
9,2,-0.735458111248367,0.181692482057065,-0.423474776302799,0.239532894434371
10,2,-0.709668858732944,-0.0108709526222058,0.208535638778163,-0.0163787957244689
1,3,-0.760572524989252,0.321900209060188,-0.595702226868217,0.397903595879619
2,3,-0.794960896190766,0.204757761215338,-0.421767567267069,0.23439070961532
3,3,-0.75901106347747,0.0908641242971148,-0.262058786525735,0.118724377264466
4,3,-0.772772684998166,0.224475975620084,-0.380944557948383,0.259743409567898
5,3,-0.757960751618656,0.335404310603503,-0.268574644628809,0.376734823099509
6,3,-0.815715127705884,0.298997444136203,-1.04459708444702,0.389985501401277
7,3,-0.789404664915919,0.0322164067622838,-0.162360325400159,0.0501069688940067
8,3,-0.788623833777497,0.186438561754272,-0.554185310373764,0.209249391408218
9,3,-0.809159635461451,0.200311544533237,-0.367888004395541,0.250273816506911
10,3,-0.800243519510283,0.389615550384585,-0.599979861139907,0.484347222047881
1,4,-1.00609122704964,-0.0178041834247069,-1.08574460178532,-0.024730848595058
2,4,-1.01642882171594,-0.233900770645867,-0.764565782053837,-0.275346416536984
3,4,-0.963056295433699,-0.401437930389966,0.284306117964339,-0.490278140337157
4,4,-0.974362906697418,-0.471896425719444,0.569078600496074,-0.537907602972778
5,4,-0.998011626305233,0.00452142463053542,-1.04011524442896,0.0318806633544262
6,4,-0.971222467875049,-0.243648682027263,-0.322076114282955,-0.320743972162883
7,4,-0.976836638794293,-0.374305958435798,0.0545310880636019,-0.43889743789389
8,4,-0.99337248670653,-0.474568793887062,0.151970938161069,-0.556632817094576
9,4,-1.01683260497132,0.0476688678456001,-1.46098736961809,0.0768720811348673
10,4,-0.957170540525368,-0.362722681242289,0.282337371596498,-0.410347980916352
1,5,-1.11989670980769,-0.0178502434998356,-0.18828307993278,-0.0229737554208717
2,5,-1.06167430732601,0.00910001767374611,0.344599046057571,0.0364842894530625
3,5,-1.06248311311924,0.0188377016380984,0.453400490617933,0.00424805565024338
4,5,-1.12294237814813,-0.240838614952119,0.339963086866776,-0.287544060490121
5,5,-1.0704006520378,-0.020308534845266,0.153459275050702,-0.0098713177346188
6,5,-1.09156919976098,0.168632106447875,-0.445845504975163,0.225453190154622
7,5,-1.06292779994844,0.0350803649739963,0.194253665483298,0.0729494962925764
8,5,-1.09264590964027,0.0177285584313645,-0.0831206844983136,0.0116689239399289
9,5,-1.06423311371562,0.00685503332372508,0.421959626611465,0.0181634492186128
10,5,-1.06362948372392,0.033867227803421,0.254332970283716,0.0351272137845429
1,6,-0.855161893988171,0.260987616888856,0.570069453113341,0.320290448926462
2,6,-0.839611287540796,0.267115443882511,0.878043852189863,0.302369041459053
3,6,-0.780410857372865,0.404742934002542,0.380270039802701,0.476410787995
4,6,-0.829655925994854,0.198969187510131,0.487292759297618,0.246152458317451
5,6,-0.791114396767554,0.308480513717646,1.33796251758698,0.375471601677679
6,6,-0.83229094354974,0.367344672983612,0.709791547104143,0.465908351686428
7,6,-0.820747931619387,0.254981405732282,1.09316034205415,0.317050641516748
8,6,-0.854728636963182,0.220452682716914,0.903500675385876,0.256285361529173
9,6,-0.853231933510626,0.280989247004356,0.557021480637716,0.327513423446941
10,6,-0.827175787363748,0.536964274847275,0.211919565317428,0.618615941154547
1,7,-0.816354056219944,-0.533478691272732,-1.14678750016801,-0.664831566807453
2,7,-0.860564885254121,-0.685843729418589,-0.962719829299367,-0.784121639972627
3,7,-0.806581676027359,-0.467435190804016,-1.04028858878401,-0.546937655434631
4,7,-0.848044130898667,-0.576314596154954,-1.01665002393223,-0.676225422056535
5,7,-0.86805407328002,-0.556877103224134,-1.23049372430669,-0.639266196185734
6,7,-0.858839486638103,-0.551492598786446,-1.17039971563078,-0.643050023335656
7,7,-0.880801842524393,-0.513187272103086,-1.34709580898939,-0.593819457806329
8,7,-0.861590915137211,-0.571078969287261,-1.16029298566223,-0.663876863283415
9,7,-0.841050921636439,-0.464087965052714,-1.12726828577029,-0.570942360909488
10,7,-0.834891072923385,-0.531601271424425,-1.16417943482849,-0.624666155859419
1,8,-0.729837348223511,0.0233153697404341,-0.666155098486028,0.0454014109911887
2,8,-0.728958528237063,0.127722741387321,-0.88285432954798,0.158917952275559
3,8,-0.69773623556517,0.0677432963872625,-0.651711814913114,0.0675160487077288
4,8,-0.692913327233111,-0.0786071108341227,-0.335902416472877,-0.119517477534499
5,8,-0.720566498926266,0.021483938823693,-0.59662720041785,0.0170128077886003
6,8,-0.746634972591684,0.0596249766925361,-0.765065805246167,0.0833107177904004
7,8,-0.755915413740631,0.0106782903102684,-0.672375146123325,-0.00852352943793661
8,8,-0.757914826385036,-0.156353772545579,-0.124665322675843,-0.160145346084832
9,8,-0.722754064649794,-0.126865526720384,-0.154267806200954,-0.14030902638679
10,8,-0.744193580668074,-0.00947763624187117,-0.291471936393287,-0.035175872414188
1,9,-0.998230375762339,0.0697210370651519,0.0632324933414397,0.0824339029947022
2,9,-1.03283587216168,0.0107547952800623,-0.422427010894731,-0.0104343852015701
3,9,-1.02313400181871,0.0827871146262359,-0.307286271990112,0.0759191438226303
4,9,-0.991069431652149,-0.000111567575387418,0.00576256630871503,0.0439152980114558
5,9,-1.03645941981862,0.0111358166953212,-0.137146829468455,-0.0076106678109318
6,9,-1.0305351140192,-0.0504886817053511,-0.242010730899364,-0.0391992125438381
7,9,-1.03079051435656,0.198206870313588,-0.24687909278663,0.267949666952518
8,9,-1.03160996886024,-0.00538908191462723,-0.240433695420276,0.00309682622810938
9,9,-1.03956400200539,-0.0522609235466707,-0.0793095329002731,-0.0614251127599206
10,9,-1.02814368645042,-0.0237978185539448,-0.013243479288988,-0.046683045061945
1,10,-1.32656207734657,-0.457726200337125,0.326806888532972,-0.556622084102006
2,10,-1.40965368411858,-0.171831678020097,-1.4149851162419,-0.231514514974412
3,10,-1.39081595601032,-0.52945923174062,-0.0362060273165383,-0.630033160832243
4,10,-1.37455978836365,-0.597547178470484,0.700586994519573,-0.721353897320301
5,10,-1.37738619383613,-0.378930123886358,-0.0231930369444951,-0.452033780461883
6,10,-1.38190417642971,-0.124800352590921,-1.00321718660364,-0.15470600491403
7,10,-1.41823579873608,-0.64882302877344,0.324698672125151,-0.790983512302703
8,10,-1.32776451631845,-0.426566680490717,0.268367176216266,-0.522443181634208
9,10,-1.38607181561252,-0.59016706823193,0.448429192879645,-0.695204093908087
10,10,-1.39666739451758,-0.122725360893432,-1.17474380707264,-0.14569198253276
1,11,-0.772092049622629,-0.0544217079983614,0.155568088583937,-0.0768091248387017
2,11,-0.74207989565643,0.13326730003445,-0.563404786716455,0.161454135102776
3,11,-0.774035389171278,-0.0321067529825465,-0.0727303289256033,-0.0319781073165282
4,11,-0.782405589066227,-0.0941657257277937,0.00762682369610557,-0.096831317315057
5,11,-0.701602273137829,0.182296443376725,0.200454827160285,0.190748448449198
6,11,-0.78013089820058,0.25947471904329,-0.647026725562161,0.313990562806219
7,11,-0.778745894201476,0.0831928724298512,-0.233543283885363,0.0616727149670194
8,11,-0.79067473725874,-0.0517476852505824,0.0506280602214816,-0.0557158453402537
9,11,-0.76811472180811,0.245968307781071,-0.619133509544853,0.263341876677306
10,11,-0.745623224170553,0.274486491852988,-0.661498263885979,0.307470556576708
1,12,-1.02807989265871,0.244700237501704,0.18334357283853,0.316822716799528
2,12,-0.98187674196003,0.140043367183308,0.212164648953578,0.164684890533275
3,12,-1.01247596889394,0.01755263545838,0.426630842799745,-0.00345452917179618
4,12,-1.00191154996333,0.220877188452811,-0.16792963624536,0.261494730862018
5,12,-1.05345312369554,0.302514620529012,-0.295930615062318,0.385891704083582
6,12,-1.01057744473864,0.120852446753249,0.0315760721711879,0.169593599177477
7,12,-0.999265743749062,0.281204668002318,-0.119609301451929,0.335738766564191
8,12,-0.999646434692884,0.328215235836319,0.0531605853946292,0.394885564708227
9,12,-1.04320575675378,0.205350651542533,-0.219618924374709,0.230295067900296
10,12,-0.964045562426157,0.229947032352826,-0.301027951739071,0.290697991738801
1,13,-0.929709393795039,-0.136996535761733,0.308929636762698,-0.142383566245797
2,13,-0.935750649051601,0.17014088344694,-0.184720297984605,0.202265027311195
3,13,-0.950726670568136,-0.199717558177962,0.611017312209475,-0.242682870184745
4,13,-0.927812581233917,0.0844483939207914,0.0810783546302893,0.0672127814535154
5,13,-0.932798597278821,-0.097507723856865,0.362224974563832,-0.103284883692948
6,13,-0.94919862172001,0.154222295266165,-0.416514073371918,0.201338339099968
7,13,-0.950793095950186,-0.177443337308709,0.367144494850026,-0.206500079601007
8,13,-0.920828339177792,-0.0874389407423753,0.194718519041576,-0.0768788242403196
9,13,-0.939204354805266,-0.0591613028331607,-0.293316456540747,-0.0796840542702973
10,13,-0.921759617046355,-0.00508566420098529,-0.0434154824636237,-0.00858720707030626
1,14,-0.787444722332312,-0.378475884789888,0.743214012013164,-0.458655550260719
2,14,-0.804335317443525,0.16143754251443,-1.60896633014658,0.184407680706524
3,14,-0.835752190053776,0.0820717857454709,-1.4997480107653,0.0665106194397933
4,14,-0.776925112501672,-0.340013840207136,1.62320640808662,-0.434751086950884
5,14,-0.765442740857592,-0.369158990234515,1.05373218266138,-0.438889718564732
6,14,-0.824530134107993,0.161419517515908,-1.54502070804067,0.199733441809479
7,14,-0.836434003415876,0.206957634898692,-1.5681521570076,0.269983420822659
8,14,-0.738293859856726,-0.327268626313135,0.785685762711462,-0.359838534918811
9,14,-0.765858431317152,-0.296477502145033,1.04519843560542,-0.342263071497961
10,14,-0.807118921552322,0.17590612341834,-1.35894246836063,0.205354812542578
