rep,id,eta_Cl,eta_V1,eta_Q,eta_V2
1,1,-0.686539810872462,-0.0222474895315143,-0.203935115909669,-0.130321330785119
2,1,-0.648040249173054,-0.0904994664223758,-0.193453935622337,-0.469027584411024
3,1,-0.603910760085232,-0.15076198913863,-0.397746864323547,-0.676230165857218
4,1,-0.646350835822272,-0.00493258363096312,-0.0895820122150845,-0.0475747649521194
5,1,-0.626376226337873,-0.0876262258069709,0.320308374135715,-0.45594144132015
6,1,-0.674694639389593,-0.0427213419713084,0.110317717348376,-0.16883510429188
7,1,-0.677273822554471,-0.0236058298416343,0.144522184613298,-0.0681839230702269
8,1,-0.663824821806268,-0.0430932391190483,-0.0991860654310752,-0.153563421041697
9,1,-0.654360298357531,-0.0208187774241892,-0.0600931206550152,-0.159015740935746
10,1,-0.688654478003955,-0.122036089824743,-0.315638838611496,-0.59784328211736
1,2,0.249483160033294,-0.045029192695247,0.393187953266226,-0.249989249958846
2,2,0.228704290575142,-0.0297066342287269,0.461624308921547,-0.223701255623034
3,2,0.209057972267592,0.135672826065515,-0.289712732585087,0.661946347568042
4,2,0.225702345503123,-0.0596190268908452,0.404822218017717,-0.165962241773909
5,2,0.202450766685536,-0.0191383654126094,0.149421566120405,-0.15331513405116
6,2,0.138630657356024,0.208992148417275,-0.407592432116503,1.02638928786479
7,2,0.277337006388307,0.0243344280920577,0.367637692910527,0.127909353532675
8,2,0.216797620765933,0.155628528895599,-0.275458221321626,0.788448481132939
9,2,0.130048716088523,0.226391577945733,-0.574708674172022,1.18156713867828
10,2,0.161542188216397,0.18262212313542,-0.406050318258298,0.997239460137883
1,3,0.188944887872105,0.107792132702516,0.0492120734861223,0.5842050458876
2,3,0.107610477564378,0.214737548297108,-0.157104374193327,1.11914564239547
3,3,0.154625129198238,0.204633713240185,-0.0299179255668004,1.03059321265782
4,3,0.202859264499449,0.0878844116233852,0.150800710425607,0.478236536215761
5,3,0.250313435271301,0.178180556755384,0.194677753464713,0.876410220295087
6,3,0.144600507584131,0.265334047793334,0.0182207615491233,1.39189353001358
7,3,0.141093537391124,0.216921654748914,-0.0351250449080801,1.10271596358475
8,3,0.17380060506877,0.143873360069319,0.117319844501568,0.740090076609559
9,3,0.0991571836755041,0.218400985632487,-0.351721175778586,1.07287022620246
10,3,0.145070637301748,0.279222163177643,0.0612929572600329,1.45594625921653
1,4,0.0353374066052606,-0.0972184437007066,0.308869468315372,-0.591214173336475
2,4,0.000451907422562993,-0.133966959436155,0.0704865373760218,-0.704061005760096
3,4,-0.046506817861,-0.153784201686209,-0.333169695099602,-0.843201719341028
4,4,-0.0441482853092058,-0.120496957696568,0.0252516529821775,-0.708895525855635
5,4,0.0104415927491743,-0.132291191155197,0.0169594410784623,-0.686374636199133
6,4,-0.0161169646875449,-0.154354805238384,0.0302581284606996,-0.736974606699646
7,4,-0.0113333656950925,-0.15306554788034,-0.0621837050519006,-0.949691932875232
8,4,-0.0136016421569995,-0.151587029553635,0.761117421534779,-0.719800027946335
9,4,-0.0360757026588842,-0.137636810191697,-0.633569611758489,-0.763693233608091
10,4,-0.0442989489185413,-0.178878737788167,-0.192605911658726,-0.895290213663432
1,5,-0.107276803303117,0.0894556789814029,0.544875543375577,0.487141167397531
2,5,-0.190378102566872,0.269191259369577,0.0146188400460521,1.35279320972068
3,5,-0.103597046967412,0.0393788508858922,0.733639286241488,0.225825645577429
4,5,-0.192401755357376,0.146366254157193,0.220175483394991,0.745842640245009
5,5,-0.104727376636123,0.0077615115066948,0.448761289383913,0.0531872211533125
6,5,-0.193185496594327,0.0123002491554886,0.0388328581118017,0.126048275727111
7,5,-0.137659025565577,0.190156605897309,0.608215838001404,1.03017874240863
8,5,-0.163069478550721,0.0990952478365327,0.252462019470254,0.52032467621338
9,5,-0.147751073605542,0.0672756211242468,0.0756923261856562,0.377079957859315
10,5,-0.238823284520761,0.28841703014626,0.220788925660882,1.43513727828265
1,6,0.144668656153965,0.144250562624619,1.66261304109708,0.695827824145471
2,6,0.134989834488184,0.129533730442417,1.33045611988217,0.666412949764796
3,6,0.160624790801639,0.106529783071132,1.28701357502947,0.50635042703938
4,6,0.144912005165457,0.175232614410775,1.96108787850408,0.881709651299536
5,6,0.154920815342761,0.130304616316368,1.57688917525178,0.571440716300903
6,6,0.17509753568256,0.079568836986596,1.82457646803886,0.410715351102186
7,6,0.14400980756562,0.0743662496950492,1.35634398043032,0.368081665718966
8,6,0.172405323682425,0.0473998301233545,2.24442429991805,0.165720500848922
9,6,0.13965632326615,0.0912900001447769,1.54945327331264,0.50386647493846
10,6,0.188145062551671,0.0942007225798592,1.31808999568467,0.434738122473136
1,7,0.138884314762681,-0.237674573636165,-1.38254445186644,-1.21907096996718
2,7,0.110170454005222,-0.32760801702307,-1.01593429813292,-1.53216588947501
3,7,0.124821930120791,-0.271889369489472,-1.36945504038429,-1.29869524169792
4,7,0.15445200030693,-0.275890871218879,-0.960322218849022,-1.44274105875928
5,7,0.112635159973385,-0.278016172659628,-1.23056742784211,-1.42955912361779
6,7,0.114783400458708,-0.308228877161688,-1.10062370604173,-1.46173712922848
7,7,0.131930768658242,-0.255890312040279,-1.046267918126,-1.3719800449343
8,7,0.145538705116937,-0.217270349987592,-1.17915436528296,-1.04315044594495
9,7,0.167207966916292,-0.242993769989219,-0.959913213842212,-1.28886153897923
10,7,0.106006568103662,-0.314814433733852,-0.976320697581058,-1.58271857459406
1,8,0.239874673797692,0.0973759226600533,-0.393874435998129,0.47230125478858
2,8,0.244110966567875,0.0191062376765795,-0.188884213479209,0.0561747124736901
3,8,0.212524473869219,0.174609425776434,-0.470709045796698,0.915673915595543
4,8,0.220140139567226,0.0386402805533713,-0.307086169195441,0.163088444584267
5,8,0.238230508268986,0.0626913791822414,-0.280614347275921,0.334701557065645
6,8,0.2024324388886,-0.00221146099513421,-0.598145326899066,-0.0192928278295879
7,8,0.23746322209589,0.0251644299733243,-0.0202152028484089,0.141459153228835
8,8,0.267755619997478,0.00439474101050025,-0.0742539884845498,-0.0419076750133947
9,8,0.260894087077279,-0.00295230078151723,-0.0148877826688801,0.0401017699525348
10,8,0.24240938888593,0.00325720490243113,-0.250836134055912,0.0155471242161181
1,9,-0.0971444892787332,0.171281893066274,0.0827568566776567,0.930803240914104
2,9,-0.0718283729369387,0.107856938108139,0.165804362494428,0.563555649703508
3,9,-0.037260391868863,0.0216329957167673,0.60474206537914,0.152448124440429
4,9,-0.0539529038674685,0.144570259765118,0.121046928040782,0.757066165180358
5,9,-0.0118156783361547,0.0354988245676191,0.475094404922945,0.11903356972522
6,9,-0.0801459317029821,-0.028902949298603,0.121666184392425,-0.0964033365537603
7,9,-0.0210749600511879,0.00250142025026746,0.413124312247191,0.0910601705655525
8,9,-0.104426891197021,0.117405526591166,-0.382634684612736,0.585625562987525
9,9,-0.083743227947389,-0.0246168901207331,0.341457567335653,-0.10986840016394
10,9,-0.0733034771277593,0.0860030964552868,0.327829941955715,0.44564097424799
1,10,-0.388615937697694,-0.184373937749091,-0.352817078864681,-0.96617216250839
2,10,-0.407726971633048,-0.186919274779403,-1.03513037299096,-1.01932758696955
3,10,-0.423794648349003,-0.160563854286671,-0.916810250862981,-0.810912296273222
4,10,-0.427540191814599,-0.161599827848278,-0.768894857391155,-0.849472470267067
5,10,-0.383169495096072,-0.190439225034322,0.280071374106481,-1.00680064347055
6,10,-0.402757268592739,-0.203220471932865,-0.4642438480156,-1.10019993836304
7,10,-0.409133318191843,-0.19357558173936,-0.356988906648187,-0.955681137202669
8,10,-0.424332566451374,-0.142085019168145,-0.523984229204364,-0.668747343706582
9,10,-0.395331381222141,-0.0928873660979985,-0.716942613502072,-0.466044578455316
10,10,-0.372502301782439,-0.109000103089045,-0.45217049230651,-0.438134998078303
1,11,0.182154077169077,0.00997340393905554,0.0128131726212893,0.143752327019286
2,11,0.206756229026524,-0.0126957420910226,0.233186620346514,-0.00956157198845718
3,11,0.229813729199865,0.0408614173418411,0.674147764412953,0.137960789991872
4,11,0.25970756326657,0.0244317083918636,0.558970429151988,0.19479396109512
5,11,0.224306352653825,0.0118828213104425,0.450544580274435,0.000634424521384576
6,11,0.227144482241337,0.023008640896383,0.648013534612959,0.12637991225806
7,11,0.11232619434639,0.28611747425845,-0.320284213607657,1.56411991627717
8,11,0.212335937116496,-0.00755477287313586,0.562513820784951,-0.0321885024019018
9,11,0.236114590640328,0.0288106514030555,0.481629740516408,0.137508761395421
10,11,0.204403075764284,0.00613893757663028,0.446307479634337,0.0505517823277384
1,12,-0.0615393098062739,-0.0101140910891114,0.504335777014811,-0.0313413177036696
2,12,-0.0771235034655632,0.185369985325234,0.313631581755646,0.949087822461509
3,12,-0.0886652408289665,0.0389145218966806,0.573243682511655,0.195935783989862
4,12,-0.0589207523403328,0.0174635922928113,0.332749589555154,0.0798168268163231
5,12,-0.199090823276589,0.326570860129832,0.108396244505008,1.59766867740824
6,12,-0.102854808021796,0.242853156235295,0.151331270467956,1.24807143734917
7,12,-0.0336697732212629,-0.0104125449733967,0.49052327241302,0.0373354457967396
8,12,-0.033451560256608,0.0576159637908973,0.484055796745522,0.262902123467739
9,12,-0.0638415340006022,0.130515541808127,0.33812713932794,0.570838098938134
10,12,-0.016773433130372,0.00812035694368485,0.989938463777073,0.034833818153973
1,13,0.0195165766256399,0.0686390498612596,0.189611021560086,0.311234232850299
2,13,0.0331588202204658,-0.000897656907396724,0.49252069050822,0.0150106328829936
3,13,0.017868809532887,0.00096094964700457,0.393329503683161,0.0573582552345396
4,13,-0.018607744888573,0.065047987583315,-0.26212744413461,0.313688806270981
5,13,-0.0250370876253969,-0.0391414615488902,-0.119587173297256,-0.181991904134679
6,13,-0.0103418311406225,0.0810481128249098,-0.0636874284217436,0.426116047960851
7,13,0.0187945060338057,-0.017021575602887,0.6120631007378,-0.084802691373391
8,13,-0.00393057714418263,0.0758782160408735,-0.0236023704699544,0.369873008458551
9,13,0.0449792053911994,-0.0192369171910997,0.464161185228777,-0.0479776890147729
10,13,-0.00514548416618234,0.168206909084682,0.0065607147627505,0.978305095970495
1,14,0.113346727347646,0.18727989719864,-1.10342872925328,0.946267786230475
2,14,0.109667584013914,0.15746164415903,-1.3097320172749,0.814674350926237
3,14,0.157103453438627,0.203254474055029,-0.963133706008994,1.06167773149574
4,14,0.103281272685249,0.205139116409638,-1.12429600116673,1.11359838595166
5,14,0.117347869183623,0.158830539225842,-1.2818801980277,0.852382178022239
6,14,0.148799672665269,0.08783661678714,-0.866764504902764,0.36217711651469
7,14,0.107440545886332,0.132951246132122,-1.30087933167863,0.714304618805641
8,14,0.117501542381864,0.178984860092222,-1.17594495613041,0.911074731856933
9,14,0.139117924872665,0.178607317492453,-1.13928799903473,0.961418431120675
10,14,0.156070683073657,0.126062766396849,-1.02986717592669,0.681690559035129
