rep,id,Cl,V1,Q,V2
1,1,4.97526396191492,21.0433486664447,13.9081818829083,28.8347123415263
2,1,4.93043239158039,22.272415328568,11.7220741400205,28.7964374924769
3,1,4.92780874445484,20.588966654992,10.9634737737329,25.8595050347061
4,1,4.94923720005677,22.7221240825253,11.0173476316334,29.5150343022316
1,2,6.55614367859551,25.2014617834595,5.47642468557516,24.2829788448666
2,2,6.51847117174262,22.0421335039786,6.49107924813231,24.2366434443329
3,2,6.68439134743801,22.4302705404626,6.82444292331527,24.2033247969193
4,2,6.45774576301001,23.4651959105234,5.11585779107695,27.1323769166909
1,3,6.57145219391407,26.7636700957715,4.4336661383163,20.3350497649285
2,3,6.88662565887024,23.0917432237616,8.27221154519057,25.8662935048556
3,3,6.821862432565,21.1336432213751,8.84482309071425,23.7985454931407
4,3,6.30621902435525,19.7858075060253,6.89228299310722,23.1472316502525
1,4,5.84604940710407,14.225276638631,2.01039845503192,23.5435854407584
2,4,5.85037846897924,13.4843019435688,2.45853953352232,24.7037839352865
3,4,6.01608132259633,14.076193341841,3.01921599240407,25.0136184176105
4,4,5.95247842748419,13.9176502866119,2.25446073012385,25.4221684135108
1,5,4.83980032021762,19.8502676919215,5.79429378571312,23.3627210299967
2,5,4.81843951137585,19.6848884288565,7.20303377019279,28.6913792573611
3,5,4.81910992546174,14.6697963532908,11.8115267645092,29.3866180831229
4,5,4.82552521068105,18.9401288628071,11.0973699570358,27.9689228338116
1,6,5.72449576276937,24.4275824072242,0.875405388032497,29.3137708041879
2,6,5.81033144397528,24.1763080246756,0.984137395693153,23.2285397219953
3,6,6.1746987083761,23.7940412162095,2.07738186191527,23.1442960727332
4,6,6.03720098260971,24.458321709357,2.07771732684113,27.682754485565
1,7,6.36940644338585,23.8931225569927,6.60785506580853,22.679648431008
2,7,6.22453044520674,26.3458879763873,3.88190472940211,25.040481218071
3,7,6.18574516130797,26.977564348226,4.70070579814738,25.9991966910686
4,7,6.37379009285885,23.4838949518787,6.52393536497594,27.3366062475831
1,8,5.25291505174465,23.9326544204406,5.15964435680499,24.1651679476062
2,8,5.34869119687772,23.0564994142932,6.73889398396902,24.7829928201671
3,8,5.08440179821925,19.234904909746,5.92799709516238,20.4137814218058
4,8,5.2283683484813,21.3739748362047,8.81149508785806,26.2716923627705
1,9,5.3210240269175,23.3607661805424,6.70333939458539,26.4764655076026
2,9,5.42692356754699,22.7317249291647,11.0628680923688,23.5133743822104
3,9,5.19078457602881,25.0053358183327,6.08748161309433,24.9595070929448
4,9,4.94554296943613,26.790149781393,2.70709392371061,28.6310246818383
1,10,5.41388197167871,24.5177379795743,7.51900998483061,23.1414034137374
2,10,5.18095303959157,26.4257886720653,3.8362721910057,24.9429673248936
3,10,5.10569348986852,21.444779486846,6.62889019682792,21.6753639514671
4,10,5.3089425927507,22.7120811105583,6.75437555578202,18.9960529737852
1,11,3.29814138046952,19.2415913728025,2.30260056536998,23.2787487157049
2,11,3.32604779336692,18.8286834291765,2.09961560877799,26.2822230036096
3,11,3.33239879907463,18.153458180076,2.61200148457482,31.9124994098973
4,11,3.40072620242873,19.5982536675811,1.98573067735758,25.5333563390535
1,12,3.49627535976657,18.5151630111924,4.46455071340775,25.4088143890769
2,12,3.33610541052245,15.9834309829424,2.99992273949803,23.8071829825105
3,12,3.3809222707619,19.2092536681278,1.47888651552757,20.1228087443435
4,12,3.54237963313114,20.8856004489119,3.62062718169705,25.1691207701322
1,13,4.53900378958801,23.532538183937,6.68328333027568,29.9323561628501
2,13,4.80006311073046,22.4224523690351,9.56274269935151,27.5849776756312
3,13,4.36309088495902,22.3526888289652,5.27572845306917,27.7095040393089
4,13,4.55510729533757,23.3858906522563,6.67611579504784,21.2219218271338
1,14,6.08603067555154,24.9634893999425,4.603796058009,26.7757717707364
2,14,6.33490398347284,23.8662349925064,6.40167573659353,28.6569468124806
3,14,6.16098219127411,23.5737828535939,4.49244259371678,25.8254311431583
4,14,6.23885873229906,23.7214120854164,6.82351664861632,25.3874319914345
