rep,id,Cl,V1,Q,V2
1,1,5.06801974667373,39.8260886163146,15.0068656786493,46.1897650679878
2,1,5.28329536032517,30.7204261168094,8.19708458420322,34.7290769558597
3,1,5.29987958857106,27.2783378109829,16.8589557340108,29.6776814916506
4,1,5.14409368462397,31.9752662563892,12.567388656035,35.8996347528644
5,1,5.12352941676289,31.4606889591238,13.0123392683477,35.3949233984916
6,1,5.11419389899247,33.3146281646943,13.9145784399507,37.1653745276037
7,1,4.89498174184624,26.0660651848172,17.5025626027517,28.8764646556193
8,1,5.21535233811839,33.5420175589532,10.6456643424335,37.7752778063633
9,1,5.27987102645727,33.4752245917189,17.7466163864475,37.9681721757221
10,1,5.29028271882235,33.5489038025542,17.4171721789292,37.6127687248391
1,2,12.9765933512219,44.905542332956,12.7608059711808,54.4031808464764
2,2,13.7792548124211,51.8347236930341,9.80630913264151,63.2217728826111
3,2,13.0205492271363,36.31548288931,19.7848782197907,40.7464967078205
4,2,13.2878448605929,51.9585284961998,7.11044534454653,63.838740645302
5,2,13.0963300746288,39.3708521114122,17.5214309717817,45.7757854596493
6,2,13.2974203014881,43.0438891949119,10.4966809927374,51.3793176543778
7,2,13.2422119983963,42.5696066652249,13.4899669935632,48.6928415540837
8,2,13.574780824318,48.4517675306258,9.09112224593746,59.1869571466529
9,2,13.2165656127296,49.2445494635946,9.88260101431059,59.7725987077214
10,2,12.885524745178,44.0071387245738,17.0017170267909,53.2936675411765
1,3,12.0985661051042,46.1879349818892,11.2574105565969,55.8317878209827
2,3,12.3204185354925,46.5146188050572,10.9482263785561,55.7472612248039
3,3,12.534958402849,48.5661016821188,12.1146974657699,58.9820316547841
4,3,12.5486039332283,47.9600453857111,13.080854709046,58.55574991494
5,3,12.2414846316841,40.2121094176024,20.6427767895053,47.3208679798935
6,3,12.781531264954,47.5431036240889,17.0331094118774,57.3564938857056
7,3,12.3580944363336,47.1181422664401,11.4239464488875,56.7811819083349
8,3,12.1229468619222,45.3764400756703,10.8685480797513,55.2938122558502
9,3,12.0231989011676,41.7488899774086,16.5230591523966,49.0507279396078
10,3,12.4275999449502,52.5534097364981,11.3738225580002,66.4496088475369
1,4,10.6007511892836,29.3981973388965,17.6793552546314,33.1087897475863
2,4,9.83698231521364,37.7591615724078,6.78138278801423,43.6726367786714
3,4,10.713126906335,30.3753119533239,22.4321634925136,33.9820442505043
4,4,10.1714526376999,24.0155365620254,42.9137029500065,26.0840695572025
5,4,10.2380860938576,40.5177717857117,5.09195569213531,48.2035727683303
6,4,10.4492183657391,28.7663146641891,21.0682567485587,30.7794437794293
7,4,10.3499083166854,43.4082229781876,6.83982714333028,53.5406807368364
8,4,10.3869657788165,25.5943023073057,35.3322124656688,28.5647548556596
9,4,10.2403085711444,42.2902771674218,6.22811456314129,50.1432188804771
10,4,10.4488065521058,29.7917258034449,18.252395748646,33.1625051244368
1,5,9.1888813419563,40.9900399494822,26.01169864271,49.2140980919293
2,5,9.5509208193955,48.6491073475233,19.8727697552162,59.8512431639061
3,5,9.08301063564582,55.8478354949136,14.8775169788644,69.7631235731154
4,5,9.0003061446467,43.1918378774486,25.9621650659339,51.2922373193647
5,5,8.95340917797428,44.0526434596626,11.7431819483878,52.4548393599518
6,5,8.8299923001374,36.1130818672988,24.3412110994898,42.2243238876145
7,5,8.92653860297901,49.1306034485297,9.42538792532012,61.0976154124578
8,5,9.31941599596917,45.7988790801685,14.0958016245948,54.9257761122153
9,5,8.91150254346474,47.7482628502404,15.1148823519884,56.6892708428944
10,5,8.85788088041308,42.4880732673758,19.3801168815973,50.9993871805675
1,6,12.1773557209666,63.2186604304978,41.8150358578142,81.1149697812057
2,6,11.922040217235,58.9590038893731,43.6806537616581,72.3472295637915
3,6,11.772222513634,81.6979679118107,17.8969051824917,108.06130165509
4,6,11.519921181722,72.6994818885687,27.0133558773083,94.8159331400805
5,6,11.8460152559542,59.4515935287323,23.1099656344132,78.4538510905198
6,6,11.6273654717961,63.0461933119478,34.2891868568888,82.8202971736983
7,6,11.5564918999846,73.5581003875831,28.0405460094875,96.4226949900641
8,6,11.1986903650783,66.3464868990734,17.6333479270251,87.2293641318837
9,6,11.5919442077986,64.3973943229782,21.5611224576326,83.005213472813
10,6,12.2546903452618,52.9532587870526,47.3673903854011,65.7182097583086
1,7,11.6164772653324,22.462761138801,7.37302946507314,23.5270318084177
2,7,11.3819074820619,21.2867777465261,6.70522657287868,21.9047367317349
3,7,11.502112203425,23.3767064274708,7.16741681206467,25.0876623676205
4,7,11.7202275128516,24.4686275232093,7.31796690181655,26.8412581307077
5,7,11.5955125483706,20.8212091676534,8.42402449688738,21.8281845393392
6,7,10.753255966354,20.0340116414363,5.24182376465739,20.1290215393046
7,7,11.275495538928,25.2250469439392,5.54070171213744,27.4964556114461
8,7,12.0395523168189,25.6813613878247,5.982112179658,27.6582597648025
9,7,11.5480469103475,20.2696618460448,7.6910111027563,20.6751282791854
10,7,11.2572222558598,20.7082757904873,7.13224708779741,21.051935877983
1,8,13.3036760883098,41.2617780687867,12.1689260209784,50.8536818980588
2,8,12.6479876086962,46.7086744146112,7.88306032208566,56.5136544951983
3,8,13.2652696719119,46.4269189398701,7.57844079742651,58.0179007996592
4,8,12.85758489776,36.7170103212889,10.0601286333706,41.4456158681464
5,8,12.836168849212,45.5394681342194,7.09220370793941,56.3640728069908
6,8,12.9049198317127,44.6259339801802,7.8930672180691,52.829632482614
7,8,13.2973950520476,52.0405296868826,7.46419649654517,64.6205002011682
8,8,12.7594069256587,33.9839652840712,11.7008045997603,38.8168673335224
9,8,12.8736584830191,39.9510755105899,10.2086060333387,45.1144208136729
10,8,13.820080773771,45.7875627294415,12.035778122839,56.2676614293346
1,9,10.0980288404926,42.4936148505484,18.5534997570265,50.9197590738605
2,9,9.7949775061622,40.0241667258175,16.0669473935997,48.2378523759717
3,9,9.72031267914306,46.8522199873638,13.6302190725976,55.4259705664131
4,9,10.0586359432961,42.1653331187199,16.0295034657096,50.4166959972533
5,9,9.76792994563699,38.1423143550279,17.3933744367905,44.0674420964818
6,9,9.91569325160471,37.833092773229,14.4199827632484,44.9361684745943
7,9,10.1443920646025,39.4937849743851,16.0905966046246,46.9640750570954
8,9,9.94874882325257,50.2770302171679,12.6951114648636,62.0196602100293
9,9,10.045251194772,41.628752569845,16.9398931816681,48.5772336946425
10,9,9.89893843046655,38.163892160563,19.5133306876718,43.8777023639571
1,10,6.81741162218089,23.2524351655687,33.1904643473044,24.7918891885015
2,10,6.64650327214017,34.6353684927174,3.61185514954643,38.2749676891607
3,10,6.63142498995109,36.379343443335,5.35573872211968,40.7244576788261
4,10,6.76306514623984,22.3151706807414,16.5900336833661,24.2702424714039
5,10,6.70045843818397,21.4923271302273,22.2978684780545,22.3854395071281
6,10,6.59646288261424,33.8474008314672,3.59950898787271,38.857122771672
7,10,6.42237482684534,34.2055268834244,2.81098674925443,38.6105197387471
8,10,6.94538370430464,22.5901646236637,32.5679704297569,23.7663952252424
9,10,6.81197148111744,21.6147609682151,17.904061291903,22.6390997926481
10,10,7.00618664735768,33.3834434948495,6.48264825191178,38.597016550092
1,11,13.2170586009247,45.4243605917604,18.074419368777,54.3522921693273
2,11,12.9384116412147,48.7135569779104,12.9742954389006,58.7663216033192
3,11,13.3383064933679,55.4994740906355,10.1706220130653,67.5202509993046
4,11,13.1111687794612,38.4353130417979,26.6564299370644,44.6831036095674
5,11,13.4350903043816,41.8409197538421,21.7809944448826,49.5225579952265
6,11,12.4220257095631,54.5234571223857,7.15021796276308,68.6393229214293
7,11,12.5430797757963,55.207541169407,7.6414693951445,69.2513076678959
8,11,12.5246416398167,37.4933338683294,18.1040840966923,43.1050982319697
9,11,12.6472997158367,37.675904875281,20.4590270757395,43.0843517943628
10,11,12.8929646609388,46.1785689476449,15.6915491726943,54.5834505378734
1,12,9.89229638772117,46.3775270849706,20.2476909192104,57.7493603816896
2,12,9.94539123442859,40.0735032893411,46.6431835023278,48.8067521932825
3,12,9.81647852095183,46.1398573619049,12.7839860157353,54.424036380368
4,12,10.1400975311764,45.5731973203919,20.6723698921835,55.6869063259439
5,12,9.87505244648792,50.9878827088349,15.465051723076,60.9006442713008
6,12,9.88457021050401,44.4672971158473,17.0547003873047,54.410483778113
7,12,9.68856726525567,51.403162855651,17.0289103432321,64.1277033696515
8,12,10.1197526919958,54.3951940023689,11.8824643756469,70.9340169400117
9,12,9.87936497338415,48.3827569775041,14.4669911464829,59.7807745210588
10,12,9.84939226977611,49.049831924979,22.2402326291401,58.8592834963576
1,13,10.8350728199389,39.6302654677414,15.0082806438278,45.8172705162399
2,13,11.1204239528009,42.2699433531104,20.1385207982706,50.7112772965745
3,13,10.4413730119709,44.6345425526968,11.5201802228687,52.8434347389085
4,13,11.0204396348927,38.6578251641076,44.4067302571637,43.9515093048249
5,13,10.535543031917,39.9864438890852,23.0957607012222,48.7816619565136
6,13,10.5992713880842,44.6075244891278,10.9793877153401,52.2733823158287
7,13,11.0062644989742,38.8680947067594,25.2034333928436,46.0664781706074
8,13,10.5088092837942,35.9693302289135,24.3371469750185,41.8772201703992
9,13,11.0760455424666,40.9347863252829,21.6668816220652,47.912517848944
10,13,10.6574106940767,54.4305754352238,7.22362017136071,66.3247436811317
1,14,12.4013093460959,43.4127355535501,6.39899238915797,51.4623780903734
2,14,12.5353055471968,28.5788422113661,55.7783003155434,30.3313179596958
3,14,11.8170206385584,45.6298012779526,4.3177422924195,55.6847476233726
4,14,11.4301976205103,45.1075080092316,3.16371193378358,54.246891856552
5,14,12.0985895205755,45.7244474648205,3.24858659540123,55.0079560100037
6,14,12.1204319752621,26.9359611196899,42.1232778040883,29.0361837342097
7,14,11.6545985467961,46.420567499054,3.75528878500135,54.7472410908425
8,14,12.6393423571801,52.7182304600294,6.29724019453749,65.162822963554
9,14,12.1065098382707,51.5868745335704,2.73382116266809,62.9797533521181
10,14,12.5088446777487,28.3702707746057,45.4153701122396,31.4163441684879
