rep,id,eta_Cl,eta_V1,eta_Q,eta_V2
1,1,0.111571538869573,0.189019685296891,-0.555039585966915,-1.0326030697172e-8
2,1,0.104484099159681,0.211659344480901,-0.438519433925402,-2.28380123701299e-8
3,1,0.0783037292576521,0.0514425776862688,-0.243698867505874,9.20584586339146e-9
4,1,0.15897412427754,0.299903093491017,-0.344374968017444,5.21959453436693e-9
1,2,-0.462570584453592,-0.0505510570413414,-0.147951765193756,4.87177440611219e-8
2,2,-0.390335271040511,0.0548713709313566,-0.348586860199232,-8.98198670995498e-9
3,2,-0.467566604831506,-0.110422674849555,-0.324995657853601,6.46623243838462e-9
4,2,-0.440912862612871,-0.0960074338149552,-0.105011144939054,3.0124376770857e-8
1,3,-0.466295461215999,-0.152612659061052,-0.0558013280266161,1.62586983876167e-8
2,3,-0.461507950501379,-0.0632681749617277,-0.22826823449752,-1.44814555902428e-8
3,3,-0.468264842642669,-0.0689321792406421,-0.473757520342133,2.6745670567152e-8
4,3,-0.459839033224355,-0.132892262985765,-0.273161878315748,-3.0976348597278e-8
1,4,-0.478677253832028,-0.086365504074962,-0.406985753757192,-4.31208357909441e-9
2,4,-0.475999401361962,-0.130477797775358,-0.331887871373046,4.09142142387964e-8
3,4,-0.454645409221295,-0.138723794506103,-0.329098245752533,9.89202408874235e-9
4,4,-0.487319994695603,-0.0389528836753574,-1.01289362466856,-2.66375623780846e-8
1,5,0.143302260996251,0.215488147038072,-0.357224643040909,-1.28307675595352e-9
2,5,0.0974780618292419,0.0910528644774966,-0.350076816597218,1.29719457397925e-8
3,5,0.162073770370246,0.232726575598044,-0.249098963112078,-3.09295806744103e-8
4,5,0.141878707781717,0.21169518832823,-0.405297664263989,2.81546546077038e-8
1,6,0.204164939216867,0.0844838368909611,1.09242102099545,6.79551925841793e-9
2,6,0.198953118832941,0.203878220732311,0.532061668633604,-6.20574125420603e-9
3,6,0.202817343861416,0.176089383445825,0.502708383292366,1.95436431482676e-8
4,6,0.209054416178376,0.127590739925535,0.79951643587546,1.11975206884551e-8
1,7,0.0517478539228775,-0.502849615998706,-0.0916613792412402,3.30062968068034e-8
2,7,0.0121944741730662,-0.450844605412875,-0.420106154104252,3.0109897686259e-8
3,7,0.0691624106394571,-0.5631194107901,0.00153855176964712,-2.67738653469962e-8
4,7,0.0725726134084588,-0.418924168713986,-0.170198706458292,-3.10313308382604e-8
1,8,0.193948674115565,0.0463779082903146,0.57729871302648,-4.7013104520488e-10
2,8,0.164432762237389,0.0880248785941551,0.494828942992042,-2.13091064793502e-8
3,8,0.151311679756601,-0.167325204283048,0.824071721168226,-2.76769722695747e-8
4,8,0.19800104318388,0.0761251312868283,0.581875344060609,-1.23881962466044e-8
1,9,0.153516761628737,0.165576621096619,0.896236039646936,-3.13604080481866e-8
2,9,0.157824212361029,0.234467172948746,0.790766103118592,-2.15720596941082e-9
3,9,0.160871823267811,0.183781207977752,0.622608064943392,6.85840229053269e-9
4,9,0.186970901900859,0.247084823328034,0.853366332415364,-2.92673458801573e-8
1,10,0.129025335403654,0.156708841770058,-0.310118964262909,1.64029545501876e-8
2,10,0.126743704590287,0.280725197880861,-0.870939537426533,-6.98055480086168e-9
3,10,0.135453764818969,0.19954393319663,-0.36935262247928,-2.12741957383855e-9
4,10,0.148981551619377,0.21405894921884,-0.314394279479894,-3.61332896936517e-8
1,11,0.0343576094531315,-0.555611638229962,-0.165004346666695,3.97103012694799e-8
2,11,0.019518666870586,-0.452387138996776,-0.32056066581472,-1.29531763093382e-8
3,11,0.0342800648434518,-0.442109648272383,-0.233855471399191,2.02219729850128e-8
4,11,0.018128287460625,-0.454933488650826,-0.309293469444758,-7.52066053877343e-9
1,12,0.177196967388338,0.233058133062891,0.367528343839213,5.67125502115573e-9
2,12,0.200116109446652,0.0477392401524708,0.800347863591046,-1.44714515926125e-8
3,12,0.191055698046933,0.299346989274671,0.177799947495988,2.34484920369482e-9
4,12,0.235083614216271,0.295406013074244,0.605870406998045,4.15396379516153e-8
1,13,0.174283937488622,0.245004737115173,-0.0984976796467352,-7.54951656745106e-12
2,13,0.0916561226752366,0.168975187393392,-0.791434701715322,3.02089699921737e-8
3,13,0.138045853266476,0.147167916568999,-0.141867652946938,-8.28008417386172e-9
4,13,0.100820875150145,0.15504931244142,-0.534357298645644,7.27152116297702e-10
1,14,0.189537528668466,0.184726301521414,0.480966738099468,1.45395300243933e-8
2,14,0.177173808006904,0.0490693860143616,0.846781951881902,-8.07684186199253e-9
3,14,0.205358891294716,0.186564257346126,0.650941251802514,-8.65724825160896e-9
4,14,0.205994753102253,0.0622637777634312,1.11797419983579,3.97153421261009e-11
