iteration,convergenceIndicator,phase,Cl_pop,V1_pop,Q_pop,V2_pop,omega_Cl,omega_V1,omega_Q,omega_V2,a1,a2
1,1568.53,1,10.2275,43.2233,11.1604,60.344,1,1,1,1,1,1
2,1553.02,1,5.77599,30.8221,14.255,55.3037,0.974679,0.974679,1.03153,0.974679,0.974679,0.974679
3,1539.03,1,5.37376,28.4218,12.2565,67.5536,0.95,0.95,1.06698,1.02723,0.95,0.95
4,1532.35,1,4.98011,27.9453,13.6808,74.1381,0.925945,0.925945,1.0683,1.00632,0.925945,0.925945
5,1513.5,1,5.26485,28.758,10.0307,82.8436,0.9025,0.9025,1.04125,0.983318,0.9025,0.9025
6,1499.59,1,4.89327,24.214,7.98107,82.2135,0.879648,0.879648,1.02042,0.95842,0.879648,0.879648
7,1492.99,1,4.19811,28.0101,7.87771,99.3286,0.857375,0.857375,0.994585,0.934152,0.857375,0.857375
8,1477.79,1,4.73827,25.7142,8.12674,96.9888,0.835666,0.835666,0.969402,0.969738,0.835666,0.835666
9,1478.58,1,4.81417,24.922,7.44204,93.9738,0.814506,0.814506,0.990017,1.12551,0.814506,0.814506
10,1463.81,1,4.2255,23.0293,6.4686,116.821,0.793882,0.793882,1.02317,1.09701,0.793882,0.793882
11,1440.57,1,4.7391,22.6273,5.42453,86.9436,0.773781,0.773781,0.997265,1.06924,0.773781,0.773781
12,1431.72,1,4.36433,22.1947,5.10177,91.121,0.754188,0.754188,0.972014,1.04903,0.754188,0.754188
13,1433.26,1,4.20632,22.4987,6.24974,119.694,0.735092,0.735092,0.947402,1.13181,0.735092,0.735092
14,1419.81,1,4.21507,23.0716,5.17859,111.551,0.716479,0.716479,0.94681,1.11213,0.716479,0.716479
15,1401.11,1,4.2407,22.7082,5.42546,118.066,0.698337,0.698337,0.956889,1.08397,0.698337,0.698337
16,1400.17,1,4.47218,24.4048,5.78172,114.408,0.680655,0.680655,0.93266,1.05653,0.680655,0.680655
17,1376.52,1,4.46536,21.9826,4.8252,123.932,0.66342,0.66342,0.909044,1.02977,0.66342,0.66342
18,1370.68,1,4.37316,22.797,4.4662,121.178,0.646622,0.646622,0.886027,1.10651,0.646622,0.646622
19,1356.2,1,4.40998,22.0892,4.76658,122.175,0.630249,0.630249,0.863592,1.07849,0.630249,0.630249
20,1333.16,1,4.59607,23.2834,4.09326,112.568,0.614291,0.614291,0.841725,1.05118,0.614291,0.614291
21,1326.38,1,4.63245,20.6742,4.76604,91.8803,0.598737,0.598737,0.820412,1.02456,0.598737,0.598737
22,1307.75,1,4.69864,20.7735,4.58087,102.229,0.583577,0.583577,0.799639,0.998621,0.583577,0.583577
23,1304.85,1,4.70021,21.5133,4.15052,105.436,0.5688,0.5688,0.779392,0.978245,0.5688,0.5688
24,1294.44,1,4.38665,23.6454,3.79055,131.034,0.554398,0.554398,0.759657,1.11343,0.554398,0.554398
25,1284.44,1,4.58896,22.7634,3.60076,107.777,0.54036,0.54036,0.741056,1.16566,0.54036,0.54036
26,1276.61,1,4.27235,22.4295,3.52416,128.138,0.526678,0.526678,0.722292,1.13615,0.526678,0.526678
27,1264.99,1,4.26138,23.3973,3.70059,147.585,0.513342,0.513342,0.704003,1.11323,0.513342,0.513342
28,1249.91,1,4.47272,23.9657,3.87214,135.631,0.500344,0.500344,0.686178,1.08504,0.500344,0.500344
29,1251.13,1,4.37066,22.6478,4.06337,141.032,0.487675,0.487675,0.668803,1.09032,0.487675,0.487675
30,1228.4,1,4.48468,23.5531,3.95739,136.449,0.475327,0.475327,0.651869,1.09566,0.475327,0.475327
31,1230,1,4.30492,22.8532,3.52924,147.603,0.463291,0.463291,0.683555,1.09828,0.463291,0.463291
32,1211.49,1,4.23268,22.6452,3.293,163.345,0.45156,0.45156,0.666247,1.07048,0.45156,0.45156
33,1203.38,1,4.27654,22.4441,3.02849,154.525,0.440127,0.440127,0.649377,1.04337,0.440127,0.440127
34,1196.77,1,4.45078,24.1365,2.79717,157.414,0.428982,0.428982,0.677021,1.01772,0.428982,0.428982
35,1185.43,1,4.26385,22.998,2.94037,153.164,0.41812,0.41812,0.661101,1.013,0.41812,0.41812
36,1172,1,4.03323,23.4791,3.47519,171.49,0.407533,0.407533,0.644362,0.987346,0.407533,0.407533
37,1172.31,1,4.12309,23.5025,3.47369,179.088,0.397214,0.397214,0.656197,0.962346,0.397214,0.397214
38,1158.15,1,4.17919,23.4132,3.28061,172.783,0.387157,0.387157,0.639582,0.984366,0.387157,0.387157
39,1140.87,1,4.26356,23.7839,3.32951,164.677,0.377354,0.377354,0.623387,0.959442,0.377354,0.377354
40,1139.56,1,4.17807,23.7477,3.40201,159.076,0.367799,0.367799,0.607603,0.96838,0.367799,0.367799
41,1131.4,1,4.33234,22.3447,3.15919,160.528,0.358486,0.358486,0.592218,0.957528,0.358486,0.358486
42,1117.76,1,4.21919,23.1958,3.19154,175.726,0.349409,0.349409,0.577223,0.963884,0.349409,0.349409
43,1108.62,1,4.28312,22.8012,3.27441,175.461,0.340562,0.340562,0.562607,0.990924,0.340562,0.340562
44,1097.19,1,4.13145,23.0348,3.58156,182.955,0.331938,0.331938,0.548362,0.989909,0.331938,0.331938
45,1095.5,1,4.06111,22.6551,3.54687,166.338,0.323534,0.323534,0.534477,1.13763,0.323534,0.323534
46,1093.58,1,4.07848,23.6695,3.6013,174.48,0.315341,0.315341,0.520944,1.12482,0.315341,0.315341
47,1078.81,1,4.06254,22.4102,3.83155,168.182,0.307357,0.307357,0.507753,1.17102,0.307357,0.307357
48,1069.27,1,4.1556,21.7794,3.71719,165.217,0.299574,0.299574,0.494896,1.14137,0.299574,0.299574
49,1058.91,1,4.16967,22.5156,3.89059,158.208,0.291989,0.291989,0.482365,1.11247,0.291989,0.291989
50,1051.87,1,4.29773,21.9246,4.04812,144.235,0.284596,0.284596,0.470152,1.0843,0.284596,0.284596
51,1038.99,1,4.25623,22.9467,3.78819,154.832,0.27739,0.27739,0.458247,1.05684,0.27739,0.27739
52,1027.27,1,4.11777,23.0063,3.79638,180.111,0.270366,0.270366,0.446644,1.03008,0.270366,0.270366
53,1029.1,1,4.11068,22.5198,3.75966,163.603,0.26352,0.26352,0.435335,1.09549,0.26352,0.26352
54,1024.92,1,4.16385,23.3227,3.43928,167.154,0.256848,0.267114,0.424312,1.06775,0.256848,0.256848
55,1018.98,1,4.16374,23.3467,3.65518,168.309,0.250344,0.260351,0.458109,1.04071,0.250344,0.250344
56,1016.62,1,4.16282,23.7147,3.60245,174.261,0.244005,0.253758,0.446509,1.01436,0.244005,0.244005
57,1002.45,1,4.09365,23.4612,3.72978,199.425,0.237827,0.247333,0.435203,0.988678,0.237827,0.237827
58,1004.29,1,3.96311,22.4831,3.61809,189.768,0.231805,0.241071,0.424184,1.00107,0.231805,0.231805
59,998.184,1,4.06223,22.2348,3.72276,189.566,0.225936,0.234966,0.413443,1.02795,0.225936,0.225936
60,997.601,1,4.17584,22.0116,3.9734,161.969,0.230041,0.229017,0.402974,1.03776,0.220215,0.220215
61,997.841,1,4.25122,22.8189,4.01041,145.74,0.255138,0.223218,0.392771,1.09044,0.214735,0.214639
62,993.469,1,4.38836,22.9512,4.02344,136.985,0.248677,0.233137,0.396961,1.10677,0.209298,0.209204
63,992.327,1,4.44172,22.54,3.79856,121.567,0.242381,0.227234,0.38691,1.18108,0.214485,0.203907
64,983.938,1,4.43631,22.8228,3.76747,109.475,0.236243,0.225996,0.384875,1.29886,0.225644,0.198744
65,986.639,1,4.38415,22.8784,4.00719,128.367,0.230262,0.242885,0.37513,1.26597,0.22427,0.193711
66,979.555,1,4.46961,22.4389,4.04132,110.992,0.224431,0.248511,0.387412,1.23391,0.230151,0.188807
67,976.145,1,4.45633,22.1177,4.03535,94.8226,0.218749,0.242219,0.377602,1.24974,0.245884,0.184026
68,975.859,1,4.51608,22.0356,4.22502,90.748,0.21321,0.236086,0.368041,1.28774,0.239658,0.179366
69,975.872,1,4.5303,21.6054,4.23937,99.7968,0.207811,0.230108,0.358722,1.25513,0.246421,0.174825
70,967.26,1,4.50023,21.4811,4.1242,91.4207,0.202549,0.231664,0.349639,1.22335,0.253596,0.170398
71,973.154,1,4.57515,21.9316,4.14976,97.9446,0.208164,0.225798,0.349811,1.19238,0.252724,0.166083
72,965.856,1,4.51551,22.4303,3.99901,98.6595,0.202893,0.25774,0.34416,1.16219,0.25051,0.161878
73,954.635,1,4.57401,21.8697,4.04214,87.2568,0.197756,0.251214,0.359345,1.13276,0.245977,0.157779
74,954.467,1,4.58236,21.0868,4.28102,92.772,0.192749,0.244853,0.368117,1.10408,0.255556,0.153784
75,943.222,1,4.60977,21.0102,4.1721,91.5985,0.187868,0.238653,0.358796,1.11015,0.26814,0.14989
76,944.926,1,4.57409,21.3987,4.14822,92.0642,0.183111,0.23261,0.349711,1.08204,0.262881,0.146095
77,942.579,1,4.53806,21.8385,3.81619,92.5965,0.178475,0.22672,0.341657,1.11215,0.258706,0.142396
78,941.899,1,4.55098,21.905,3.80926,97.052,0.173956,0.242595,0.374244,1.08399,0.267297,0.13879
79,927.428,1,4.5236,21.2627,3.83427,103.087,0.169551,0.245852,0.364768,1.05654,0.275986,0.135276
80,925.186,1,4.53909,21.3285,3.85276,100.938,0.165258,0.239627,0.355532,1.02979,0.277475,0.131851
81,928.975,1,4.53006,20.8632,3.81727,100.234,0.163519,0.252958,0.34653,1.00371,0.281311,0.128512
82,926.004,1,4.55265,21.0282,3.82887,100.088,0.172708,0.25438,0.337755,0.978297,0.274188,0.125258
83,927.418,1,4.55846,21.1157,3.99854,98.1942,0.174974,0.247939,0.335499,0.953526,0.282416,0.122087
84,916.026,1,4.64487,21.7906,4.11101,92.1117,0.172974,0.241661,0.327004,0.957784,0.282275,0.118995
85,914.187,1,4.63855,21.9493,4.06198,98.3296,0.178441,0.245905,0.318724,0.933532,0.275128,0.115982
86,906.344,1,4.54071,21.3584,3.96104,99.2266,0.175298,0.239679,0.310654,0.920118,0.282931,0.113045
87,901.28,1,4.57504,21.543,3.88876,98.0071,0.170859,0.23361,0.303621,0.89682,0.291112,0.110183
88,898.303,1,4.59128,21.0719,3.8968,101.656,0.166533,0.239765,0.298248,0.874112,0.292434,0.107393
89,895.562,1,4.612,21.2721,3.95482,98.1907,0.162316,0.261774,0.290696,0.851979,0.297205,0.104674
90,892.894,1,4.6063,21.0173,3.76592,91.5731,0.158206,0.258386,0.283335,0.86895,0.296168,0.102024
91,880.439,1,4.61654,21.0923,3.7071,89.507,0.1542,0.275229,0.276161,0.846947,0.297803,0.0994403
92,878.003,1,4.67969,20.8361,3.79046,88.0669,0.150296,0.26826,0.269821,0.825502,0.305444,0.0969224
93,875.797,1,4.63341,21.3443,3.67805,92.2516,0.14649,0.261601,0.263162,0.842925,0.29771,0.0944682
94,871.56,1,4.63134,21.1192,3.72597,89.1709,0.142972,0.254977,0.293025,0.865399,0.297602,0.0920763
95,867.959,1,4.62618,21.333,3.66543,88.8757,0.139352,0.255209,0.285605,0.867681,0.297354,0.0897448
96,868.844,1,4.61613,21.2654,3.66013,86.6283,0.140165,0.267112,0.294344,0.911512,0.293548,0.0874724
97,871.851,1,4.61908,21.1068,3.83807,87.7125,0.14257,0.264363,0.331457,0.941051,0.290802,0.0852576
98,870.327,1,4.60606,20.7183,3.90273,89.1254,0.14935,0.257669,0.334225,0.917223,0.29693,0.0830988
99,863.633,1,4.66608,21.0307,4.00234,88.6525,0.145568,0.263623,0.331793,0.893998,0.302935,0.0809947
100,861.499,1,4.75699,21.1473,3.84409,78.2607,0.144363,0.270602,0.372387,0.87602,0.30017,0.0789439
101,862.257,1,4.74626,21.0041,3.82661,74.4309,0.149038,0.270457,0.362958,0.936141,0.306521,0.076945
102,852.811,1,4.71658,21.0842,3.79104,80.4187,0.146381,0.266569,0.371466,0.912437,0.306092,0.0749967
103,849.554,1,4.71096,20.6388,3.82106,84.4054,0.143608,0.269995,0.362061,0.889334,0.305394,0.0730977
104,859.182,1,4.70752,20.5888,3.72395,82.3963,0.147219,0.268228,0.352893,0.866816,0.304746,0.0726351
105,852.922,1,4.67708,20.5673,3.82187,79.6783,0.157111,0.261437,0.386267,0.844867,0.303267,0.0707959
106,845.215,1,4.68405,20.1519,3.8858,81.5144,0.164524,0.273559,0.405539,0.823475,0.307311,0.0690033
107,852.9,1,4.68335,20.4981,3.80438,83.5363,0.160358,0.276855,0.398853,0.802624,0.306842,0.0675853
108,854.227,1,4.65406,20.7816,3.68822,81.399,0.163944,0.27568,0.388754,0.834532,0.301846,0.0684805
109,857.937,1,4.71206,21.213,3.60538,77.4697,0.167336,0.285052,0.402599,0.822093,0.304409,0.0684238
110,853.754,1,4.71246,20.9052,3.63492,75.6651,0.169798,0.277835,0.392405,0.803203,0.306406,0.0675869
111,848.328,1,4.71629,20.8111,3.54516,80.2193,0.169185,0.2708,0.382469,0.782866,0.311311,0.0658756
112,856.355,1,4.7475,20.9114,3.43454,73.2564,0.170311,0.269079,0.426136,0.806969,0.303737,0.0680413
113,850.361,1,4.71917,20.8286,3.55044,72.5599,0.174817,0.262266,0.44436,0.791377,0.310814,0.0663184
114,850.787,1,4.75972,20.3246,3.74238,68.4879,0.177913,0.2653,0.437797,0.819618,0.312662,0.0646392
115,845.224,1,4.79562,20.231,3.85178,63.9724,0.173408,0.274152,0.426711,0.904107,0.310732,0.0630025
116,843.611,1,4.80064,20.26,3.77369,59.6966,0.169017,0.268457,0.415907,0.961151,0.310187,0.0619531
117,851.748,1,4.8354,20.3059,4.00579,57.2771,0.164738,0.284682,0.405376,1.04153,0.306144,0.0643122
118,847.371,1,4.83189,20.3194,3.97597,60.6241,0.163025,0.295899,0.41309,1.01516,0.307293,0.0628425
119,845.709,1,4.84148,20.4916,3.92274,59.6606,0.166221,0.288407,0.430703,0.989453,0.305999,0.0620511
120,846.299,1,4.82935,20.1194,4.12592,59.6953,0.170595,0.281915,0.44569,0.964399,0.305792,0.0619339
121,847.327,1,4.85914,19.8222,4.18922,56.557,0.166275,0.278921,0.467306,1.01413,0.306487,0.061593
122,843.434,1,4.83952,19.996,4.17723,54.6932,0.166639,0.277902,0.479781,1.04321,0.306731,0.0600335
123,843.994,1,4.86802,19.9508,4.30423,55.3945,0.162823,0.28989,0.499137,1.01679,0.308084,0.0594035
124,843.266,1,4.85074,20.0746,4.26528,56.0551,0.1626,0.289787,0.486499,1.01944,0.310416,0.0588695
125,846.426,1,4.83299,19.9102,4.23526,55.2372,0.169999,0.303633,0.510752,1.03074,0.312733,0.0581157
126,841.539,1,4.87299,19.7131,4.16884,56.0594,0.169869,0.297461,0.518425,1.00464,0.309347,0.0579942
127,839.309,1,4.8661,20.0235,4.11421,56.3734,0.18135,0.28993,0.529289,0.979202,0.31034,0.0572337
128,834.991,1,4.8814,19.8323,4.18773,57.0463,0.178108,0.282588,0.526764,0.954408,0.308613,0.0569555
129,832.005,1,4.88749,19.9309,4.26204,54.5333,0.173599,0.275433,0.526814,0.930242,0.312785,0.0555133
130,846.035,1,4.86994,19.6929,4.39526,55.741,0.171194,0.268781,0.561745,0.924714,0.307479,0.0600819
131,834.937,1,4.85243,19.7901,4.25618,55.0139,0.176186,0.267459,0.547521,0.963309,0.307774,0.0585606
132,844.06,1,4.89061,20.0269,4.07649,52.9299,0.175494,0.269452,0.533657,0.968318,0.309376,0.0597668
133,838.331,1,4.9011,20.1957,4.0222,51.5361,0.171913,0.276429,0.520145,0.95761,0.306758,0.0582875
134,838.575,1,4.91408,19.9684,4.08147,52.8892,0.169722,0.277084,0.561616,0.95742,0.30481,0.0578771
135,830.573,1,4.91807,20.0418,4.08693,52.4933,0.165425,0.270068,0.56316,0.941002,0.30667,0.0564117
136,832.372,1,4.8796,19.4689,4.12217,51.2407,0.161236,0.26323,0.555981,0.970627,0.313863,0.0559128
137,831.264,1,4.93487,19.3948,4.15185,50.921,0.157154,0.262681,0.571658,0.9498,0.309475,0.0564612
138,831.524,1,4.92673,19.5923,4.02519,48.9522,0.153174,0.266273,0.557184,0.926127,0.303985,0.0581339
139,831.942,1,4.95986,19.7472,4.07276,50.0625,0.150913,0.293824,0.543075,0.930685,0.301673,0.0578344
140,835.908,1,4.98558,19.6036,4.01174,48.6624,0.14856,0.289764,0.539462,0.907119,0.312448,0.0576392
141,834.184,1,4.99977,19.793,4.02495,45.0222,0.147863,0.282427,0.53505,0.897678,0.309836,0.0576632
142,828.21,1,5.01568,19.5246,4.16489,42.9181,0.144119,0.275276,0.521502,0.882818,0.30719,0.0572247
143,830.046,1,5.03011,19.7528,4.16178,43.0116,0.150131,0.282717,0.536109,0.911068,0.308677,0.0562934
144,825.597,1,5.03729,19.6849,4.09506,42.0489,0.153094,0.275558,0.522534,0.89473,0.30917,0.055495
145,828.136,1,5.02552,19.4897,4.13754,44.2865,0.150624,0.272981,0.53588,0.872075,0.311927,0.0558842
146,829.091,1,5.01504,19.4344,4.21101,43.2765,0.14865,0.266069,0.534197,0.873378,0.309268,0.056854
147,824.62,1,5.02786,19.3969,4.2916,42.639,0.148748,0.267126,0.523884,0.851263,0.308606,0.0562115
148,822.676,1,5.0768,19.3713,4.30238,40.1055,0.152696,0.260363,0.544562,0.851768,0.306579,0.0559616
149,822.154,1,5.05623,19.3625,4.34007,37.5324,0.152618,0.260078,0.542594,0.909134,0.309602,0.0545446
150,820.385,1,5.05259,19.0975,4.35737,38.2033,0.157016,0.260778,0.555307,0.907105,0.309387,0.053502
151,816.392,1,5.09048,19.3843,4.46468,40.0157,0.15304,0.264658,0.547203,0.892879,0.308397,0.0530355
152,819.419,1,5.06254,19.5886,4.45145,39.9825,0.151849,0.272294,0.566157,0.916911,0.305221,0.0536593
153,819.907,1,5.05733,19.3613,4.48594,37.8775,0.151504,0.265399,0.554814,0.974554,0.310673,0.0530678
154,821.52,1,5.05189,19.2637,4.2475,39.0351,0.150293,0.259929,0.548777,0.949878,0.311314,0.0537238
155,822.054,1,5.03601,19.2728,4.35355,38.0196,0.153473,0.261975,0.568716,0.926343,0.309912,0.0536636
156,824.867,1,5.07329,19.351,4.33847,36.8748,0.155399,0.279938,0.554316,0.915824,0.311921,0.0538827
157,821.946,1,5.07358,19.335,4.14093,37.9548,0.156928,0.274359,0.54028,0.901063,0.30677,0.0545049
158,825.466,1,5.06975,19.2959,4.31071,37.8285,0.157328,0.269548,0.550953,0.878247,0.306682,0.0554826
159,818.306,1,5.06796,19.1206,4.40096,41.4535,0.153722,0.285049,0.571069,0.863354,0.309624,0.0540777
160,812.648,1,5.07356,19.0691,4.44469,41.1817,0.149829,0.277831,0.59517,0.861022,0.309264,0.0527085
161,812.856,1,5.06331,19.4433,4.39317,42.612,0.146035,0.270797,0.5801,0.864222,0.308877,0.0524187
162,818.19,1,5.07777,19.2803,4.43201,40.8607,0.1503,0.290765,0.582364,0.877366,0.307511,0.0526286
163,819.164,1,5.06816,19.2055,4.26453,41.7919,0.150457,0.283403,0.568553,0.855151,0.306232,0.0543445
164,825.602,1,5.06166,19.3206,4.31516,39.1758,0.15245,0.276227,0.578186,0.866843,0.306059,0.0554525
165,823.648,1,5.0719,19.4801,4.23285,40.455,0.152951,0.269233,0.593613,0.921009,0.302243,0.0549941
166,832.573,1,5.09333,19.1773,4.43429,38.8819,0.149079,0.264887,0.579403,0.897689,0.311011,0.056907
167,833.593,1,5.07902,19.1516,4.48709,40.8435,0.146999,0.265663,0.606087,0.874959,0.310054,0.0573016
168,828.232,1,5.08901,19.0051,4.52199,39.0005,0.149567,0.271433,0.595386,0.889349,0.308636,0.0558507
169,819.174,1,5.09776,19.1606,4.62452,40.4934,0.14578,0.275675,0.590398,0.86683,0.313407,0.0544365
170,830.634,1,5.11465,19.571,4.32479,41.5433,0.147772,0.269669,0.588058,0.844881,0.309209,0.0570723
171,828.091,1,5.11122,19.3716,4.18098,39.6295,0.15145,0.268598,0.573168,0.823488,0.30699,0.0567672
172,816.341,1,5.09045,19.5029,4.16488,40.5812,0.152665,0.261797,0.585721,0.802637,0.306839,0.0553299
173,819.138,1,5.07598,19.8595,4.04866,38.558,0.149966,0.265868,0.57089,0.830385,0.309971,0.0539289
174,823.285,1,5.10707,19.7346,4.02103,37.5817,0.155633,0.264677,0.583793,0.809359,0.306016,0.0553807
175,829.063,1,5.11286,19.2666,4.13983,38.4535,0.151693,0.263935,0.608387,0.796314,0.307282,0.0568636
176,828.129,1,5.10637,19.4894,4.28858,36.764,0.148462,0.262897,0.625517,0.833084,0.309291,0.055787
177,825.646,1,5.1095,19.5653,4.15864,36.3453,0.145671,0.263738,0.609678,0.827322,0.308729,0.0556852
178,820.797,1,5.09596,19.0354,4.36069,38.032,0.145775,0.268144,0.636339,0.84365,0.309568,0.0542752
179,824.397,1,5.07779,19.0531,4.37225,38.4079,0.146128,0.275579,0.620226,0.829429,0.313096,0.0541601
180,825.906,1,5.08187,19.0787,4.30347,38.4141,0.151364,0.268602,0.618542,0.828478,0.310816,0.0547966
181,827.208,1,5.09739,19.5337,4.19856,36.6499,0.151535,0.2618,0.60288,0.821964,0.307774,0.0563732
182,826.856,1,5.0972,19.1045,4.34748,37.7147,0.149404,0.259278,0.616897,0.821044,0.310203,0.0555475
183,826.327,1,5.11814,19.044,4.52573,37.2322,0.153386,0.267341,0.641469,0.800255,0.314627,0.0541411
184,820.213,1,5.13109,18.8786,4.58591,34.9029,0.161568,0.26308,0.625227,0.818313,0.310885,0.0528466
185,824.448,1,5.12486,18.9666,4.5964,34.5325,0.161023,0.264535,0.622689,0.812217,0.310001,0.0541765
186,820.355,1,5.14888,19.0237,4.54766,36.899,0.162285,0.268596,0.655052,0.791652,0.309117,0.0530095
187,814.994,1,5.16024,19.0867,4.50594,35.7943,0.158765,0.261795,0.687766,0.771606,0.312431,0.0516672
188,808.965,1,5.16069,18.9642,4.65756,35.3206,0.158848,0.255166,0.681206,0.752069,0.3053,0.0512077
189,818.158,1,5.1748,18.7675,4.54085,32.9652,0.154826,0.25879,0.668108,0.744096,0.308456,0.0533577
190,811.153,1,5.1886,18.8613,4.56142,31.4906,0.15746,0.252237,0.704448,0.744197,0.30751,0.0520067
191,807.847,1,5.19372,18.6677,4.61096,29.8733,0.153473,0.258882,0.715301,0.730733,0.309533,0.0506898
192,809.816,1,5.20743,18.3887,4.49587,28.8879,0.153158,0.261959,0.708848,0.712231,0.307928,0.0510767
193,819.157,1,5.22262,18.3765,4.60092,28.9377,0.152096,0.271643,0.735835,0.728182,0.308278,0.0528225
194,814.255,1,5.21445,18.5142,4.59676,28.8161,0.150211,0.264765,0.742036,0.726143,0.30547,0.0522347
195,814.45,1,5.21208,18.4519,4.74597,30.7652,0.150275,0.280064,0.723247,0.72668,0.312029,0.0510014
196,810.619,1,5.22048,18.5707,4.66576,29.8016,0.152936,0.276962,0.707236,0.74194,0.308205,0.0505539
197,802.808,1,5.22865,18.6599,4.59788,27.9851,0.156986,0.280088,0.690118,0.723154,0.307102,0.0492738
198,797.052,1,5.24036,18.7938,4.47744,28.8235,0.159007,0.274891,0.672644,0.704843,0.306247,0.0480483
199,806.194,1,5.23733,18.8828,4.5668,26.6833,0.15954,0.268058,0.655612,0.712302,0.307094,0.0506355
200,811.893,1,5.25707,18.6088,4.58365,24.6226,0.160003,0.261271,0.641175,0.706077,0.308208,0.0522793
201,811.325,1,5.25496,18.356,4.86552,23.9596,0.159086,0.265551,0.658367,0.688199,0.3078,0.052243
202,809.385,1,5.25583,18.4047,4.74424,23.3312,0.155058,0.277776,0.6769,0.679304,0.302365,0.05207
203,808.481,1,5.26831,18.5558,4.81815,25.1701,0.155563,0.275465,0.683306,0.667418,0.306525,0.0512123
204,803.153,1,5.26472,18.3881,4.52536,24.7345,0.152226,0.26849,0.741457,0.650519,0.306545,0.0502166
205,806.926,1,5.26738,18.5379,4.49219,25.7046,0.151271,0.272155,0.722683,0.634047,0.308562,0.0510449
206,808.624,1,5.2531,18.6625,4.49095,25.6019,0.154483,0.279412,0.704384,0.631416,0.307075,0.0516768
207,809.289,1,5.28504,18.5154,4.76574,26.0215,0.155284,0.272337,0.697733,0.615428,0.303119,0.0529242
208,803.838,1,5.28571,18.5015,4.68295,26.4123,0.157875,0.275294,0.736904,0.599845,0.308921,0.0515841
209,807.163,1,5.29513,18.6455,4.55683,26.4625,0.155997,0.276149,0.719327,0.584656,0.305609,0.0518999
210,813.711,1,5.29046,18.7044,4.68444,27.1735,0.154723,0.29022,0.724159,0.569853,0.309571,0.0532982
211,817.412,1,5.30775,18.5686,4.66139,25.9392,0.160044,0.282871,0.723201,0.555424,0.303439,0.055223
212,816.077,1,5.29531,18.9169,4.43484,25.9909,0.162392,0.284221,0.719236,0.54136,0.309243,0.0538247
213,815.152,1,5.2859,18.912,4.39996,26.6175,0.159327,0.284536,0.742128,0.573849,0.306532,0.0530765
214,819.504,1,5.26044,18.7131,4.32442,25.1171,0.160797,0.279816,0.749592,0.559319,0.31167,0.0538241
215,821.045,1,5.23831,18.3861,4.27653,25.2968,0.162057,0.277757,0.746082,0.545156,0.30869,0.05492
216,819.293,1,5.25962,18.3639,4.43491,25.1219,0.163357,0.272028,0.797899,0.537547,0.307176,0.0541955
217,819.737,1,5.29537,18.481,4.46453,23.9883,0.159221,0.267766,0.789293,0.523936,0.31118,0.0544566
218,820.542,1,5.29221,18.5111,4.4165,24.3637,0.161604,0.260986,0.803508,0.533513,0.30336,0.0558026
219,813.046,1,5.29423,18.6109,4.34908,24.4178,0.165966,0.279987,0.79609,0.520004,0.309259,0.0543896
220,812.799,1,5.31842,18.5064,4.49145,23.9429,0.167389,0.273126,0.781107,0.506838,0.307609,0.0532395
221,812.419,1,5.30956,18.5786,4.48799,24.41,0.169509,0.280501,0.784858,0.494004,0.304996,0.0530949
222,814.335,1,5.31612,18.5159,4.66848,26.0075,0.167313,0.27747,0.765654,0.481496,0.306238,0.0545145
223,806.495,1,5.31229,18.6074,4.55452,23.7623,0.169881,0.272028,0.763934,0.469304,0.303925,0.0536594
224,803.885,1,5.31684,18.4088,4.56842,23.7814,0.167018,0.26514,0.786006,0.457421,0.30602,0.0529089
225,805.684,1,5.33566,19.0449,4.5168,22.6596,0.171553,0.268383,0.766104,0.445839,0.300954,0.0534439
226,803.431,1,5.3195,18.7021,4.37317,23.9545,0.169998,0.263494,0.746706,0.438766,0.303377,0.0526282
227,804.621,1,5.30078,18.3014,4.49698,23.3345,0.167073,0.256823,0.780671,0.428228,0.308167,0.0523057
228,800.381,1,5.31772,18.2737,4.62717,22.9579,0.168075,0.263079,0.818271,0.417385,0.307249,0.0517838
229,797.117,1,5.31971,18.4534,4.48927,23.1083,0.166821,0.256876,0.799638,0.406817,0.304444,0.0512778
230,800.239,1,5.33404,18.5885,4.4065,23.1873,0.167751,0.261457,0.779391,0.41351,0.301789,0.0522496
231,797.217,1,5.33998,18.6317,4.60368,22.6494,0.163503,0.260853,0.817219,0.40304,0.305857,0.05124
232,803.018,1,5.34148,18.4534,4.67233,21.2018,0.16755,0.262617,0.803415,0.420419,0.305331,0.0519935
233,798.714,1,5.31553,18.3489,4.51763,20.6768,0.163307,0.264224,0.821446,0.422454,0.309846,0.050677
234,800.534,1,5.33176,18.0957,4.76352,20.7382,0.162867,0.27061,0.879551,0.411757,0.307965,0.050594
235,800.2,1,5.33245,18.0326,4.81116,21.4963,0.163434,0.27815,0.865468,0.401331,0.307328,0.051256
236,799.824,1,5.33534,18.1303,4.8742,21.9119,0.166613,0.2848,0.843554,0.391169,0.307577,0.051395
237,789.509,1,5.34464,17.9777,4.9853,21.5214,0.167224,0.277589,0.83431,0.381264,0.308596,0.0500937
238,793.01,1,5.33333,18.0922,4.77021,21.6657,0.167938,0.27591,0.813185,0.383756,0.310845,0.048887
239,791.966,1,5.32125,18.2444,4.66046,21.3454,0.164987,0.272519,0.80232,0.392895,0.307636,0.0491066
240,793.744,1,5.3292,18.4117,4.57055,21.2347,0.164176,0.277807,0.782005,0.410919,0.308342,0.0495737
241,805.192,1,5.32415,18.5844,4.57573,21.6065,0.170762,0.289985,0.762204,0.466799,0.307225,0.0511414
242,795.273,1,5.34249,18.6159,4.60481,21.6969,0.169494,0.282643,0.761272,0.454979,0.302873,0.0500274
243,797.372,1,5.31953,18.5981,4.47577,22.6211,0.169757,0.286229,0.791717,0.443459,0.3013,0.0504617
244,803.361,1,5.31183,18.4006,4.52611,23.8987,0.165458,0.278982,0.814177,0.43223,0.30706,0.0525173
245,806.273,1,5.30133,18.2911,4.72062,25.2955,0.161269,0.285856,0.80954,0.421286,0.306436,0.0534238
246,812.408,1,5.31911,18.3587,4.66424,24.4869,0.161502,0.278646,0.823589,0.410619,0.305893,0.0549071
247,805.885,1,5.29185,18.1534,4.82641,22.9455,0.1635,0.271591,0.86174,0.400222,0.305574,0.0535168
248,809.255,1,5.31553,18.1795,4.66052,22.16,0.15936,0.270026,0.873214,0.390088,0.302845,0.0549985
249,803.032,1,5.30813,18.1216,4.62007,22.2811,0.16021,0.26982,0.868961,0.38021,0.308967,0.0536059
250,798.739,1,5.32185,18.5838,4.53558,21.5592,0.162079,0.276727,0.846958,0.370583,0.30582,0.0525214
251,795.131,1,5.34517,18.5426,4.68231,23.1033,0.159091,0.26972,0.846156,0.3612,0.305758,0.0516521
252,801.057,1,5.29837,18.1906,4.79863,22.5546,0.158226,0.262891,0.824731,0.352054,0.309541,0.0528496
253,793.867,1,5.32967,18.3674,4.61475,22.3841,0.162108,0.270823,0.803848,0.347722,0.30575,0.0515114
254,794.574,1,5.33723,18.2329,4.68694,21.6438,0.164062,0.295611,0.826787,0.338917,0.306331,0.0506808
255,801.706,1,5.3228,18.4377,4.6721,22.4079,0.166526,0.297456,0.805852,0.333881,0.309573,0.051973
256,802.251,1,5.33516,18.0143,4.68504,23.0598,0.163918,0.296609,0.825793,0.325427,0.311975,0.0521499
257,801.467,1,5.30141,17.9168,4.79429,23.2592,0.159819,0.289965,0.829795,0.325569,0.310772,0.0519381
258,784.034,1,5.30942,17.7249,4.89488,22.5357,0.162357,0.288551,0.830702,0.317325,0.309249,0.050623
259,792.928,1,5.30478,18.1066,4.89395,22.3855,0.166387,0.281245,0.849999,0.30929,0.308944,0.0505862
260,791.329,1,5.32215,17.9928,4.84392,21.7665,0.165516,0.274124,0.828477,0.316549,0.305772,0.0505909
261,798.697,1,5.33909,18.0385,4.97868,21.8763,0.166896,0.268886,0.807499,0.340361,0.305983,0.0522031
262,794.069,1,5.32124,18.0205,5.03265,22.7547,0.163306,0.28708,0.803863,0.358962,0.305204,0.0508813
263,796.289,1,5.34629,17.8867,5.04344,22.0558,0.167512,0.281391,0.797708,0.349872,0.305441,0.0513527
264,784.683,1,5.36107,17.8248,5.15073,20.8501,0.166108,0.278,0.836686,0.368453,0.30045,0.0500524
265,793.964,1,5.32025,17.8006,5.15042,19.117,0.165766,0.270961,0.820219,0.377826,0.308539,0.0495966
266,788.502,1,5.34201,17.902,5.06414,19.3354,0.164752,0.274358,0.822225,0.368259,0.304613,0.04912
267,795.317,1,5.34774,17.9597,5.02033,19.9306,0.16648,0.280328,0.801406,0.358935,0.308377,0.0512559
268,792.213,1,5.33407,17.7317,5.06063,20.2403,0.168236,0.27323,0.806431,0.349846,0.305313,0.050231
269,790.608,1,5.35758,18.0043,4.91898,20.4066,0.164005,0.27827,0.817487,0.355021,0.304616,0.04973
270,792.211,1,5.32373,17.9564,5.03246,21.5224,0.165988,0.28213,0.796788,0.346032,0.302276,0.0510617
271,791.805,1,5.35775,18.013,5.04261,21.7384,0.161785,0.274987,0.792868,0.33727,0.306563,0.0515334
272,790.315,1,5.33661,17.8811,5.05301,21.4605,0.165183,0.269,0.79481,0.32873,0.303493,0.0512093
273,787.911,1,5.32817,17.989,4.70346,21.0587,0.16277,0.288646,0.815183,0.320407,0.308204,0.0499126
274,797.591,1,5.33748,18.1251,4.70812,21.4789,0.158649,0.28269,0.794542,0.312294,0.313129,0.0517733
275,791.632,1,5.32759,17.9236,4.94962,21.3262,0.162935,0.28816,0.797038,0.320811,0.31423,0.0504624
276,787.913,1,5.33715,17.7133,5.10938,20.16,0.165718,0.28274,0.818299,0.312688,0.307383,0.0502991
277,786.844,1,5.32458,17.8045,4.88713,20.2006,0.164153,0.292556,0.817526,0.304771,0.306535,0.0497699
278,793.327,1,5.33076,17.7703,5.04633,20.4046,0.161807,0.285149,0.875289,0.297797,0.308469,0.0504872
279,791.467,1,5.33738,17.9515,4.90577,20.0785,0.168593,0.277929,0.853127,0.310477,0.302349,0.0511791
280,788.768,1,5.335,17.9684,4.86183,20.2227,0.164497,0.284763,0.831525,0.309204,0.305114,0.0501246
281,789.761,1,5.33923,18.0181,4.79263,20.5098,0.160332,0.285883,0.819039,0.301375,0.310566,0.0502961
282,780.947,1,5.33404,17.7666,5.18845,21.709,0.157752,0.278644,0.867984,0.293744,0.308173,0.0490226
283,783.824,1,5.3638,18.0023,5.0761,22.1803,0.159427,0.281691,0.846007,0.286306,0.306072,0.0494774
284,789.01,1,5.34852,17.9235,5.061,21.686,0.162804,0.280615,0.851934,0.279057,0.308023,0.0505096
285,778.533,1,5.3467,17.892,5.03633,21.7049,0.158682,0.273509,0.830363,0.271991,0.304558,0.0492307
286,780.074,1,5.34571,17.9096,5.10483,22.2145,0.159579,0.266584,0.892089,0.265104,0.304581,0.0494287
287,778.555,1,5.34958,18.0173,4.98513,21.6833,0.159698,0.263669,0.887629,0.258391,0.304884,0.0490893
288,784.61,1,5.35267,17.5971,5.12339,22.1925,0.163158,0.2766,0.888568,0.256149,0.307354,0.0495696
289,781.57,1,5.32593,17.6199,5.01597,22.0621,0.163098,0.274576,0.910848,0.249664,0.3085,0.0488043
290,784.065,1,5.34093,17.8239,5.14924,21.8187,0.163864,0.275223,0.901334,0.243342,0.310665,0.0498159
291,796.706,1,5.33388,17.7408,4.9507,21.1865,0.164768,0.283371,0.915301,0.23718,0.302985,0.0539728
292,785.999,1,5.3099,17.7111,4.81657,21.3653,0.160596,0.280257,0.920058,0.231175,0.304477,0.0526062
293,787.946,1,5.30598,17.6993,4.71908,21.8041,0.160035,0.279827,0.903967,0.240086,0.302778,0.0515885
294,783.575,1,5.30775,17.6818,4.73004,22.1281,0.157101,0.279704,0.881078,0.234007,0.307875,0.0505615
295,793.928,1,5.26599,17.808,4.74298,21.9388,0.157566,0.274242,0.889672,0.230559,0.311997,0.0522995
296,788.389,1,5.27998,17.9376,4.60919,23.5265,0.160128,0.277672,0.867928,0.230596,0.307579,0.0515431
297,792.541,1,5.31912,18.1227,4.78401,22.9621,0.162776,0.29618,0.85167,0.252188,0.306883,0.0516361
298,787.679,1,5.32254,17.947,4.87149,24.0063,0.16053,0.30355,0.86354,0.245803,0.307816,0.0513025
299,783.545,1,5.32344,17.7162,4.93707,23.8038,0.164717,0.310254,0.874471,0.239579,0.306304,0.0501718
300,789.248,1,5.33543,17.9008,4.89494,24.0902,0.162486,0.306716,0.852329,0.257778,0.306964,0.050571
301,787.233,1,5.33512,18.2584,4.66906,24.919,0.158371,0.312106,0.830747,0.279552,0.304304,0.0500764
302,785.615,1,5.33496,18.0253,4.75743,24.6184,0.161783,0.316441,0.813479,0.286946,0.305778,0.04901
303,791.5,1,5.32194,18.038,4.64949,23.6513,0.158604,0.308428,0.8034,0.30146,0.309101,0.0501533
304,797.219,1,5.33114,18.1646,4.89948,24.0528,0.160474,0.302206,0.80558,0.306333,0.31096,0.0511219
305,791.837,1,5.33057,17.9758,4.84623,23.9057,0.165038,0.326635,0.785182,0.300003,0.308789,0.0498275
306,785.219,1,5.34869,18.0741,4.86653,22.4429,0.160963,0.318365,0.820483,0.292407,0.312408,0.0485658
307,791.869,1,5.34638,17.8945,4.91483,22.4494,0.162131,0.310303,0.847297,0.296146,0.308427,0.0499872
308,794.444,1,5.34957,17.637,5.1081,21.693,0.158026,0.302446,0.869756,0.318277,0.308959,0.0500508
309,787.967,1,5.35361,17.6072,5.21482,20.2019,0.160067,0.296966,0.847733,0.310218,0.307566,0.049674
310,792.709,1,5.34841,17.7585,4.9562,19.9775,0.156014,0.289446,0.845774,0.302363,0.307151,0.0511769
311,783.759,1,5.33803,17.7208,5.05034,21.3792,0.15655,0.28536,0.851384,0.294707,0.305437,0.0499008
312,791.877,1,5.34175,17.6693,5.12484,21.407,0.160229,0.304834,0.84606,0.287245,0.310577,0.0501618
313,787.005,1,5.34459,17.6295,5.18495,20.4733,0.16088,0.297115,0.861234,0.279972,0.3086,0.0492215
314,790.935,1,5.34688,17.3474,5.332,20.7374,0.159853,0.295884,0.892182,0.282282,0.308083,0.0500047
315,786.943,1,5.33284,17.4657,5.04801,20.3228,0.156055,0.288392,0.878754,0.275134,0.304817,0.0508573
316,795.131,1,5.35423,17.4724,5.24789,21.6339,0.158177,0.282965,0.887547,0.334275,0.308438,0.0502418
317,792.17,1,5.32682,17.4661,5.24216,21.38,0.162396,0.278258,0.893567,0.336525,0.306739,0.0495992
318,787.973,1,5.3284,17.1986,5.32517,22.0847,0.162134,0.282638,0.895529,0.328004,0.308086,0.0486121
319,786.456,1,5.33823,17.4409,5.15336,21.8874,0.164248,0.286331,0.883796,0.319699,0.309465,0.0483272
320,791.208,1,5.33445,17.7965,4.93997,22.7816,0.168382,0.290808,0.861418,0.311604,0.310351,0.049802
321,789.653,1,5.33328,17.6327,4.92606,23.1578,0.166352,0.299841,0.875394,0.319126,0.309957,0.048541
322,792.71,1,5.34247,17.5193,5.10114,22.6449,0.16214,0.311345,0.882881,0.311045,0.307373,0.0495942
323,797.893,1,5.34632,17.6811,5.06473,23.4921,0.158519,0.303462,0.936945,0.303169,0.310096,0.0505338
324,799.552,1,5.34475,17.6814,4.93231,23.032,0.160299,0.295778,0.961128,0.295493,0.311194,0.0510903
325,791.977,1,5.31817,17.2865,4.97589,22.1985,0.162137,0.303242,0.958599,0.288011,0.312485,0.0497967
326,783.208,1,5.33889,17.1566,5.04978,22.2302,0.165397,0.29911,0.989318,0.280718,0.305511,0.0485358
327,789.642,1,5.35895,17.3679,4.98861,23.5573,0.163517,0.294803,0.964268,0.274554,0.306987,0.0495614
328,783.375,1,5.35339,17.53,5.142,22.9301,0.160995,0.292782,0.953813,0.267603,0.307127,0.0483065
329,783.267,1,5.34522,17.8529,4.90818,22.085,0.162719,0.285369,0.929662,0.271407,0.307819,0.048668
330,782.422,1,5.31852,17.7611,4.97047,22.3056,0.163961,0.278143,0.906122,0.295739,0.307922,0.0480414
331,786.456,1,5.34917,17.6067,5.06615,21.9709,0.161758,0.287464,0.923865,0.28825,0.307889,0.0486812
332,786.554,1,5.3528,17.6554,5.2031,22.2211,0.165718,0.285146,0.916799,0.280952,0.305943,0.049257
333,792.12,1,5.33376,17.4672,5.08691,22.8837,0.166884,0.288234,0.900656,0.283025,0.307999,0.0501141
334,787.83,1,5.3415,17.7656,4.8392,22.9456,0.167699,0.280936,0.917304,0.275858,0.306593,0.050261
335,782.84,1,5.3423,17.9669,5.0144,22.5473,0.16665,0.273822,0.932909,0.268873,0.306083,0.0490594
336,778.325,1,5.34841,17.9227,4.95622,22.1931,0.162919,0.266889,0.909287,0.262065,0.305474,0.0486561
337,772.654,1,5.34477,17.841,4.84627,22.9835,0.161645,0.287841,0.886264,0.269032,0.3076,0.0474241
338,779.913,1,5.33286,17.9335,4.77016,22.1488,0.160225,0.295024,0.869812,0.26227,0.311218,0.0474642
339,781.739,1,5.33129,17.9079,4.75612,22.3855,0.161523,0.292605,0.875464,0.255629,0.309414,0.0485425
340,782.021,1,5.3247,17.8355,5.05,21.9831,0.164395,0.285196,0.898505,0.249848,0.30606,0.0492362
341,780.884,1,5.31479,17.6187,4.81915,22.7222,0.163701,0.277975,0.875754,0.252942,0.304677,0.0495086
342,774.298,1,5.32095,17.8333,4.8825,21.7723,0.159556,0.27146,0.85358,0.246537,0.306847,0.048255
343,778.853,1,5.33634,17.9542,4.86585,22.1663,0.163823,0.271028,0.831967,0.253535,0.30829,0.0487916
344,784.424,1,5.35265,17.8837,4.99428,21.6238,0.164223,0.277445,0.844479,0.258596,0.305192,0.0501007
345,790.826,1,5.33148,17.8216,5.04823,21.9545,0.167492,0.283846,0.848735,0.252048,0.309036,0.0512721
346,792.883,1,5.31852,17.6083,5.06234,22.6827,0.170865,0.282769,0.868452,0.261293,0.308246,0.0510791
347,793.817,1,5.33198,17.6468,4.9956,22.1286,0.168897,0.281932,0.89125,0.284236,0.306484,0.0509184
348,785.728,1,5.32359,17.6835,5.2867,21.6754,0.167165,0.274793,0.892794,0.277039,0.308099,0.0503342
349,777.066,1,5.33562,17.6379,5.1843,21.4987,0.171146,0.267835,0.89732,0.270024,0.306442,0.0490597
350,777.761,1,5.34893,17.4233,5.32747,22.0076,0.168851,0.266611,0.943744,0.263187,0.306603,0.0478175
351,786.544,1,5.33123,17.7273,5.17319,22.299,0.166532,0.259861,0.919848,0.261938,0.306287,0.0504011
352,792.503,1,5.32883,17.6025,4.95513,21.7845,0.169696,0.261167,0.920002,0.257395,0.307358,0.0514475
353,790.086,1,5.33277,17.5703,4.97522,22.1759,0.168034,0.272758,0.932831,0.250878,0.30835,0.0505056
354,790.763,1,5.33968,17.6635,5.23189,22.4642,0.169205,0.2737,0.952489,0.248805,0.306529,0.050805
355,785.614,1,5.35086,17.448,5.09197,22.3135,0.165603,0.270573,0.928372,0.246249,0.307417,0.0499605
356,780.183,1,5.33217,17.6797,4.94747,22.3701,0.164775,0.2783,0.904865,0.240014,0.307935,0.04884
357,781.799,1,5.35465,17.9487,4.93025,23.3076,0.163821,0.285752,0.90482,0.233937,0.303422,0.0499296
358,782.189,1,5.32699,17.9834,4.80109,23.9499,0.165059,0.280691,0.883275,0.228014,0.30919,0.0493556
359,777.94,1,5.33553,17.9546,4.98378,24.8275,0.162633,0.277092,0.898675,0.22224,0.305798,0.0491971
360,775.84,1,5.31838,17.6488,5.03877,24.1519,0.161012,0.283687,0.87592,0.218366,0.309901,0.0481277
361,767.542,1,5.31296,17.8564,4.79813,24.4416,0.16553,0.291775,0.858144,0.212836,0.308499,0.0469091
362,774.257,1,5.3217,17.9512,4.69137,24.2808,0.162823,0.285591,0.86961,0.207447,0.308696,0.0482376
363,775.963,1,5.33054,18.0298,4.60561,22.7292,0.164097,0.279218,0.847591,0.204869,0.30922,0.0490012
364,772.486,1,5.32846,18.2,4.57687,21.8475,0.166482,0.277466,0.826129,0.211905,0.306809,0.0485431
365,776.784,1,5.35483,18.3666,4.61729,21.9284,0.165598,0.292439,0.805211,0.215578,0.308648,0.0488156
366,779.889,1,5.34396,18.2927,4.70477,21.745,0.16514,0.285034,0.831444,0.234438,0.307252,0.0492667
367,772.928,1,5.34312,18.3352,4.71972,21.7355,0.162404,0.277817,0.810392,0.228502,0.309539,0.0480282
368,778.1,1,5.31587,18.0776,4.70025,21.4413,0.165499,0.297086,0.820654,0.243056,0.305763,0.0485193
369,773.9,1,5.32547,18.0722,4.67592,20.2672,0.163647,0.291267,0.850871,0.23993,0.303637,0.0478768
370,771.367,1,5.31886,17.7675,4.89587,19.7873,0.165321,0.29469,0.839701,0.244333,0.305487,0.0467961
371,777.65,1,5.32169,17.8508,4.80264,19.6575,0.164328,0.287229,0.81844,0.260761,0.309233,0.0480587
372,776.346,1,5.31442,18.1372,4.68783,20.1087,0.162616,0.279956,0.797716,0.283371,0.312926,0.0472562
373,781.11,1,5.33442,18.4047,4.66602,19.4274,0.166058,0.272867,0.777518,0.280591,0.307479,0.0493393
374,788.313,1,5.33327,18.1927,4.65666,19.0912,0.166122,0.265958,0.757831,0.287939,0.309078,0.0509593
375,782.48,1,5.34889,18.3179,4.89178,19.3079,0.163924,0.265783,0.746776,0.287904,0.30683,0.0497686
376,783.303,1,5.33999,18.1704,4.78141,19.927,0.163542,0.270702,0.770346,0.285085,0.30939,0.0493016
377,787.302,1,5.33671,18.2586,4.66385,20.0848,0.163556,0.281406,0.787837,0.326941,0.307962,0.0491391
378,786.242,1,5.3508,18.448,4.72591,19.3247,0.163015,0.274281,0.774596,0.318663,0.30925,0.0497804
379,777.945,1,5.34448,18.1539,4.82991,20.2483,0.163248,0.267336,0.801459,0.310594,0.30737,0.0485199
380,789.997,1,5.31524,18.1147,4.73303,20.1402,0.160546,0.262255,0.781165,0.328223,0.313156,0.0498095
381,785.655,1,5.34011,18.3433,4.64823,21.0914,0.160668,0.261318,0.776057,0.345856,0.307801,0.0491078
382,789.318,1,5.31997,18.041,4.79858,21.6732,0.159778,0.26968,0.820058,0.337099,0.310828,0.0492489
383,790.863,1,5.3475,18.134,4.68981,21.4379,0.166099,0.275067,0.802624,0.34011,0.308869,0.0495327
384,786.306,1,5.351,18.2336,4.80501,19.9692,0.165023,0.268102,0.79939,0.331498,0.305067,0.049864
385,792.066,1,5.35536,18.3939,4.85042,20.2735,0.165895,0.267345,0.821988,0.328683,0.307051,0.0504203
386,782.777,1,5.35817,18.1293,4.80367,20.9187,0.16366,0.260854,0.801175,0.324823,0.309031,0.0491437
387,792.728,1,5.318,17.9669,4.69295,20.8403,0.16684,0.260755,0.828067,0.316598,0.307135,0.0510989
388,792.895,1,5.34192,18.221,4.74127,20.7429,0.164424,0.267617,0.8071,0.355562,0.306909,0.0504573
389,787.304,1,5.31379,18.1671,4.6013,20.3979,0.163181,0.260841,0.786664,0.346559,0.307867,0.0501548
390,786.496,1,5.32999,18.409,4.56369,21.1349,0.163397,0.25847,0.775874,0.337784,0.306382,0.0497962
391,788.871,1,5.35249,18.5368,4.53171,21.3563,0.162925,0.254531,0.825858,0.329231,0.304952,0.0503867
392,784.703,1,5.34016,18.486,4.41909,21.403,0.162425,0.27261,0.837172,0.320895,0.308832,0.0491108
393,789.883,1,5.34382,18.6534,4.42401,22.7656,0.163581,0.271604,0.841471,0.31277,0.308376,0.050813
394,797.433,1,5.34234,18.7113,4.42992,22.3189,0.164713,0.277676,0.820164,0.30485,0.307499,0.0527556
395,799.582,1,5.31784,18.6391,4.27333,22.3516,0.170254,0.27436,0.816495,0.299279,0.303687,0.0533406
396,794.343,1,5.32044,18.819,4.15799,21.7366,0.168381,0.270173,0.812728,0.291701,0.306308,0.0525857
397,802.721,2,5.31951,18.9576,4.18564,22.4474,0.169371,0.263332,0.822831,0.302451,0.306473,0.0539699
398,799.134,2,5.31735,18.8942,4.11155,23.5517,0.169506,0.269596,0.809273,0.294793,0.303095,0.054009
399,789.742,2,5.31751,18.8662,4.4605,23.4569,0.16657,0.257221,0.754376,0.241562,0.305454,0.0532471
400,784.445,2,5.32854,18.946,4.21141,22.4565,0.162852,0.259184,0.770294,0.233494,0.303685,0.0523667
401,780.137,2,5.32927,18.8304,4.42926,22.2625,0.159853,0.251336,0.774237,0.212673,0.307742,0.051586
402,780.025,2,5.34893,18.3586,4.58119,22.4967,0.167216,0.265859,0.801122,0.193359,0.30484,0.0517083
403,783.573,2,5.35323,18.1524,4.9189,22.9152,0.167148,0.267988,0.842586,0.191671,0.30753,0.051715
404,770.654,2,5.36271,18.0153,4.98346,23.0868,0.163551,0.27156,0.825377,0.160352,0.306953,0.0505507
405,772.598,2,5.35123,18.0665,4.87734,23.0807,0.167895,0.277154,0.813762,0.150966,0.308671,0.0504832
406,772.75,2,5.33554,18.0284,4.85113,23.3063,0.168362,0.276062,0.823948,0.144041,0.30829,0.0508349
407,778.495,2,5.32255,18.1033,4.88462,23.3866,0.167157,0.275851,0.827476,0.134664,0.308814,0.0524411
408,775.102,2,5.31849,17.9653,4.71583,23.425,0.170709,0.273026,0.884761,0.128131,0.30745,0.0520785
409,769.591,2,5.31886,17.8593,4.75208,23.4682,0.168981,0.266889,0.893493,0.128028,0.310943,0.0505792
410,769.17,2,5.32265,17.842,4.70335,23.2726,0.167439,0.261307,0.898694,0.123475,0.308851,0.0509618
411,771.04,2,5.31526,17.8768,4.65215,23.1686,0.169081,0.252585,0.895824,0.117675,0.308781,0.0517105
412,782.078,2,5.32227,17.9247,4.59639,23.0356,0.170106,0.261256,0.907806,0.123121,0.307477,0.0530309
413,782.765,2,5.32323,17.9745,4.62405,23.1772,0.17055,0.269827,0.908963,0.131981,0.308002,0.052954
414,769.358,2,5.33055,18.1256,4.55643,23.4019,0.170925,0.264045,0.904907,0.127001,0.307838,0.0518541
415,783.404,2,5.33533,18.1462,4.59104,23.2751,0.169649,0.266584,0.902527,0.1357,0.308796,0.0524126
416,782.581,2,5.33421,18.0341,4.70623,23.0427,0.168103,0.263802,0.929435,0.138847,0.309962,0.0524178
417,777.745,2,5.33825,17.8458,4.80902,22.8919,0.16876,0.263767,0.93173,0.142584,0.307892,0.0521511
418,775.82,2,5.33953,17.8973,4.78594,23.1416,0.167728,0.26069,0.925728,0.139145,0.307346,0.0521936
419,770.12,2,5.3391,17.9344,4.7475,22.9713,0.167427,0.260182,0.918772,0.134452,0.307486,0.0516759
420,771.277,2,5.32761,17.8674,4.74243,23.1342,0.169681,0.26353,0.912672,0.133226,0.308208,0.0511338
421,776.445,2,5.32294,17.8992,4.69579,23.1818,0.169885,0.27186,0.910018,0.14581,0.308554,0.0505369
422,774.245,2,5.32187,17.7946,4.7142,23.1544,0.170087,0.276212,0.917174,0.151317,0.308644,0.0500478
423,774.589,2,5.31599,17.7773,4.69016,23.4558,0.168923,0.278952,0.911447,0.154187,0.310568,0.0496339
424,767.055,2,5.32088,17.7857,4.71551,23.6048,0.166416,0.278993,0.911601,0.157452,0.310248,0.0490668
425,768.989,2,5.31975,17.7098,4.73779,23.6213,0.165874,0.27776,0.907493,0.161812,0.309381,0.0488626
426,772.024,2,5.33073,17.7884,4.73635,23.5542,0.16562,0.276341,0.900709,0.161595,0.30814,0.0492139
427,772.827,2,5.32993,17.8151,4.70059,23.5718,0.16637,0.270588,0.898151,0.158575,0.307822,0.0496223
428,772.634,2,5.32807,17.9019,4.68172,23.5862,0.166268,0.269398,0.899481,0.155442,0.308591,0.0497111
429,771.659,2,5.32958,17.8886,4.70919,23.7163,0.166547,0.265375,0.891194,0.154033,0.308844,0.0498732
430,772.726,2,5.32711,17.9227,4.70096,23.6721,0.166542,0.261648,0.879296,0.150791,0.30849,0.0503272
431,784.239,2,5.32587,17.9656,4.69558,23.6723,0.166611,0.262913,0.8794,0.15142,0.308142,0.0509402
432,781.829,2,5.3278,18.0109,4.70221,23.599,0.16687,0.263447,0.886667,0.152705,0.307619,0.0512325
433,775.054,2,5.32593,18.002,4.71055,23.579,0.166745,0.26403,0.89254,0.152525,0.308197,0.0510454
434,768.918,2,5.32738,18.0012,4.70389,23.473,0.166149,0.264014,0.893147,0.153262,0.307941,0.0507813
435,767.577,2,5.32781,18.0318,4.69259,23.42,0.16588,0.262783,0.886016,0.154808,0.308078,0.0505092
436,770.442,2,5.32823,18.0726,4.64672,23.375,0.165754,0.261565,0.877076,0.154993,0.307912,0.0505232
437,768.492,2,5.33033,18.1353,4.62791,23.3086,0.16558,0.261301,0.868584,0.154796,0.307481,0.0505267
438,771.223,2,5.32969,18.1541,4.62571,23.2526,0.165522,0.259615,0.86427,0.155475,0.307274,0.0505725
439,779.041,2,5.33302,18.1929,4.63025,23.2912,0.166298,0.259402,0.863904,0.15556,0.307155,0.0507692
440,769.398,2,5.33432,18.1826,4.64278,23.306,0.166428,0.258954,0.864378,0.156445,0.307337,0.050594
441,767.381,2,5.33479,18.1989,4.64212,23.3682,0.166387,0.256827,0.861083,0.155298,0.307333,0.0505939
442,771.966,2,5.33634,18.1895,4.64196,23.3082,0.166526,0.254751,0.860858,0.156302,0.306993,0.0506532
443,778.382,2,5.33598,18.1966,4.63637,23.2216,0.166722,0.254292,0.857984,0.158461,0.306601,0.0507954
444,786.678,2,5.33658,18.2304,4.62076,23.193,0.16675,0.255206,0.851588,0.162412,0.306535,0.0509666
445,781.012,2,5.33884,18.2528,4.61645,23.204,0.166743,0.256349,0.845263,0.163527,0.306603,0.0510747
446,782.047,2,5.34044,18.3019,4.60641,23.2159,0.167014,0.256771,0.838786,0.163703,0.306844,0.0512056
447,769.29,2,5.34005,18.334,4.59244,23.1628,0.167251,0.255968,0.835089,0.162292,0.306925,0.0511964
448,770.549,2,5.34006,18.3428,4.58636,23.1532,0.167242,0.255872,0.833496,0.162035,0.306966,0.0511967
449,772.127,2,5.33975,18.3496,4.58077,23.159,0.16723,0.255831,0.832282,0.161706,0.306969,0.0512109
450,776.509,2,5.33894,18.3568,4.57503,23.1383,0.167242,0.255747,0.830866,0.161835,0.306996,0.0512248
451,772.394,2,5.33842,18.3612,4.57035,23.133,0.167244,0.255494,0.829932,0.161445,0.306997,0.0512469
452,771.231,2,5.33821,18.3639,4.56644,23.1309,0.16724,0.255268,0.829473,0.161065,0.30699,0.0512602
453,779.055,2,5.3379,18.3722,4.56197,23.1251,0.167165,0.255352,0.828488,0.161524,0.307004,0.0512683
454,780.308,2,5.33756,18.3818,4.55457,23.1243,0.167145,0.25542,0.827174,0.161796,0.307052,0.0512855
455,779.661,2,5.33734,18.3869,4.55098,23.1253,0.167204,0.255316,0.826025,0.162078,0.307056,0.0513055
456,783.081,2,5.33747,18.3914,4.54601,23.1385,0.167273,0.255078,0.825389,0.162052,0.30701,0.0513616
457,776.847,2,5.33758,18.3989,4.53992,23.1306,0.167349,0.254955,0.824468,0.1619,0.307012,0.0513853
458,775.927,2,5.33753,18.4073,4.53305,23.1164,0.167411,0.254774,0.823685,0.162162,0.307,0.0513892
459,772.98,2,5.3372,18.4141,4.52759,23.12,0.167416,0.254674,0.822717,0.162285,0.306957,0.0513938
460,781.923,2,5.33656,18.4244,4.52053,23.1261,0.167393,0.254398,0.82157,0.162263,0.306953,0.0514444
461,778.477,2,5.33619,18.4342,4.51369,23.1314,0.16735,0.254216,0.820706,0.162341,0.306852,0.0514871
462,783.409,2,5.33591,18.4437,4.50633,23.1404,0.167391,0.254121,0.820817,0.162554,0.306824,0.0515164
463,782.163,2,5.33544,18.4464,4.50224,23.1497,0.167423,0.253888,0.820418,0.162869,0.30686,0.0515331
464,778.712,2,5.33533,18.4493,4.50049,23.1605,0.167434,0.253658,0.820368,0.16305,0.306866,0.0515441
465,783.215,2,5.33515,18.4523,4.49563,23.1577,0.167441,0.253689,0.820463,0.162776,0.30688,0.0515829
466,777.376,2,5.33475,18.4571,4.49062,23.1451,0.167474,0.253645,0.819958,0.162741,0.306893,0.051594
467,777.726,2,5.33432,18.4618,4.48454,23.1361,0.167546,0.253577,0.819012,0.162735,0.306891,0.0516104
468,784.748,2,5.33408,18.46,4.48252,23.1376,0.167577,0.253818,0.818266,0.162849,0.306985,0.0516224
469,779.204,2,5.33393,18.4604,4.48204,23.1425,0.167603,0.253783,0.817992,0.162681,0.307013,0.0516407
470,777.967,2,5.33368,18.4592,4.48168,23.1488,0.167579,0.253793,0.81774,0.162871,0.307029,0.0516406
471,773.579,2,5.33376,18.4557,4.48273,23.1448,0.167574,0.253747,0.81789,0.162708,0.307067,0.0516341
472,770.252,2,5.33348,18.4577,4.47954,23.1362,0.167577,0.253511,0.817715,0.162868,0.307082,0.051613
473,774.455,2,5.33327,18.4592,4.47661,23.1347,0.167602,0.253348,0.817453,0.16278,0.307027,0.0516281
474,777.089,2,5.33306,18.459,4.47624,23.1312,0.167636,0.253153,0.817252,0.162636,0.306968,0.0516556
475,770.282,2,5.33315,18.4635,4.4739,23.1269,0.167626,0.252953,0.81706,0.162756,0.306954,0.0516422
476,769.237,2,5.33318,18.4679,4.47088,23.1232,0.167616,0.252789,0.816624,0.162685,0.306946,0.0516345
477,773.467,2,5.33322,18.4701,4.46988,23.13,0.167639,0.252573,0.816431,0.162511,0.306927,0.0516457
478,774.075,2,5.33328,18.472,4.46905,23.1286,0.167659,0.252466,0.816344,0.16262,0.306925,0.0516396
479,775.018,2,5.33309,18.4723,4.46754,23.1252,0.167652,0.252373,0.816161,0.162799,0.306942,0.0516318
480,773.08,2,5.33271,18.4725,4.46525,23.118,0.167626,0.252493,0.815769,0.162919,0.306961,0.0516167
481,780.604,2,5.33264,18.4776,4.46225,23.1195,0.167566,0.252418,0.815385,0.163012,0.306983,0.0516335
482,777.474,2,5.33277,18.4811,4.46104,23.1206,0.167543,0.252276,0.815005,0.163149,0.306961,0.0516459
483,771.184,2,5.33274,18.482,4.46004,23.1238,0.167541,0.252251,0.815085,0.163059,0.306922,0.0516431
484,782.527,2,5.33259,18.481,4.45868,23.1302,0.167506,0.252147,0.815421,0.163072,0.306939,0.0516629
485,778.212,2,5.33229,18.4766,4.45894,23.1372,0.167496,0.252153,0.81573,0.163163,0.306983,0.0516569
486,784.677,2,5.33224,18.4772,4.45945,23.139,0.167541,0.252174,0.815961,0.163113,0.306977,0.0516828
487,788.686,2,5.33245,18.4777,4.459,23.1399,0.167555,0.252325,0.816798,0.163416,0.306973,0.0516957
488,797.782,2,5.33257,18.4787,4.45856,23.1416,0.16758,0.252666,0.817247,0.16354,0.30698,0.0517382
489,782.459,2,5.33285,18.4812,4.45934,23.1415,0.167575,0.252862,0.817687,0.163408,0.307015,0.0517473
490,783.67,2,5.33301,18.4803,4.46021,23.1402,0.167542,0.252928,0.817687,0.163404,0.30701,0.0517695
491,784.262,2,5.33327,18.4815,4.46072,23.1425,0.167486,0.253068,0.817705,0.163379,0.306982,0.0517964
492,778.022,2,5.3333,18.4822,4.45932,23.144,0.167512,0.253176,0.81749,0.163193,0.306982,0.0518073
493,779.329,2,5.33324,18.4833,4.45726,23.1449,0.167529,0.253208,0.817576,0.163271,0.306976,0.0518107
494,778.079,2,5.33317,18.4851,4.45419,23.1442,0.167528,0.253266,0.817522,0.163174,0.306977,0.0518185
495,769.958,2,5.33297,18.4903,4.45096,23.1419,0.167513,0.253278,0.817204,0.163154,0.306977,0.0518051
496,771.458,2,5.33303,18.4922,4.4502,23.1374,0.167484,0.253207,0.817137,0.163163,0.307003,0.0517912
497,781.342,2,5.33308,18.4919,4.4506,23.1352,0.167479,0.253276,0.817368,0.163203,0.306963,0.0518057
498,773.635,2,5.33312,18.4927,4.4508,23.1436,0.167382,0.253406,0.817604,0.163083,0.307011,0.0517945
499,781.448,2,5.33309,18.4918,4.45261,23.1464,0.167313,0.253374,0.817564,0.163122,0.307065,0.0518014
500,780.767,2,5.333,18.4878,4.45445,23.1519,0.167257,0.253444,0.817348,0.162976,0.307092,0.0518173
501,778.481,2,5.33305,18.4869,4.45618,23.1422,0.167199,0.253377,0.817115,0.163,0.307127,0.0518224
502,782.921,2,5.33311,18.4872,4.45685,23.1397,0.167103,0.253385,0.816658,0.163118,0.307146,0.0518385
503,780.902,2,5.33299,18.485,4.45818,23.1347,0.167063,0.253296,0.816177,0.163315,0.30716,0.0518472
504,775.065,2,5.33276,18.484,4.45831,23.1337,0.16706,0.253282,0.815844,0.163341,0.307169,0.0518444
505,776.416,2,5.33267,18.486,4.45906,23.1341,0.167086,0.253273,0.815584,0.1634,0.307178,0.0518415
506,781.976,2,5.33254,18.4863,4.45893,23.131,0.167066,0.253221,0.815537,0.163486,0.307201,0.05185
507,772.287,2,5.33258,18.4869,4.46008,23.1382,0.167039,0.253116,0.815408,0.163484,0.307217,0.0518425
