rep,id,eta_Cl,eta_V1,eta_Q,eta_V2
1,1,-0.908707956469412,-0.443771843922213,-0.500704927636548,-0.452141320229739
2,1,-0.950011296599412,-0.0417088216272499,-0.682906255182579,-0.0624190012504414
3,1,-0.94613044704139,-0.478308168881034,-0.216649744058698,-0.481662714873894
4,1,-0.889386124468261,-0.202783412543997,-0.920629284526383,-0.213832791668405
5,1,-0.851987725022194,-0.348489940814924,-0.332454644650212,-0.394884681552205
6,1,-0.854392968319681,-0.221340078920871,-0.582813824299263,-0.208122360725993
7,1,-0.877055304629475,-0.553824864672105,-0.0605658795185573,-0.569895009814691
8,1,-0.874094641062296,-0.339275604845213,-0.601762783427331,-0.330851797025753
9,1,-0.927853250191155,-0.336342849715117,-0.522120421543738,-0.34745647041223
10,1,-0.880650062551025,-0.231578782541693,-1.11376875730595,-0.244339712121028
1,2,0.00100184089161508,-0.0857138014625794,-0.440037080856473,-0.0972897919212217
2,2,0.0184415268329705,-0.0939035151890454,-0.544454120751324,-0.100310386028674
3,2,0.00817580561133651,0.0619535761116125,-1.00388170164149,0.0471645001801086
4,2,0.0345512120524601,-0.0248101446399015,-0.329330945476088,-0.0216708391816455
5,2,-0.0015335169914487,-0.148954472116176,0.156720867105619,-0.167009955092933
6,2,-0.00238046771607418,-0.179260848050873,0.408705937684633,-0.187258107906124
7,2,0.0100716542457096,0.0554451778086476,-0.635087188871657,0.0736078649832862
8,2,0.0275247889124463,-0.136593625852153,-0.433840922623393,-0.144723254879047
9,2,-0.00176703811628057,-0.195586808308285,-0.048160473249392,-0.210368674959277
10,2,0.00655434909522941,-0.0510504699003603,-0.625025654125823,-0.0597987446682181
1,3,-0.0288110592159233,0.165243897506959,-0.651061253308237,0.166002110713195
2,3,-0.0542944261022321,-0.0190896419175466,-0.332605243783084,-0.0147981076660151
3,3,-0.0437694504079187,0.183288644955207,-0.981485942215254,0.177681984576505
4,3,-0.0516908217069132,0.0621897890101764,-0.62478676691954,0.0875597058761312
5,3,-0.0884926562757726,0.0325938625486105,-0.502849329306849,-0.00056282655048441
6,3,-0.0627163233289523,0.0755589730549031,-0.688172590351014,0.0887145885045558
7,3,-0.0732325058686744,0.166222203026422,-1.06827584962169,0.159019317097203
8,3,-0.0574894424620903,0.0255800178244247,-0.595772198982339,0.019876590644422
9,3,-0.0101944935738251,0.0838709573747295,-0.506007738309278,0.106932157911293
10,3,-0.0847498633956075,0.0454388863049358,-0.985272045890393,0.0205050967222309
1,4,-0.234566053055052,-0.124694574581957,-1.01151181201963,-0.133029157389322
2,4,-0.237923592275937,-0.291642383802277,-0.66762717703118,-0.315925770953565
3,4,-0.216907409267384,-0.314867942495874,-0.585992582375668,-0.30789294818944
4,4,-0.240793016896527,-0.410307280806657,0.0161499215677042,-0.434519941413482
5,4,-0.247160822235663,-0.500527465004124,-0.317751206957234,-0.509959241543614
6,4,-0.287103261626776,-0.458869408541052,-0.518481915729375,-0.475883487864172
7,4,-0.232493068422725,-0.425899922350673,-0.0750249724122921,-0.419993101612592
8,4,-0.237455733296478,-0.401724379041559,-0.253978812671649,-0.402076443053375
9,4,-0.22370316982345,-0.445799597363536,0.276262004574272,-0.469366948415832
10,4,-0.24480138603288,-0.47804437372151,0.0260592218556614,-0.487687352052752
1,5,-0.363487000555327,0.0260475592167903,-0.360647393651661,0.021435807128243
2,5,-0.393843108235954,0.108510943564986,-0.489280826600601,0.118001314434266
3,5,-0.376877442895151,0.056425491657831,-0.679038945219667,0.0635825248897487
4,5,-0.359991391625666,0.191104220777633,-0.815067641417206,0.193325880252764
5,5,-0.389843417872867,0.0195631079229495,-0.565693603753401,0.00506962541806209
6,5,-0.401075801883093,-0.0252400757500993,-0.354722518782067,-0.0363036273869103
7,5,-0.37811346622408,0.0616210065024235,-0.639920260602726,0.0914099048775014
8,5,-0.336387269410958,0.213189626467596,0.131585871546887,0.200644387516972
9,5,-0.369118442678487,0.130115693450676,-0.578798982717617,0.146551862384127
10,5,-0.334314009260476,-0.0340898508918317,-0.448601970995539,-0.0428644971320653
1,6,-0.0888928073523048,0.267634688367134,0.443052851281046,0.304784455720258
2,6,-0.109876332553142,0.354753853951278,0.412246108918414,0.36940710446355
3,6,-0.0957716403839507,0.422638370505424,0.329042821573889,0.413855686348538
4,6,-0.134792111633369,0.0846792009760745,0.639758517516548,0.0892949334532774
5,6,-0.112859256437146,0.337986447730078,-0.00645034723435203,0.350618219468154
6,6,-0.058586808092153,0.40438130268836,0.214262480585767,0.412700501893377
7,6,-0.124541057236925,0.446950991303138,-0.0904182076594628,0.468005071020735
8,6,-0.0853782320827805,0.414720758867062,0.0240532330800856,0.404345511681963
9,6,-0.07922917674508,0.310576330908537,0.309135471067025,0.318665704521833
10,6,-0.110078441345087,0.351579367294399,0.823931400635702,0.360591642768122
1,7,-0.124106682299264,-0.751166597615469,-1.30232449245604,-0.754221648497276
2,7,-0.140865906232286,-0.564053079822831,-1.64335039709896,-0.575226480478107
3,7,-0.156247301038941,-0.590026695026412,-1.76222950847584,-0.614201165296269
4,7,-0.109470930380194,-0.46550081499391,-1.7250647229241,-0.464515137494028
5,7,-0.137838260823614,-0.817668837190243,-1.12802391577706,-0.812836466691418
6,7,-0.112497269932703,-0.565372611364266,-1.55822904978125,-0.584869455317368
7,7,-0.12025744466018,-0.436002551050424,-1.92078209253746,-0.456391372813155
8,7,-0.133897144308229,-0.537269218889266,-1.63400137584899,-0.56038345761761
9,7,-0.0956557377546541,-0.514037281295517,-1.55929171389279,-0.514545201017772
10,7,-0.0769672636200454,-0.637855580993339,-1.27721490820077,-0.629644696991122
1,8,-0.0102791873038451,-0.266026483690929,-0.441260901018244,-0.243150670025418
2,8,0.0315139502037437,0.0455474086227747,-0.918368214878076,0.0420117404645253
3,8,0.0297761138365532,0.019197127410277,-0.89144730048139,0.0167705245438581
4,8,0.00468751455164727,-0.112949460238545,-0.782330656718358,-0.129620754164049
5,8,0.0146537107769335,-0.275484465947722,-0.112060310455575,-0.300748005651534
6,8,0.0533500319875256,0.16658317317164,-0.983518438388548,0.166275907934545
7,8,0.0719145879136631,-0.0461050811628052,-0.449512587830241,-0.0666086945260234
8,8,0.00988765025557609,-0.112904027017825,-0.562866957188917,-0.113527613299142
9,8,0.00541637501828349,0.0467055629706852,-1.21770138687309,0.0530631870197481
10,8,-0.00910417027461132,-0.0116839472805338,-1.09524432643778,-0.0232458667550475
1,9,-0.298760877734135,-0.0815560461906452,-0.358738428675575,-0.0842823071950843
2,9,-0.304779296866956,0.0203287788200539,-0.967900804717303,0.0146214842652034
3,9,-0.321114008969979,-0.117216552914363,-0.630163375511093,-0.114213393580747
4,9,-0.301039620505502,0.0949459791073102,-0.58193535453914,0.0961563559022959
5,9,-0.297769520391934,-0.155180687707762,-0.260924326531866,-0.162623166874728
6,9,-0.318284957138377,-0.153905507542706,-0.0735788057656198,-0.164583327097664
7,9,-0.293405739150707,-0.159528592795593,-0.230588804590936,-0.163175754791086
8,9,-0.292574251379309,-0.069345803638583,-0.258835481493056,-0.0702815342885057
9,9,-0.312940868572164,-0.0949531051624562,-0.599890503805861,-0.0713234471910986
10,9,-0.313529202194011,-0.0778004920589632,-0.400316799710898,-0.0759392508628134
1,10,-0.628589738919772,-0.553548359212187,0.149513607751355,-0.573377419976392
2,10,-0.687104892457231,-0.345907263821669,-1.57417780198149,-0.321942446954593
3,10,-0.684518783797875,-0.205044169563383,-1.85713373394016,-0.217816991046238
4,10,-0.633745587885282,-0.535309525396306,0.0720993712028197,-0.560897972643227
5,10,-0.649381788428805,-0.637611449503579,-0.135930778542923,-0.642109012428877
6,10,-0.58776907950925,-0.317119847207263,-0.786340321929509,-0.349369999634317
7,10,-0.631118644698937,-0.102420724351571,-1.69062544855951,-0.132029964647144
8,10,-0.637099378333783,-0.579096611090427,0.167374812220818,-0.571729075108171
9,10,-0.615738907852081,-0.512915800264647,-0.0674432381946512,-0.528725434328007
10,10,-0.624235227322058,-0.352322587924518,-0.913935004561308,-0.376096095887706
1,11,-0.0544402467398576,-0.126534553793752,-0.326016465621896,-0.125411482582848
2,11,-0.0406437801967632,0.0741426645064776,-0.860509882097196,0.0730663534699167
3,11,-0.0357864038610644,0.0301387214628768,-0.589749694530058,0.00467044045609889
4,11,-0.0392634080592332,-0.0241601971393771,-0.308649921599994,-0.046090778819678
5,11,-0.0411721059797921,-0.116500348843304,-0.275026701256798,-0.120548881659051
6,11,0.00157865873572777,0.201084066177384,-0.43934000543312,0.188808750210259
7,11,0.0165602252165371,0.038513276288878,-0.488855939861668,0.0712511115368891
8,11,0.0116882686776078,-0.0797678267262616,-0.046177680911517,-0.0782431540178
9,11,-0.0166071916759843,0.173062829536754,-0.923264000386994,0.20425680944163
10,11,-0.0332280013610271,0.0293340745630158,-0.551543091359547,0.0266003589254686
1,12,-0.274450246704977,0.288914498744293,-0.558293053684529,0.260257755236612
2,12,-0.302078359748781,0.154295337674688,-0.367681583716495,0.164646974303332
3,12,-0.307953552234496,0.142891749291547,-0.566853185502393,0.162658470964468
4,12,-0.295348871121908,0.0469091316146752,-0.168437655179773,0.06756363995593
5,12,-0.317840706364975,-0.149478582334015,-0.0928947019091144,-0.157269249814565
6,12,-0.286646833452409,0.133322565177418,-0.438358209857712,0.13325959377699
7,12,-0.278304885242712,0.181840077029946,-0.690606500501884,0.180461978177171
8,12,-0.251844821635992,0.0313591639573844,-0.228317424689261,0.0387839601402422
9,12,-0.314245175878952,-0.167183728693683,-0.130939869582961,-0.167360691656314
10,12,-0.261852266005,0.141828323210852,-0.301998000495699,0.153004643906977
1,13,-0.249514860206611,-0.107395849542644,0.0977495890784723,-0.114575063188991
2,13,-0.213942482148961,-0.0770467186251045,-0.347047279760862,-0.0940992254324386
3,13,-0.221381910700887,-0.18462877791761,0.0781505076496977,-0.180413980327947
4,13,-0.22749881113521,-0.148739360405269,-0.095552074171712,-0.132827495334693
5,13,-0.231418242350914,-0.0823078268065649,-0.587185901952845,-0.0564202785557236
6,13,-0.193181954895474,0.119374441475442,-0.681537521042324,0.117216310907035
7,13,-0.230287743729024,-0.129628594674501,-0.00130151166498954,-0.123216380656238
8,13,-0.246741939266725,-0.215917455512077,-0.312636400742977,-0.216385551893451
9,13,-0.238084303926736,-0.0673706446300177,-0.516336153659155,-0.0709103055625235
10,13,-0.19942796111401,-9.96593871674459e-5,-0.50341999217972,0.00782567153500996
1,14,-0.0819121119734298,0.0828221803178698,-2.27983643902594,0.0680588356680135
2,14,-0.067501510963871,-0.413620722675542,0.500364315371139,-0.428113088827015
3,14,-0.120601681078016,0.089813737499743,-2.03827328186043,0.0688922178572057
4,14,-0.0346730486563395,-0.322931737753971,1.44045323826951,-0.334856414422471
5,14,-0.0953046519550084,0.123169923713494,-2.11470842499594,0.133336114056251
6,14,-0.0520075893074154,-0.387494439507751,0.389645746944922,-0.416094326207693
7,14,-0.103566738182268,0.124922808221965,-2.05636771909983,0.129822361975141
8,14,-0.00666601389204126,-0.34342117297618,0.687773593074468,-0.330766101979954
9,14,-0.0653316655721646,0.162493557061125,-1.78979725289895,0.166301111717791
10,14,-0.0631959983986008,-0.390454024345092,0.222895969785842,-0.4001815719491
