rep,id,eta_Cl,eta_V1,eta_Q,eta_V2
1,1,-0.979349870694691,-0.573081810418201,0.842160751347148,0.783482770684841
2,1,-0.908339427479394,-0.143766157393723,-0.88353208427332,0.970389234905764
3,1,-0.739109307319286,-0.775163591709299,0.920136555285668,-0.184634244495351
4,1,-0.619566093553922,-0.409293630836569,0.319715570307984,-0.575630430322933
5,1,-0.777682801373493,-1.0694185395946,1.38211536138261,-0.382845875938695
6,1,-0.700129428861263,-1.03565811516087,1.27952975402084,0.00399324915920385
7,1,-0.840252491192106,-1.42744257688514,1.59470271552212,0.720776271672907
8,1,-0.708411308299338,-2.76154923189578,1.2795365319209,0.495601570393711
9,1,-0.844279374921302,-0.473347270310512,0.805189833896107,-0.124172530013713
10,1,-0.724307910335033,-0.709203243528386,0.876039154612107,-0.0873960412546243
1,2,0.129450445816956,0.106909830182165,-0.371970980263979,0.968004652412952
2,2,0.0443566318593143,0.234524740531119,-0.353564594206623,1.51824678420311
3,2,0.184738310216976,0.00601437183981096,-0.439283017118461,0.0520213897819738
4,2,0.317205869684438,-0.012607867561154,0.84425070350645,-0.112524641000082
5,2,0.172907796744407,0.162592844871634,0.00702619087060605,0.964776587654516
6,2,-0.0143818747164838,0.403727308141273,-0.110692403623559,2.00726858964173
7,2,0.160315857391094,0.00915489204793293,-0.133269373350826,0.612631465305134
8,2,0.293256263583541,-0.098115213683586,0.633105000424219,0.0105225740589766
9,2,0.102322791882694,0.139935308990845,-0.47184489954841,1.23374109534177
10,2,-0.0756287963488688,0.25374033097086,-0.310083017394827,2.00938300118163
1,3,-0.985629925406337,0.00563590005478412,0.79586189928265,2.79446481214696
2,3,0.21270246214225,0.0282716690883256,0.366696260776329,0.784236495697048
3,3,0.18275348122262,-0.000229274769783752,0.652053709721102,0.112760748660446
4,3,0.227732063255518,0.204725312003,0.338240430054152,0.333985076875011
5,3,-0.626320290038231,0.21712587265424,0.440420906074193,2.74518649775197
6,3,0.00846977137727774,0.236186039590944,0.0581967603014836,1.63410007439359
7,3,0.239564955226713,-0.0614521174530071,0.746259175012095,0.0488188051087505
8,3,0.183370116001232,0.180120747257115,-0.0341150563639616,0.720452467813392
9,3,-0.487322102681998,0.253511415117118,0.000542187869793209,2.5849327732185
10,3,-0.0298319096349497,0.048982899727648,0.0238277582535824,1.68329915714111
1,4,-0.0196617656446684,-2.6541876912497,2.50398194006084,-0.315422901504594
2,4,-0.0553848746966926,-0.115454334078514,-0.875636306441385,0.603553101667667
3,4,0.0458248717256387,0.0263502891844892,-0.203161697253009,0.39947628430619
4,4,-0.0688493174611064,-0.11039970462141,-0.791124156976022,0.432138776450959
5,4,0.034291222633868,-2.94911315475236,1.39703634471932,0.100852781748022
6,4,0.0253411337632422,-0.0231289675462898,-0.608309659243265,-1.12114201651839
7,4,-0.0332684574827681,-0.028447312744675,-1.67949886237734,-0.680709964351487
8,4,-0.0887857969768686,-0.816050737927351,0.841123940868814,-0.659843079451625
9,4,-0.0160102902963112,-2.61750715691242,1.86407002367503,-0.0818216007151897
10,4,-0.0569240405524409,-0.0210279899043853,-1.40027181449378,0.0211320506300559
1,5,-0.141264095337866,0.367603360233117,1.04974555642457,-1.32560126178318
2,5,-0.200670285243434,-0.846589481826016,1.60535346414048,-0.305637069414085
3,5,-0.164536176390067,-0.156084312142847,0.905519191695468,-0.359642929881941
4,5,-0.154490231708016,-0.027736036072379,-0.234386044473527,0.124217872378969
5,5,-0.143880443765069,0.289287916035611,0.498506682749769,0.595408911425064
6,5,-0.307002896684993,0.00504906474291505,-0.946832078994502,0.689140795490484
7,5,-0.13032300016467,-0.104570668782174,-0.0195407977305065,0.32006470453761
8,5,-0.190228018637268,0.171956078677465,-0.331909228937646,0.25047707216242
9,5,-0.266131904520532,-0.178682214152335,-0.267082087230202,0.892836033171416
10,5,-0.122577886830531,-0.702989795267225,1.89954324016593,-0.0551360521080474
1,6,0.182096786800572,-0.0541346438080163,1.57242387687579,0.249404039042833
2,6,0.206885727331447,0.840291302401057,0.55013857092158,0.381625534827882
3,6,0.229951327461274,0.547545472433326,1.00795275439449,0.729102123661863
4,6,-1.28225349537519,0.81381636953576,0.216413133616152,3.54423186331339
5,6,0.0455020156386377,0.30533588592008,1.18647282619367,1.27724442425649
6,6,0.0517265059191462,0.865359060115692,-1.13770720371805,0.327456940175861
7,6,0.102368546160903,0.628842483031865,0.445319086819038,0.474170138663046
8,6,-2.56179611103726,0.569372766805301,0.949363657980991,2.95794204163823
9,6,0.088533177384112,0.594531558776675,0.161539840262758,-0.220317138052678
10,6,0.157139164256572,0.706481984870067,0.508917725604661,0.287146344137224
1,7,-0.00166244000556867,-0.0662853004967698,0.562762718879347,-3.57051149612803
2,7,0.00737837829172731,-0.331805801769804,3.21167498648865,-1.56216494377407
3,7,-0.0300706542693112,-0.380794407510705,2.60328220564297,-1.63734642575866
4,7,0.0424424393046114,0.12179061431707,-2.6121271123406,1.29627596063289
5,7,0.0974036780283374,0.00543844079831958,-2.47012852157678,-0.996253019237101
6,7,0.142325600477396,0.290145629932262,-2.47053204190311,-2.6638183828504
7,7,0.0716078423566198,0.0968904996686692,0.0399581205964149,-3.6910490195746
8,7,0.0146136413164271,0.056751865692091,-3.16636411455771,1.32468827186655
9,7,0.0909115647617858,-0.341433200753048,2.12287829610848,-1.16631172192558
10,7,-0.0319629996005654,-0.150840305369687,0.192333580688067,-3.75581603904234
1,8,0.173274889161505,-0.157078856939938,-0.468629630275101,-0.508020823470256
2,8,0.206986888441473,0.270145559692544,-0.526196386361059,0.784849024771308
3,8,0.218119862331187,-0.125323144898696,-0.249263051959086,0.318558032155404
4,8,0.169135134204056,-0.0515523300833495,-0.581629975715996,-0.234541273661825
5,8,0.201166823943822,-0.00338078256898794,-0.581727933916063,0.047370707263945
6,8,0.232459058778298,0.0287322054416496,-0.56938292944533,-0.541466970777002
7,8,0.0537219152785824,-0.00245591113144195,0.0155369838111688,1.77643350245072
8,8,0.0189575495814014,-0.0145789755065911,-0.453618804481666,1.64360460060234
9,8,0.146557427233784,-0.143386406676829,-0.0486385127231591,1.14331372436226
10,8,0.139526899657046,-0.227388208392521,-0.196004325936703,-0.177676515065799
1,9,-0.155690987871797,0.144263558062485,0.0549146323003635,1.22444935749357
2,9,-0.278125216791378,-0.0832781626312591,0.132213370422517,1.56002307377937
3,9,-0.0746977698189322,-0.377584033625244,0.727130461311092,0.091084877846648
4,9,-0.0314992783659805,-0.0532199805115993,0.472452835422561,0.235186409294815
5,9,-0.0770510341961555,-0.199640534448781,0.768831254705308,-0.629907766745531
6,9,-0.00170204185742109,0.0931273815614283,0.659875812405205,0.228717141199405
7,9,-0.0203892992156243,-2.90251512469563,1.94731302218609,0.23415194888558
8,9,-0.02363128728702,0.153961552280935,-0.16799377324329,-0.137715664096742
9,9,-0.00590644668917729,-0.775877208691936,1.64101452623813,-0.0079672523112495
10,9,-0.00474610861184269,-0.320898184488555,0.85956682509446,0.103754066649892
1,10,-0.382936101507966,-0.34612995717504,-0.46083824557485,-0.492320952581377
2,10,-0.624936138099234,-0.0942594787616532,-1.72810133300004,1.35068490339642
3,10,-0.328596551567329,-0.325242075698267,0.684942025781579,-0.617717667847707
4,10,-0.552575830091343,-0.306095308669574,-1.85024747475507,0.476035472063359
5,10,-0.468304357399934,-0.338054233060077,-1.07609560321656,0.208500677980556
6,10,-0.469891186127747,-0.207370531067443,-1.98652714923121,-0.518668730058687
7,10,-0.345646912210213,-0.936074000396802,1.35622358810935,-0.54139614898576
8,10,-0.600520034439734,-0.275442848005549,-1.43435730005646,0.564142548567171
9,10,-0.402339587348066,-0.228628150781397,0.658676644080209,-1.64539152850752
10,10,-0.34772055559188,-0.148524572807603,-0.524208554008097,-0.548787551247841
1,11,0.243536745886121,-0.684944073771901,2.04857683477256,0.0193642543504929
2,11,0.23393526929407,0.0218673337348377,0.586646385269378,-0.756230742997695
3,11,0.242247751385375,0.292625331062356,-0.261698523901409,0.286488133235917
4,11,0.110075470601178,0.240516956433557,-0.269131168551253,1.35616870911217
5,11,0.255139729091487,-1.81814713387112,2.07381494686679,0.384858596129653
6,11,0.191170541961288,0.25548995584877,-0.482378191819616,0.580309249699674
7,11,0.224555892104718,0.260685610172058,-0.00860094350355124,-0.0829073360422119
8,11,-0.0299102361392689,0.210132643654693,0.116445722085591,1.74925126789656
9,11,0.275576682203303,-0.423736859469939,1.20965286829139,-0.0143578599938354
10,11,-0.0154422236622535,0.406418733868895,-0.492596578177199,1.82853639545691
1,12,0.00596576905270998,-2.10469079132172,2.38640809603732,0.363345154292951
2,12,-0.313400770954533,0.386788662206269,-0.0191455294809667,1.66634831685889
3,12,-0.0993742275617669,0.102650170999215,-0.0935699377667275,0.985013511734165
4,12,-0.0172719717704708,-0.0120641818244837,1.15673865367512,-0.494740302250389
5,12,-0.00682573859007305,0.398831563270965,-0.241451318355026,0.750054473656761
6,12,-0.18651477234524,0.28492426423039,0.156328963585481,1.20034710174369
7,12,-0.0674562126150853,-1.58931443266375,3.02755441101182,0.264849300305132
8,12,-0.0953957885910058,0.00889342021256526,0.0775153527588127,0.61520978670605
9,12,-0.0605590808875979,-0.0595668743230188,0.540010584944766,-0.126098180854065
10,12,-0.040087512600302,0.0759653116014473,-0.134836967971273,-0.281689592743462
1,13,-0.555808006394537,0.195053394958332,-0.206050424757154,2.38766426816105
2,13,0.0344220708177077,-1.40727219998217,1.62222527076246,0.318564343112771
3,13,0.0715095857525243,-1.23001008248665,1.94296270896777,0.236354687687991
4,13,-0.262630621113955,0.126100162841927,-0.799419736393953,1.63849684099003
5,13,-0.403992163628581,0.29535596331178,-0.021843498205439,2.19772546702285
6,13,0.0576710140773141,-0.53304040410309,1.20799996000682,-0.345558256863088
7,13,0.0852099691308199,-0.452925112394434,1.58024842409291,-0.0508947108537729
8,13,0.0759980973512542,-1.60225934509381,1.97988184231918,0.295066719467731
9,13,-0.0280427802658667,0.162213561782278,0.440776097827673,-2.28388813569135
10,13,0.0392200546025604,-0.0814339781161601,1.47707054542657,-0.529123509327929
1,14,0.077693823759593,0.120067496710943,-1.37606739659043,0.996305401464893
2,14,-0.225380824978595,0.197939030345774,-0.676386443271495,2.80285401203085
3,14,0.0867880148428838,-0.00884663787578167,0.10778159616978,-2.52338729499788
4,14,0.00992208307810597,0.0823003781459876,-1.65393905590625,1.42186130897213
5,14,0.12461365605597,0.0557375910973774,-1.01898331117123,-1.89189841013667
6,14,-0.687176910377979,0.188678552993918,0.102520163831145,3.07508310751423
7,14,0.0861962900228778,0.0647829555320001,-1.6240619759627,0.352518350768416
8,14,-0.349947625074992,0.143759903832827,-0.658226336804263,3.06989388142084
9,14,0.0839245818590539,0.152223678423909,-0.650814571760809,1.2334538859114
10,14,0.198822018509005,0.10794662822815,-1.04692070341861,-0.778248083439717
