iteration,convergenceIndicator,phase,Cl_pop,beta_Cl_logtCLCR,V1_pop,Q_pop,V2_pop,omega_Cl,omega_V1,omega_Q,corr_V1_Cl,b
1,786.928,1,5.2,0.62,21.22,4.99,28.28,1.5,1.5,1,0.62,0.3
2,778.021,1,5.29444,1.23946,28.0675,6.38448,31.108,1.46202,1.46202,1.05253,0.62,0.285
3,765.588,1,5.28529,1.11297,24.8496,8.27732,34.8993,1.425,1.425,1.11458,0.62,0.27075
4,755.463,1,4.63388,2.45142,24.4536,8.66588,41.4429,1.38892,1.38892,1.08636,0.62,0.257212
5,748.029,1,5.10823,2.2439,22.4323,8.11094,47.7888,1.35375,1.35375,1.15454,0.62,0.244352
6,735.817,1,4.64403,1.94807,25.2786,10.3899,54.3598,1.31947,1.31947,1.12531,0.62,0.232134
7,720.284,1,4.92245,1.85834,22.6663,8.89802,56.7381,1.28606,1.28606,1.09681,0.62,0.220528
8,707.612,1,5.07746,1.43226,21.0051,8.81503,38.8301,1.2535,1.2535,1.06904,0.62,0.209501
9,695.554,1,5.33244,1.19153,18.8906,11.412,29.1226,1.22176,1.22176,1.04197,0.62,0.199026
10,686.433,1,5.22015,0.876991,17.6323,11.9822,25.4823,1.19082,1.19082,1.01559,0.62,0.189075
11,666.561,1,5.2644,0.81395,13.9166,14.0515,27.1545,1.16067,1.16067,0.989875,0.62,0.179621
12,652.571,1,5.2223,0.961871,12.747,14.7763,27.4515,1.13128,1.13128,0.96481,0.62,0.17064
13,660.045,1,4.89881,1.27589,11.7374,14.8025,26.1219,1.10264,1.10264,0.940381,0.62,0.162108
14,640.562,1,5.12867,0.64577,11.5918,15.4236,25.2035,1.07472,1.07472,0.91657,0.62,0.154003
15,621.242,1,5.05086,0.906994,11.6361,14.5849,25.7351,1.04751,1.04751,0.893362,0.62,0.146302
16,616.323,1,5.15153,0.684986,11.3032,18.9427,25.5542,1.02098,1.02098,0.918792,0.62,0.138987
17,603.25,1,5.28191,0.271035,10.3618,18.3169,26.1531,0.995131,0.995131,0.895527,0.62,0.132038
18,592.413,1,5.24637,0.613345,9.93711,18.276,28.2781,0.969933,0.969933,0.872852,0.62,0.125436
19,586.213,1,5.23641,0.671782,9.89512,18.3157,28.1013,0.945374,0.945374,0.850751,0.62,0.119164
20,575.132,1,5.17714,0.677974,10.7981,18.9769,27.3549,0.921437,0.921437,0.829209,0.62,0.113206
21,572.884,1,4.9972,0.850294,10.2042,17.4144,26.6924,0.898105,0.898105,0.837908,0.62,0.107546
22,571.792,1,5.0589,0.674876,10.0563,18.3834,25.7748,0.875365,0.875365,0.816692,0.62,0.102168
23,551.197,1,4.83716,1.24248,10.2302,18.7043,24.9291,0.8532,0.8532,0.810428,0.62,0.0970601
24,537.822,1,4.90927,1.12347,9.70312,17.5622,25.3576,0.831597,0.831597,0.789908,0.62,0.0922071
25,526.913,1,5.04447,0.89707,9.7125,18.7907,25.9618,0.81054,0.81054,0.769907,0.62,0.0875967
26,521.431,1,5.07001,0.90574,10.4342,18.3975,25.3939,0.790017,0.790017,0.750412,0.62,0.0832169
27,504.242,1,5.02442,1.15753,10.2255,23.7523,24.1639,0.770013,0.770013,0.731411,0.62,0.079056
28,490.999,1,5.105,0.866715,10.4267,22.8394,23.5598,0.750516,0.750516,0.712892,0.62,0.0751032
29,478.216,1,5.08912,0.857493,11.2686,22.3376,23.0076,0.731512,0.731512,0.694841,0.62,0.0713481
30,477.262,1,5.04072,0.966699,11.0706,22.288,23.1424,0.71299,0.71299,0.721339,0.62,0.0677807
31,467.527,1,5.05261,0.904966,11.1431,21.1242,23.1695,0.694937,0.694937,0.703075,0.62,0.0643916
32,456.399,1,4.97864,0.917195,11.0133,19.0432,22.9613,0.677341,0.677341,0.685272,0.62,0.061172
33,445.867,1,5.08892,0.825747,11.2368,17.9426,23.4726,0.66019,0.66019,0.667921,0.62,0.0581134
34,442.212,1,5.1009,0.710026,11.3248,17.124,23.8118,0.643474,0.643474,0.656982,0.62,0.0552078
35,427.867,1,5.06988,0.801991,11.2889,19.4815,23.4119,0.627181,0.627181,0.640346,0.62,0.0524474
36,419.865,1,5.17181,0.686477,11.2903,20.3315,23.2473,0.6113,0.6113,0.663187,0.62,0.049825
37,413.332,1,5.17982,0.669291,11.1431,19.2181,23.6468,0.595821,0.595821,0.646395,0.62,0.0473338
38,408.762,1,5.12204,0.781148,11.6037,18.489,22.8524,0.580735,0.580735,0.630028,0.62,0.0449671
39,402.179,1,5.12877,0.789805,12.4368,18.6528,22.6561,0.56603,0.56603,0.636226,0.62,0.0427187
40,391.218,1,5.09374,0.889807,13.0086,16.3862,22.3375,0.551698,0.551698,0.622124,0.62,0.0405828
41,376.792,1,5.08109,0.902721,13.3865,15.0145,22.0495,0.537729,0.537729,0.606372,0.62,0.0385536
42,368.287,1,5.13159,0.673541,13.6899,15.2207,20.9944,0.524113,0.524113,0.591018,0.62,0.036626
43,360.746,1,5.16675,0.667414,14.0432,15.1182,20.9288,0.510842,0.510842,0.576053,0.62,0.0347947
44,360.625,1,5.09535,0.78335,14.0519,14.456,20.8879,0.497908,0.497908,0.561467,0.62,0.0330549
45,356.517,1,5.1404,0.681471,13.989,14.0609,20.7778,0.4853,0.510243,0.54725,0.62,0.0314022
46,351.758,1,5.13105,0.683639,13.8338,14.251,20.794,0.473012,0.565865,0.533394,0.62,0.0302942
47,346.903,1,5.15714,0.55888,13.6884,13.7793,20.6762,0.461035,0.564295,0.5735,0.62,0.0292839
48,332.129,1,5.14642,0.513517,13.5398,13.5245,20.2926,0.449362,0.594188,0.561254,0.62,0.0278197
49,334.052,1,5.11604,0.629121,13.8267,13.5972,20.2688,0.437984,0.579143,0.57966,0.62,0.0275026
50,325.14,1,5.09973,0.649269,13.9034,13.4264,20.0748,0.426894,0.564478,0.568609,0.62,0.0265572
51,325.956,1,5.10863,0.646224,14.1459,13.0907,19.867,0.416084,0.573242,0.554211,0.62,0.026828
52,326.69,1,5.07705,0.734404,14.5044,13.0914,19.6691,0.405549,0.558727,0.564643,0.62,0.0269732
53,321.108,1,5.12076,0.633909,14.0699,12.9927,19.7728,0.39528,0.60451,0.591469,0.62,0.0258901
54,320.198,1,5.09033,0.70737,14.3549,12.2817,19.769,0.385271,0.599262,0.619916,0.62,0.0256241
55,311.942,1,5.0645,0.708415,14.2188,11.7206,19.4717,0.375516,0.604489,0.604219,0.62,0.0249333
56,310.489,1,5.09219,0.70174,14.1622,12.3146,19.5706,0.366008,0.613759,0.58892,0.62,0.024833
57,308.731,1,5.08377,0.724504,14.4489,12.1167,19.2265,0.35674,0.619902,0.574008,0.62,0.0246492
58,307.721,1,5.09929,0.704166,14.4374,11.8537,19.189,0.347707,0.614263,0.573153,0.62,0.0246187
59,309.684,1,5.0944,0.697144,14.5059,11.4409,19.1815,0.338903,0.646084,0.579536,0.62,0.0246854
60,303.182,1,5.08053,0.743641,14.6785,11.5014,19.1365,0.330322,0.629725,0.593843,0.62,0.0239256
61,304.943,1,5.05421,0.786069,14.8592,11.3166,19.0095,0.321958,0.61378,0.581183,0.62,0.024521
62,307.231,1,5.0497,0.792175,14.7619,11.4462,18.7941,0.313806,0.609242,0.566468,0.62,0.0249658
63,302.794,1,5.04972,0.769862,14.532,11.5564,18.9299,0.30586,0.637252,0.604652,0.62,0.023873
64,304.016,1,5.04426,0.816336,14.8098,11.5977,18.9299,0.298116,0.624064,0.589342,0.62,0.0243063
65,309.58,1,5.05042,0.811498,14.4828,11.0886,19.259,0.290567,0.668869,0.58021,0.62,0.0248041
66,307.179,1,5.0335,0.826019,14.5153,11.8461,19.0521,0.28321,0.651933,0.622014,0.62,0.024401
67,297.597,1,5.0091,0.891453,14.4132,11.3798,19.1637,0.276039,0.635425,0.606265,0.62,0.0236443
68,294.963,1,4.99627,0.909551,14.3011,11.6139,19.2049,0.269049,0.656336,0.591145,0.62,0.0230228
69,297.925,1,4.9952,0.893373,14.6562,11.4748,19.0811,0.262237,0.639718,0.576177,0.62,0.0236084
70,299.199,1,5.04954,0.836914,14.5455,11.0551,19.1557,0.255597,0.647646,0.57838,0.62,0.023977
71,298.606,1,5.03506,0.850809,14.8006,11.3926,18.9349,0.249125,0.631247,0.579495,0.62,0.0240852
72,293.996,1,5.04757,0.849294,15.2843,11.1191,18.7611,0.242817,0.615264,0.584948,0.62,0.0236994
73,289.693,1,5.0412,0.817646,14.6669,10.7213,18.9626,0.236669,0.641843,0.570136,0.62,0.0232219
74,297.836,1,5.04526,0.829786,14.915,10.8821,18.9515,0.230676,0.631539,0.570477,0.62,0.0240899
75,298.26,1,5.05182,0.853825,15.1692,10.7997,18.7776,0.224835,0.615548,0.569393,0.62,0.0244426
76,299.826,1,5.04609,0.869579,15.1678,10.7053,18.7556,0.219142,0.599962,0.554975,0.62,0.0247607
77,303.696,1,5.02716,0.8591,15.5991,10.2616,18.5577,0.213594,0.604707,0.573749,0.62,0.025002
78,294.696,1,5.02384,0.85168,15.3793,10.165,18.3801,0.208185,0.62177,0.592935,0.57421,0.0238182
79,295.901,1,4.99173,0.843764,14.3913,10.3859,18.2581,0.202914,0.675965,0.616961,0.603454,0.0236072
80,295.92,1,5.02364,0.84688,14.5482,10.5788,18.3936,0.197776,0.66834,0.624987,0.577684,0.0236398
81,289.276,1,5.02633,0.901399,15.3488,10.7628,18.3289,0.192768,0.651417,0.638885,0.55326,0.0230069
82,295.878,1,4.97743,0.944865,15.4407,10.6925,18.1177,0.187887,0.634923,0.625264,0.543648,0.023868
83,289.776,1,4.97626,0.934528,15.4998,10.1515,18.1036,0.18313,0.618846,0.609432,0.551885,0.0235703
84,291.078,1,5.01611,0.883791,15.2071,10.3928,18.2874,0.178493,0.603177,0.594001,0.607692,0.0238927
85,295.527,1,5.02026,0.863729,14.9193,10.5644,18.4089,0.178772,0.613957,0.57896,0.604278,0.0243103
86,299.309,1,5.00523,0.894409,15.3742,10.1405,18.2866,0.177064,0.598411,0.564301,0.550282,0.0249719
87,301.793,1,4.98409,0.884587,15.0076,9.93133,18.4223,0.179376,0.587915,0.577217,0.561819,0.0250888
88,295.048,1,4.98844,0.889378,15.1728,10.5816,18.5087,0.178343,0.595654,0.590859,0.529772,0.0240082
89,299.089,1,5.03704,0.855777,15.1002,10.5546,18.5665,0.180439,0.634123,0.61585,0.624099,0.0244801
90,291.418,1,5.02702,0.859374,15.2933,10.7089,18.4432,0.181228,0.618067,0.600257,0.605015,0.0237868
91,286.655,1,5.01835,0.874902,15.0854,11.0801,18.2451,0.177425,0.602417,0.585058,0.598596,0.0235483
92,293.27,1,5.0288,0.842924,14.5307,11.3746,18.605,0.18213,0.631786,0.570244,0.615135,0.0239809
93,293.888,1,5.02536,0.844032,14.5835,11.2825,18.6123,0.177518,0.6266,0.587517,0.573293,0.0239207
94,287.656,1,5.01504,0.898016,14.9266,11.0785,18.8159,0.178342,0.618112,0.583181,0.546391,0.0231104
95,289.485,1,5.0009,0.887572,14.9732,10.5662,18.8894,0.177499,0.620189,0.601173,0.484025,0.0230554
96,287.179,1,4.96266,0.950122,15.0474,10.3787,18.4762,0.175034,0.606072,0.585951,0.48297,0.0231059
97,291.885,1,4.99045,0.940836,15.4369,10.4582,18.3138,0.175694,0.590726,0.598399,0.479667,0.0235809
98,290.553,1,5.01394,0.921283,15.4584,10.2228,18.3281,0.174569,0.581316,0.583247,0.525818,0.023788
99,293.038,1,5.03088,0.900396,15.7358,10.0641,18.2028,0.177643,0.611612,0.596229,0.558865,0.0238174
100,283.52,1,5.04809,0.895961,15.8596,10.2396,18.3521,0.174476,0.60233,0.581132,0.535111,0.0228279
101,294.054,1,5.06909,0.877827,16.029,10.2115,18.1084,0.174313,0.617611,0.578981,0.54466,0.0240795
102,295.041,1,5.04761,0.87279,15.7406,10.3037,17.8997,0.180706,0.613534,0.564321,0.57508,0.0244645
103,286.607,1,5.01017,0.920971,15.4145,10.5551,17.9207,0.17613,0.60332,0.550032,0.555659,0.0236122
104,286.652,1,4.99347,0.928596,15.128,10.3795,18.2427,0.175457,0.627163,0.536105,0.56173,0.0233292
105,295.729,1,5.03259,0.917631,15.4624,10.4056,18.3852,0.175636,0.662724,0.627268,0.55222,0.0237182
106,291.241,1,4.99625,0.973597,15.5631,10.3998,18.2703,0.184609,0.660712,0.625336,0.537505,0.0229616
107,288.597,1,5.02834,0.933013,15.9681,9.92164,18.2846,0.179934,0.643982,0.616122,0.541079,0.0231023
108,281.404,1,5.02636,0.906535,15.6918,10.023,18.281,0.181124,0.627676,0.600521,0.551749,0.0223531
109,283.692,1,5.05217,0.892647,15.6267,9.92175,18.2882,0.180135,0.611783,0.585316,0.580304,0.0228458
110,282.229,1,5.04046,0.907662,16.1341,9.76101,18.0381,0.176627,0.600063,0.570495,0.545478,0.0228172
111,285.294,1,5.02507,0.918322,15.9027,9.84361,18.327,0.181938,0.616413,0.60384,0.534848,0.0226539
112,294.803,1,5.02905,0.933062,15.8238,10.092,18.4845,0.181727,0.620954,0.660474,0.502689,0.0234209
113,284.178,1,5.01393,0.938802,15.3383,10.1454,18.5387,0.178964,0.627633,0.64375,0.537352,0.0226023
114,285.437,1,5.00623,0.929992,15.3536,10.481,18.3431,0.183229,0.619637,0.62745,0.544881,0.0226514
115,286.202,1,4.99309,0.923189,15.1205,9.99526,18.3431,0.183934,0.635953,0.614914,0.568056,0.0226234
116,293.336,1,4.96191,0.926928,14.8229,10.0531,18.4363,0.179277,0.651273,0.633874,0.524899,0.0232648
117,291.375,1,4.98386,0.905251,14.9414,9.83675,18.5371,0.175418,0.634783,0.652469,0.518184,0.0230722
118,291.489,1,4.99227,0.907785,15.2376,9.92831,18.4213,0.175995,0.61871,0.643253,0.525026,0.023223
119,290.821,1,5.00496,0.907513,15.2433,10.2533,18.3781,0.179245,0.634156,0.626966,0.546571,0.0232323
120,289.222,1,5.03266,0.909913,15.6683,10.2883,18.6186,0.181826,0.631111,0.6159,0.567836,0.0230688
121,282.761,1,5.03237,0.869568,15.3189,10.2525,18.7095,0.180104,0.615131,0.601646,0.542496,0.0224644
122,283.07,1,5.01699,0.85894,15.1359,10.0486,18.4318,0.17981,0.609886,0.586412,0.590591,0.0227229
123,285.53,1,5.0019,0.852799,15.8312,9.62483,18.331,0.184131,0.621018,0.632463,0.567253,0.0225115
124,287.509,1,5.01741,0.881832,15.8816,9.73633,18.8071,0.183091,0.626498,0.709912,0.537666,0.0223197
125,286.702,1,5.04631,0.842581,15.6817,9.75033,18.9835,0.182686,0.68412,0.705698,0.571042,0.0220672
126,281.697,1,5.02715,0.845596,15.2967,9.6027,18.9464,0.18051,0.679324,0.720645,0.604751,0.0215826
127,281.223,1,5.03733,0.842449,15.4788,9.80202,19.161,0.177301,0.66518,0.702398,0.558445,0.0216014
128,282.796,1,5.03597,0.835107,15.2787,9.48042,19.3519,0.181317,0.661922,0.684613,0.566845,0.0218674
129,283.935,1,5.01415,0.904021,15.9084,9.51452,19.3557,0.179375,0.645162,0.697673,0.461008,0.0219837
130,285.37,1,4.99015,0.916885,15.6206,9.57186,18.9096,0.177587,0.628826,0.714556,0.508864,0.0220723
131,276.482,1,4.99871,0.889797,15.5236,9.21438,18.8874,0.184174,0.626103,0.696463,0.554805,0.0212201
132,276.921,1,4.98878,0.871941,15.6294,9.13157,18.8653,0.18563,0.629735,0.679507,0.588495,0.0212949
133,281.354,1,4.98554,0.858619,15.2906,9.26779,18.9611,0.182332,0.628726,0.715422,0.569168,0.0216341
134,275.853,1,4.99905,0.841608,15.4074,9.63177,18.7018,0.181902,0.616003,0.697307,0.605195,0.0213202
135,278.64,1,5.01427,0.8039,15.2367,9.74933,18.7091,0.188767,0.645846,0.681964,0.624262,0.0214544
136,275.375,1,5.01006,0.817521,15.6138,10.4535,18.373,0.184199,0.629493,0.708017,0.60609,0.0211867
137,277.175,1,5.01509,0.812768,15.163,10.567,18.6026,0.183622,0.633983,0.707582,0.61895,0.0212986
138,276.287,1,5.0289,0.821113,15.5552,10.6231,18.4173,0.181535,0.619234,0.715864,0.616123,0.0212864
139,277.816,1,5.01011,0.847294,15.6878,10.1313,18.4497,0.188965,0.62129,0.697738,0.642338,0.0214935
140,274.469,1,5.04862,0.799305,15.7842,10.0871,18.4569,0.184181,0.611373,0.680071,0.623903,0.0214675
141,272.335,1,5.05351,0.772221,15.5816,9.54453,18.8571,0.179517,0.603113,0.662851,0.626467,0.0214786
142,269.116,1,5.03975,0.811518,15.6445,9.84873,18.9012,0.179553,0.587842,0.646068,0.589452,0.0209725
143,273.736,1,5.02883,0.870581,16.2577,9.53047,18.8422,0.186774,0.594024,0.641025,0.585145,0.0213046
144,273.742,1,5.06721,0.789759,16.1671,9.33663,18.7244,0.18238,0.584395,0.626294,0.626719,0.0216506
145,277.867,1,5.00177,0.877087,16.091,9.41371,18.8707,0.184593,0.571098,0.668263,0.522447,0.0216161
146,279.982,1,5.03395,0.879321,15.9411,9.31961,19.2024,0.183079,0.578608,0.677029,0.511156,0.0218383
147,278.404,1,5.03406,0.888753,15.8879,9.48662,19.4424,0.184757,0.623879,0.668467,0.489389,0.0213838
148,278.07,1,5.00271,0.920062,15.7379,9.29373,19.5184,0.18724,0.638566,0.651541,0.472707,0.0213029
149,283.084,1,5.00575,0.927316,15.8252,9.04144,19.5946,0.187226,0.630801,0.655996,0.452757,0.0217877
150,275.214,1,4.99853,0.941367,15.8751,9.29096,19.6482,0.184306,0.628408,0.662821,0.433645,0.0208986
151,267.053,1,4.99265,0.939347,15.5276,9.63832,19.5446,0.17995,0.622184,0.650338,0.439125,0.0201796
152,269.992,1,4.99013,0.918027,15.3156,9.84499,19.4224,0.183562,0.629943,0.696298,0.46972,0.020236
153,274.229,1,5.02294,0.898772,15.2783,9.7639,19.7032,0.18535,0.633302,0.678668,0.51965,0.0209544
154,273.478,1,5.02553,0.857414,15.3768,9.59834,19.5454,0.183641,0.622897,0.661483,0.511398,0.0209163
155,286.485,1,5.01117,0.833091,15.0783,10.3625,19.7286,0.180867,0.627493,0.76406,0.476713,0.0218171
156,286.633,1,5.02073,0.851627,15.1748,10.2796,19.744,0.182493,0.626942,0.746796,0.483488,0.0219262
157,279.036,1,4.99545,0.901976,15.4739,9.68575,19.7402,0.183855,0.611067,0.727887,0.433482,0.0212636
158,277.664,1,4.98202,0.906245,15.5171,9.63905,19.6399,0.179199,0.595594,0.726448,0.431921,0.0212519
159,273.833,1,4.97998,0.916796,15.3429,10.3786,19.4328,0.183471,0.584893,0.722031,0.486413,0.0207942
160,271.303,1,5.0343,0.853024,15.6526,9.68013,19.5201,0.178825,0.583092,0.703748,0.504413,0.0208526
161,269.093,1,4.96558,0.851635,15.6854,9.19132,19.1884,0.190178,0.582119,0.734685,0.572241,0.0203133
162,262.602,1,5.01203,0.794045,15.8643,9.5067,19.2933,0.185363,0.56738,0.745025,0.568276,0.0197845
163,270.703,1,4.99751,0.78691,15.617,9.73514,19.3762,0.184486,0.592544,0.786058,0.544741,0.020266
164,274.561,1,5.00154,0.788885,15.366,9.91757,19.6752,0.189147,0.620642,0.82409,0.547363,0.0203409
165,269.982,1,4.98336,0.79704,15.0254,9.65646,19.5446,0.184358,0.627287,0.803224,0.543606,0.0200497
166,267.386,1,4.99211,0.797593,14.9599,9.60068,19.8576,0.17969,0.625369,0.782886,0.55741,0.0198821
167,259.184,1,5.00979,0.783356,15.0016,9.67824,20.0282,0.184101,0.643456,0.790793,0.567105,0.0189173
168,260.177,1,4.98083,0.820419,15.1052,9.51646,19.7857,0.187311,0.636702,0.77077,0.540207,0.019012
169,260.737,1,4.95791,0.82944,14.6711,9.41641,20.0176,0.1906,0.664733,0.776552,0.526293,0.0188012
170,261.871,1,4.97087,0.820326,14.7391,9.52022,20.1075,0.185774,0.681916,0.814856,0.527047,0.0187941
171,262.436,1,4.97573,0.832706,14.3082,10.1503,20.1114,0.188182,0.703345,0.808291,0.553622,0.01881
172,265.166,1,4.98229,0.83891,14.4367,10.1476,20.2175,0.184878,0.715196,0.805667,0.575099,0.0191548
173,262.242,1,5.02029,0.814091,14.2657,10.351,20.3596,0.185722,0.731731,0.785267,0.61966,0.0190283
174,260.178,1,5.00238,0.827147,14.3486,10.4514,20.0813,0.192654,0.720497,0.765384,0.618196,0.0188222
175,262.116,1,5.02494,0.81823,14.7728,10.7866,19.8499,0.189322,0.702253,0.756467,0.629644,0.019269
176,264.831,1,5.04236,0.816789,14.9507,10.8851,19.8033,0.189225,0.684472,0.756174,0.633883,0.0196424
177,263.968,1,5.04205,0.787649,14.5308,11.071,20.1746,0.188407,0.699716,0.750576,0.612737,0.0193678
178,269.127,1,5.04893,0.789132,14.2458,11.0692,20.4662,0.185027,0.694838,0.76814,0.633014,0.0199783
179,269.54,1,5.01858,0.796136,14.4805,10.3593,20.2384,0.190881,0.684481,0.764463,0.606988,0.0198753
180,270.519,1,5.03294,0.794223,14.5815,10.404,20.1198,0.188287,0.688827,0.768056,0.632264,0.0200792
181,266.456,1,5.02248,0.78984,15.0699,10.4955,19.7897,0.190357,0.671385,0.772188,0.61665,0.0196825
182,264.431,1,5.01572,0.804348,15.0751,9.66503,19.6196,0.188704,0.654385,0.752636,0.643079,0.0199271
183,268.109,1,5.03415,0.772566,14.9243,10.3947,19.8074,0.188708,0.637816,0.755157,0.643092,0.0201925
184,263.325,1,5.01336,0.782628,14.8953,10.2779,19.7765,0.18584,0.621666,0.745052,0.632099,0.0198732
185,264.608,1,5.00099,0.761244,14.7254,10.5062,19.7417,0.182459,0.605925,0.770813,0.624134,0.0198486
186,262.858,1,5.00632,0.750196,14.5689,10.5202,19.5952,0.18544,0.627513,0.79067,0.659719,0.0195738
187,267.782,1,5.0325,0.749812,15.0475,9.83982,19.8516,0.190288,0.647434,0.77065,0.630095,0.0199893
188,270.92,1,5.04599,0.743499,14.9541,10.1297,19.8206,0.193463,0.658107,0.77542,0.662939,0.0202607
189,262.446,1,5.04361,0.758495,15.1035,10.5223,19.6735,0.188564,0.641443,0.755786,0.660359,0.0197815
190,266.972,1,5.06392,0.758531,15.3036,10.5802,19.8425,0.19142,0.626217,0.768283,0.639714,0.0199853
191,267.972,1,5.02775,0.771929,15.2272,10.1724,19.6255,0.196259,0.638596,0.776897,0.648455,0.0199306
192,271.762,1,5.02934,0.750841,15.0881,9.98259,19.7328,0.197321,0.652918,0.772526,0.670959,0.0203431
193,267.628,1,5.00672,0.736254,14.9066,9.99388,19.5864,0.197297,0.639153,0.80238,0.662913,0.0198116
194,264.543,1,5.02631,0.714735,14.9967,10.2871,19.6476,0.194049,0.659671,0.804287,0.651961,0.0194027
195,265.878,1,5.02949,0.714539,14.8265,10.038,19.6131,0.189555,0.674024,0.807782,0.668446,0.0195968
196,267.271,1,5.00076,0.758235,14.7656,9.95282,19.8046,0.190612,0.661385,0.796488,0.635155,0.0196875
197,270.12,1,4.99536,0.763235,14.5834,10.1306,19.9129,0.194984,0.65436,0.830447,0.653156,0.0198922
198,266.582,1,5.03177,0.721282,14.4602,10.3177,19.8973,0.193446,0.659996,0.814821,0.697856,0.0197699
199,264.904,1,5.02111,0.734997,14.2994,10.7862,20.0334,0.191321,0.675949,0.79419,0.710875,0.0196773
200,266.176,1,5.03061,0.709777,14.449,10.6266,19.7516,0.189819,0.675531,0.791301,0.709558,0.0198277
201,264.746,1,5.0154,0.710705,14.049,10.5172,19.7594,0.195227,0.699173,0.786881,0.753126,0.019716
202,263.069,1,5.03319,0.695597,14.0607,10.5137,20.0063,0.195978,0.704698,0.776199,0.737799,0.019494
203,267.952,1,5.05629,0.725447,14.4473,11.2082,20.0142,0.191296,0.686855,0.838331,0.709169,0.0199281
204,265.259,1,5.03329,0.734107,14.22,10.8137,20.0533,0.192396,0.687339,0.817104,0.684498,0.019671
205,263.115,1,5.02345,0.734583,14.2095,10.7185,20.0611,0.191711,0.672245,0.796414,0.686737,0.0195159
206,269.3,1,5.00215,0.743914,14.2013,10.7171,19.8573,0.190995,0.662273,0.776248,0.681073,0.0201974
207,269.223,1,4.98712,0.724525,14.0319,10.6743,19.8341,0.191624,0.693415,0.81769,0.665615,0.0197477
208,266.271,1,5.02082,0.703611,14.1786,10.3765,19.7721,0.189902,0.684994,0.796986,0.700878,0.0197678
209,260.358,1,5.00989,0.716079,14.4215,9.7188,19.7837,0.193854,0.691916,0.805521,0.678165,0.0189454
210,260.071,1,5.01399,0.762425,15.0123,9.56137,19.7875,0.188945,0.674396,0.785124,0.61739,0.0191717
211,261.783,1,4.99092,0.800162,15.2055,9.71977,19.6948,0.18493,0.65732,0.803138,0.549564,0.0190627
212,265.535,1,4.97392,0.837347,15.2255,9.26835,19.5332,0.183086,0.640676,0.782802,0.537779,0.0195998
213,270.937,1,4.98693,0.848914,15.6804,9.78507,19.3883,0.185795,0.624454,0.802789,0.560179,0.0202277
214,270.953,1,4.9988,0.796105,15.2329,9.64347,19.3428,0.191429,0.616632,0.782462,0.628638,0.0203785
215,267.587,1,5.00703,0.742189,15.2416,9.58037,19.2635,0.190115,0.612293,0.773127,0.655325,0.0201176
216,269.878,1,5.0208,0.727261,15.2015,9.52454,19.5193,0.190897,0.628627,0.761125,0.646245,0.0203006
217,270.229,1,5.02365,0.741675,15.4059,9.8028,19.6566,0.190167,0.639079,0.765781,0.622608,0.0201996
218,275.645,1,5.0339,0.749396,15.3617,9.98493,19.6105,0.192197,0.637991,0.759343,0.628117,0.0208107
219,268.117,1,5.04248,0.726477,15.1362,9.87252,19.6143,0.188076,0.624012,0.744504,0.632119,0.0202125
220,266.735,1,5.03864,0.74288,15.2011,10.0667,19.4611,0.189003,0.617285,0.753585,0.647929,0.020108
221,271.62,1,5.00869,0.733296,14.9018,10.046,19.1266,0.194442,0.660212,0.754372,0.665325,0.0203482
222,273.012,1,5.02722,0.731663,15.0504,10.1429,19.3433,0.19198,0.662784,0.79914,0.65863,0.0203536
223,264.886,1,5.01684,0.730096,14.798,10.0159,19.1128,0.188432,0.657284,0.778905,0.691756,0.0198903
224,266.169,1,5.03458,0.733225,15.0833,9.91651,19.4338,0.187459,0.640641,0.774807,0.668729,0.019974
225,261.149,1,5.00348,0.808434,15.76,9.12173,19.2213,0.189289,0.62442,0.755189,0.603036,0.0194568
226,266.565,1,4.97694,0.81467,15.501,9.36661,19.1162,0.191072,0.624936,0.748697,0.608848,0.0198649
227,266.739,1,4.9854,0.809339,15.5373,9.60553,19.1498,0.187698,0.616973,0.770808,0.61248,0.0198977
228,272.055,1,5.0062,0.79877,15.5828,9.78199,19.3891,0.182945,0.601351,0.751291,0.60184,0.0208023
229,272.565,1,5.01109,0.792512,14.8729,10.587,19.3929,0.181608,0.60007,0.750426,0.62291,0.0208258
230,267.435,1,5.0046,0.787757,14.834,10.4078,19.4838,0.181906,0.603608,0.770842,0.616323,0.0201568
231,269.698,1,5.03007,0.725127,14.8609,10.2152,19.3126,0.186201,0.632915,0.798968,0.684889,0.0203329
232,269.209,1,5.0268,0.720144,14.8864,10.146,19.3729,0.189777,0.656543,0.778738,0.663844,0.0201157
233,273.223,1,5.00756,0.774202,14.7583,10.4057,19.6492,0.195811,0.664231,0.764303,0.629725,0.0203354
234,271.384,1,5.01435,0.770987,14.5937,10.9819,19.7912,0.192351,0.659278,0.802523,0.62933,0.0200769
235,262.227,1,5.04528,0.730998,14.6451,10.8533,19.7873,0.190681,0.642585,0.782203,0.688748,0.0196372
236,260.614,1,5.04373,0.709538,14.8429,10.3145,19.6482,0.196227,0.640849,0.762397,0.70281,0.0195399
237,253.339,1,5.04168,0.705114,15.3121,9.63167,19.3412,0.196221,0.632726,0.750697,0.698606,0.0187637
238,259.825,1,5.03821,0.72211,15.273,9.57412,19.5036,0.196908,0.64806,0.752331,0.691546,0.0193037
239,258.759,1,5.03689,0.778238,15.6174,9.33812,20.0178,0.191922,0.631651,0.755859,0.598428,0.0192626
240,264.439,1,5.02968,0.797646,15.6676,9.32159,20.1156,0.187519,0.628643,0.764323,0.566975,0.0195663
241,253.357,1,5.02623,0.76818,15.0371,9.74677,19.9584,0.189392,0.637608,0.798637,0.617473,0.018588
242,257.144,1,5.03378,0.755971,15.2356,9.63742,19.9974,0.194315,0.657291,0.778415,0.629271,0.0187472
243,259.166,1,5.04454,0.721098,14.7038,10.1872,20.1224,0.190207,0.679609,0.805197,0.665469,0.018911
244,266.765,1,5.01808,0.755285,14.6165,9.94199,20.1538,0.190416,0.676909,0.784809,0.630047,0.0197254
245,273.253,1,5.02459,0.758155,14.683,9.77762,19.9728,0.190127,0.6699,0.764938,0.659264,0.0206993
246,274.158,1,4.99936,0.76966,14.8257,9.53984,19.8753,0.187531,0.665935,0.762381,0.620961,0.0205272
247,277.867,1,4.99758,0.77697,14.6136,10.2084,19.7433,0.194234,0.675131,0.766568,0.637981,0.0208073
248,278.028,1,5.02251,0.740733,14.607,9.92655,19.7664,0.19144,0.707764,0.770608,0.635238,0.0207252
249,273.897,1,5.00804,0.769619,14.4108,10.401,19.9749,0.189321,0.69758,0.767596,0.631696,0.0203449
250,271.546,1,5.02399,0.759611,14.612,10.0519,19.7408,0.187226,0.692607,0.766597,0.644357,0.0202199
251,268.988,1,5.03846,0.798002,14.9001,10.1461,19.8719,0.190625,0.711827,0.747387,0.596889,0.0197784
252,274.74,1,5.01691,0.81213,14.652,10.3598,19.9301,0.18842,0.711827,0.738368,0.577599,0.0203652
253,265.431,1,5.01979,0.801126,14.4641,10.6367,20.1403,0.188979,0.708126,0.747996,0.616255,0.0194804
254,260.807,1,5.0282,0.758907,14.4852,10.4453,20.0105,0.189411,0.691955,0.752083,0.646386,0.0191488
255,255.749,1,5.03874,0.758949,14.8342,10.0208,19.987,0.184615,0.674434,0.737288,0.618972,0.018914
256,260.206,1,5.05164,0.751119,14.6572,10.0814,20.0261,0.18466,0.664377,0.74659,0.658756,0.0193703
257,269.071,1,5.03494,0.72175,14.4733,9.85988,20.0613,0.189949,0.682026,0.762314,0.66598,0.0200743
258,265.852,1,5.01105,0.761205,14.7399,9.52147,20.3003,0.185139,0.664757,0.77025,0.597692,0.0197128
259,266.969,1,5.01554,0.803768,15.0589,9.9341,20.0783,0.185147,0.647925,0.799452,0.589155,0.0197224
260,269.198,1,5.01631,0.81063,15.2284,9.54864,19.9292,0.183665,0.640424,0.779209,0.598508,0.0202281
261,266.624,1,5.02022,0.820942,15.7489,9.63514,19.7113,0.180301,0.624208,0.771307,0.587641,0.0200838
262,265.295,1,4.99574,0.840456,15.8735,9.42085,19.3763,0.18096,0.608403,0.761434,0.545647,0.0198957
263,266.483,1,5.02187,0.837385,16.018,9.70086,19.0509,0.181184,0.592998,0.755084,0.595122,0.0202853
264,264.473,1,5.02294,0.834063,16.0928,9.40686,19.3039,0.180499,0.577983,0.735965,0.572262,0.0203048
265,263.506,1,4.99896,0.85255,16.259,9.0363,19.2285,0.182529,0.563348,0.71733,0.538731,0.0203327
266,266.014,1,5.00275,0.799273,15.8447,9.1618,19.1271,0.179111,0.565729,0.699167,0.595874,0.0206469
267,261.056,1,4.99589,0.796254,15.4754,9.78026,19.1719,0.183482,0.579982,0.721987,0.605712,0.0197364
268,263.342,1,5.00139,0.78291,15.454,9.47418,19.0409,0.180662,0.583128,0.703706,0.648733,0.0202158
269,267.351,1,5.00757,0.748582,15.0721,10.1994,19.1413,0.183766,0.606062,0.727493,0.656887,0.0203914
270,263.847,1,4.99839,0.769111,15.004,10.0062,19.302,0.185748,0.616999,0.732828,0.649467,0.0198957
271,264.273,1,5.01758,0.76971,15.2994,10.3109,19.1625,0.186367,0.611674,0.748171,0.632631,0.0198499
272,260.478,1,5.02578,0.783859,15.5506,10.105,19.3759,0.187962,0.596186,0.729227,0.627552,0.0196298
273,261.124,1,5.04408,0.760605,14.9791,10.4024,19.8603,0.18451,0.620112,0.730827,0.602765,0.0195308
274,270.22,1,5.03551,0.815711,15.2186,10.2634,19.868,0.184795,0.60441,0.759863,0.58935,0.0204424
275,267.228,1,5.03563,0.775082,15.2622,10.0305,19.7788,0.184794,0.622805,0.755051,0.614571,0.0200848
276,265.266,1,5.02925,0.794136,15.4899,10.0438,19.6049,0.181553,0.607035,0.777219,0.609824,0.0199194
277,262.889,1,4.99915,0.762909,15.2067,9.45942,19.6394,0.184277,0.661902,0.789396,0.593889,0.0192428
278,260.38,1,4.98427,0.809413,15.1916,9.12916,19.6279,0.187988,0.647214,0.771382,0.603848,0.0191042
279,260.16,1,4.99627,0.773397,14.7775,9.47537,19.8541,0.189802,0.687527,0.808729,0.650395,0.0188922
280,259.51,1,4.998,0.761127,14.7163,9.60763,20.0324,0.186978,0.688094,0.81834,0.619402,0.0187346
281,257.956,1,4.98617,0.824579,15.0372,8.98061,20.0794,0.187467,0.670671,0.797619,0.579433,0.0187415
282,262.301,1,5.00646,0.794959,14.8616,9.50678,20.3304,0.188034,0.670445,0.777423,0.574974,0.0191421
283,264.374,1,5.01375,0.790709,15.0726,9.40414,20.1557,0.190012,0.665175,0.778146,0.603262,0.019383
284,266.359,1,5.00237,0.779297,15.0047,9.26245,19.9037,0.192862,0.681729,0.815026,0.618708,0.0193831
285,264.509,1,4.99928,0.800257,15.0063,9.55354,20.1292,0.192385,0.693206,0.81613,0.579874,0.0190506
286,264.639,1,4.99143,0.810169,15.0277,9.49135,20.2196,0.190855,0.677322,0.801321,0.565659,0.0191543
287,258.294,1,5.00935,0.771283,14.7215,9.31027,20.4526,0.189991,0.699532,0.781031,0.601587,0.0186445
288,256.797,1,5.00223,0.758518,14.4485,9.31575,20.2609,0.189042,0.735494,0.796209,0.60994,0.0183186
289,258.784,1,4.98106,0.79464,14.3541,9.64916,20.0789,0.189037,0.716871,0.844663,0.604088,0.0184084
290,261.847,1,4.98283,0.796429,14.3864,9.81379,20.0632,0.188739,0.722495,0.830259,0.609204,0.0187331
291,268.185,1,4.9932,0.798824,14.3721,9.47518,19.9103,0.185675,0.735402,0.841931,0.606996,0.0193288
292,264.151,1,5.0025,0.808089,14.4145,9.98215,20.1203,0.184346,0.731033,0.842782,0.595686,0.0189431
293,263.323,1,5.01637,0.78908,14.277,10.2581,20.3286,0.183113,0.712523,0.821442,0.637304,0.0192994
294,271.402,1,5.02705,0.781825,14.4645,10.4943,20.2174,0.18718,0.699458,0.800643,0.636943,0.0200534
295,264.483,1,5.02577,0.818128,14.7826,10.3692,20.099,0.18244,0.681747,0.78037,0.592288,0.01962
296,259.43,1,5.01173,0.853943,14.9617,10.313,19.8791,0.185099,0.664485,0.760611,0.578401,0.019107
297,265.913,1,5.00743,0.845769,14.9373,10.0928,20.0189,0.185957,0.700145,0.7482,0.549067,0.0194387
298,257.168,1,5.00089,0.850661,14.8909,10.0657,20.0033,0.182294,0.682417,0.775584,0.541725,0.0186663
299,259.961,1,5.01706,0.84923,15.2481,10.1577,19.9134,0.185364,0.665137,0.79632,0.562288,0.0189716
300,266.673,1,5.00253,0.814009,15.0051,10.0703,19.9368,0.191972,0.650901,0.80305,0.571994,0.0194755
301,263.605,1,4.9802,0.79912,14.4954,10.1494,19.781,0.189322,0.637914,0.805374,0.618934,0.0193502
302,267.889,1,5.00527,0.753388,14.4132,10.0321,19.8428,0.187315,0.667565,0.798725,0.640275,0.0197885
303,268.308,1,4.99514,0.77352,14.3862,10.0542,19.9978,0.187891,0.670714,0.780623,0.635627,0.0198675
304,266.611,1,4.97305,0.789924,14.1893,9.90329,20.1619,0.191056,0.694436,0.795072,0.599515,0.0193716
305,269.267,1,4.98912,0.799833,14.0635,10.6899,20.0752,0.191539,0.700146,0.820856,0.605035,0.0195492
306,265.957,1,4.99148,0.771603,14.0566,10.2925,20.0439,0.195321,0.721075,0.804956,0.618815,0.0191524
307,268.256,1,5.01182,0.766824,14.2669,10.3249,20.2357,0.19098,0.702817,0.801601,0.610985,0.0195354
308,264.18,1,5.0011,0.79805,14.2734,10.0296,20.2831,0.196974,0.738757,0.78645,0.610468,0.0189553
309,266.814,1,5.00617,0.79336,14.6036,9.96137,19.9979,0.192009,0.720051,0.804774,0.594865,0.019287
310,263.344,1,5.02007,0.817787,15.3722,9.8356,19.8378,0.187147,0.701819,0.784396,0.581337,0.0195299
311,260.346,1,5.00193,0.808956,14.9209,10.1404,19.7293,0.188585,0.684049,0.787789,0.611596,0.0189894
312,259.28,1,5.0088,0.768965,15.0615,10.1061,19.3516,0.187974,0.666728,0.767842,0.637944,0.0190998
313,254.311,1,5.03035,0.723276,14.8198,10.0559,19.4764,0.183214,0.659615,0.7484,0.654327,0.0188502
314,256.597,1,5.01149,0.762536,14.7292,9.99755,19.7084,0.185454,0.649213,0.72945,0.632667,0.019028
315,259.071,1,5.01377,0.748734,14.8477,9.92014,19.5544,0.18362,0.657031,0.780669,0.617324,0.0190038
316,260.958,1,4.99722,0.761846,14.4669,10.1728,19.7721,0.188512,0.676096,0.798664,0.627599,0.0189914
317,259.1,1,5.01637,0.748071,14.5235,10.0303,19.9729,0.188951,0.659219,0.789467,0.655452,0.0190084
318,254.222,1,5.01875,0.793942,15.0895,10.116,19.7116,0.186397,0.642527,0.775021,0.603164,0.0187421
319,264.558,1,5.04275,0.758298,15.152,10.0787,19.8579,0.181678,0.626258,0.774016,0.616127,0.0198449
320,260.62,1,5.04195,0.750799,15.2101,9.81281,19.885,0.182487,0.619522,0.774701,0.62484,0.019419
321,263.091,1,5.01908,0.776543,15.4864,9.63278,19.885,0.184322,0.616688,0.797424,0.622514,0.019543
322,263.977,2,5.00452,0.768494,15.2463,9.43139,19.6637,0.188563,0.629677,0.801095,0.658676,0.0195996
323,268.308,2,4.99828,0.767722,15.4491,9.26532,19.7213,0.191996,0.624987,0.782412,0.640945,0.0200261
324,263.595,2,4.99847,0.765563,15.4828,9.28068,19.5903,0.188809,0.640468,0.780702,0.627204,0.0194664
325,268.259,2,5.00667,0.811321,15.8323,9.52455,19.5077,0.183685,0.593123,0.756749,0.581621,0.0202253
326,269.77,2,5.02236,0.795748,15.5332,9.4517,19.846,0.185791,0.610885,0.756909,0.595851,0.020318
327,274.019,2,4.99224,0.841082,15.5049,9.43698,19.6199,0.180844,0.587731,0.735821,0.532409,0.020854
328,270.711,2,4.97955,0.843632,15.3444,9.58777,19.3458,0.181305,0.600724,0.741531,0.576354,0.020552
329,271.917,2,4.99164,0.796952,15.1214,10.1182,19.3003,0.183293,0.627402,0.809262,0.609423,0.0203061
330,276.708,2,5.00798,0.771873,15.11,9.90598,19.294,0.184944,0.629024,0.786409,0.64075,0.0209098
331,274.819,2,5.00608,0.761679,15.0367,9.6783,19.5801,0.185893,0.614766,0.77002,0.621111,0.020872
332,277.359,2,4.99173,0.783008,14.9519,10.0949,19.3913,0.187727,0.605167,0.761635,0.630195,0.0211183
333,278.921,2,5.01259,0.777737,15.1808,10.2892,19.4571,0.186352,0.601071,0.764221,0.644353,0.0213884
334,271.541,2,5.01501,0.776762,15.2575,10.4882,19.4151,0.184967,0.600847,0.81178,0.646441,0.0207363
335,269.152,2,5.03193,0.744487,15.2386,10.4198,19.4226,0.18166,0.597011,0.784857,0.656777,0.0206263
336,270.654,2,5.02289,0.768256,15.3231,10.2706,19.5413,0.183396,0.585937,0.780545,0.632488,0.020594
337,263.36,2,5.04062,0.760361,15.4465,10.0227,19.5276,0.182796,0.590924,0.751639,0.658275,0.0203315
338,266.088,2,5.04405,0.760818,15.7112,9.82649,19.5017,0.183269,0.58455,0.736836,0.645228,0.0203561
339,262.132,2,5.03119,0.789997,15.7824,9.60102,19.5344,0.18512,0.59311,0.732772,0.623606,0.0200043
340,263.619,2,5.02577,0.81689,15.9294,9.62543,19.5752,0.186775,0.590197,0.743934,0.610375,0.0198903
341,265.224,2,5.02169,0.827035,15.9011,9.50769,19.6305,0.187405,0.594867,0.741036,0.585748,0.0198728
342,267.861,2,5.01817,0.830053,15.9283,9.14897,19.683,0.188282,0.610609,0.73431,0.575222,0.0199403
343,268.766,2,5.01443,0.837482,15.955,9.22946,19.608,0.186819,0.612397,0.725864,0.561091,0.0200612
344,265.191,2,5.0106,0.846152,15.8117,9.24867,19.5688,0.186073,0.616045,0.720649,0.567697,0.0200072
345,272.133,2,5.01693,0.835243,15.8001,9.3085,19.5067,0.184223,0.618344,0.731466,0.588064,0.0202752
346,271.141,2,5.02029,0.82081,15.7669,9.23191,19.5025,0.18359,0.621786,0.728367,0.601543,0.0204183
347,265.787,2,5.01381,0.821337,15.8041,9.08934,19.3999,0.184069,0.617503,0.726659,0.594536,0.0202756
348,268.496,2,5.01504,0.812347,15.8313,9.17713,19.3197,0.181762,0.612989,0.728983,0.595818,0.0203311
349,264.805,2,5.014,0.803782,15.8343,9.11788,19.199,0.181066,0.601727,0.713365,0.598205,0.0203499
350,269.634,2,5.00612,0.798577,15.7931,9.09282,19.1514,0.17993,0.587991,0.706985,0.597782,0.0205232
351,265.023,2,5.00708,0.794777,15.7531,9.20638,19.1746,0.179835,0.57868,0.712361,0.595808,0.0204636
352,264.072,2,5.00679,0.790382,15.6499,9.27454,19.2175,0.180721,0.581086,0.718534,0.596147,0.0203312
353,267.675,2,5.00785,0.790296,15.6343,9.35322,19.2021,0.180234,0.583466,0.72308,0.604126,0.0203662
354,269.006,2,5.00808,0.789008,15.6071,9.42314,19.1784,0.180465,0.587204,0.728553,0.614078,0.0204072
355,273.657,2,5.00936,0.787073,15.6265,9.44326,19.2179,0.18042,0.584872,0.729858,0.611442,0.0205506
356,264.32,2,5.0128,0.781659,15.628,9.48709,19.2284,0.179979,0.583953,0.733426,0.610719,0.0204561
357,260.308,2,5.0174,0.778656,15.5955,9.51812,19.2951,0.180299,0.584245,0.730127,0.614398,0.0203315
358,265.361,2,5.01727,0.776081,15.5986,9.53627,19.2044,0.181725,0.584315,0.72855,0.626703,0.0203329
359,264.066,2,5.01929,0.771057,15.6581,9.50803,19.1834,0.183372,0.582985,0.727833,0.624565,0.0202711
360,268.118,2,5.02035,0.778793,15.7844,9.45949,19.1983,0.184775,0.579589,0.727619,0.614249,0.0202783
361,266.428,2,5.02147,0.776094,15.8375,9.42249,19.181,0.184922,0.578261,0.730416,0.609871,0.0202611
362,267.47,2,5.02136,0.777879,15.8915,9.39944,19.1744,0.18506,0.578497,0.734113,0.607064,0.0202528
363,265.797,2,5.02376,0.774925,15.8582,9.3945,19.2154,0.185128,0.586943,0.736715,0.610116,0.0202035
364,268.59,2,5.02503,0.77354,15.8329,9.40711,19.2211,0.185041,0.59017,0.738159,0.610877,0.0202147
365,269.018,2,5.02546,0.772686,15.8133,9.40436,19.2295,0.185222,0.590067,0.739852,0.613539,0.0202428
366,271.633,2,5.02678,0.768683,15.7913,9.46947,19.2213,0.185032,0.591188,0.744779,0.616821,0.0202826
367,270.339,2,5.0244,0.769261,15.766,9.52348,19.2048,0.185071,0.590486,0.746936,0.617876,0.0203071
368,264.591,2,5.02426,0.766437,15.7177,9.5672,19.219,0.184664,0.592798,0.748237,0.619035,0.0202686
369,266.704,2,5.01929,0.769098,15.6857,9.5412,19.2152,0.184993,0.594474,0.7485,0.617786,0.0202389
370,271.485,2,5.01643,0.770501,15.6769,9.49076,19.1996,0.185004,0.595035,0.745186,0.617266,0.0202793
371,267.358,2,5.01531,0.76719,15.599,9.49879,19.2057,0.185074,0.600108,0.744973,0.620011,0.0202582
372,269.285,2,5.01536,0.764733,15.5526,9.47819,19.2312,0.184883,0.602221,0.746017,0.620992,0.020263
373,275.904,2,5.01498,0.765522,15.5521,9.47265,19.2309,0.184874,0.602308,0.745636,0.620925,0.0202805
374,268.854,2,5.01494,0.766027,15.5578,9.47132,19.2271,0.184846,0.602277,0.746799,0.620828,0.0202785
375,272.95,2,5.01473,0.766777,15.5546,9.47126,19.2267,0.18497,0.603293,0.747121,0.620873,0.0202807
376,276.698,2,5.0144,0.768076,15.5589,9.46998,19.2231,0.185132,0.603773,0.746601,0.621024,0.0202951
377,268.677,2,5.01447,0.768727,15.562,9.46982,19.2252,0.185228,0.603663,0.746653,0.620752,0.0202944
378,278.244,2,5.01426,0.769022,15.5618,9.47107,19.2291,0.185283,0.603749,0.746657,0.620047,0.0203099
379,274.272,2,5.01427,0.769206,15.558,9.47032,19.24,0.18527,0.603533,0.746523,0.619308,0.0203208
380,270.976,2,5.01428,0.769675,15.5588,9.46871,19.2443,0.185269,0.603178,0.746465,0.618806,0.0203261
381,270.882,2,5.01366,0.770326,15.5623,9.46481,19.2409,0.185326,0.602571,0.746898,0.617948,0.0203276
382,274.74,2,5.01295,0.770962,15.5625,9.4581,19.2446,0.185396,0.60274,0.747051,0.616814,0.020332
383,265.012,2,5.01229,0.771898,15.5642,9.44977,19.2425,0.185482,0.602645,0.746354,0.616607,0.0203262
384,265.676,2,5.01237,0.771831,15.5656,9.44159,19.2459,0.185471,0.602414,0.745777,0.6163,0.0203239
385,271.043,2,5.01227,0.771789,15.5643,9.44076,19.2463,0.185484,0.602144,0.746465,0.616065,0.020326
386,264.03,2,5.01191,0.771529,15.5616,9.43207,19.2493,0.185534,0.602521,0.747067,0.615808,0.020312
387,265.555,2,5.01143,0.77146,15.563,9.42253,19.2474,0.185574,0.602459,0.747785,0.615814,0.0203035
388,262.927,2,5.01101,0.771539,15.5647,9.41,19.2506,0.185595,0.602396,0.74776,0.615526,0.0202935
389,266.59,2,5.01044,0.772488,15.5694,9.40248,19.2525,0.185586,0.601599,0.747436,0.614645,0.0202934
390,273.793,2,5.00994,0.773133,15.5731,9.3958,19.2522,0.185611,0.601117,0.747403,0.613974,0.0203018
391,262.955,2,5.00989,0.773144,15.5812,9.38129,19.2548,0.185598,0.600305,0.746758,0.613295,0.0202983
392,264.696,2,5.00958,0.773395,15.5901,9.37126,19.2491,0.185586,0.599803,0.746553,0.612971,0.020295
393,265.865,2,5.00932,0.773443,15.5961,9.36571,19.2474,0.185523,0.598982,0.746782,0.612546,0.0202941
394,272.343,2,5.00903,0.774021,15.6049,9.35535,19.2509,0.185482,0.598276,0.746947,0.612224,0.0203028
395,272.687,2,5.00859,0.774248,15.6099,9.35277,19.2527,0.185445,0.59764,0.747284,0.611847,0.0203101
396,269.159,2,5.00831,0.774836,15.6174,9.33933,19.2543,0.185437,0.597041,0.747234,0.61142,0.0203134
397,266.781,2,5.00806,0.775226,15.6252,9.3288,19.2547,0.185445,0.596638,0.74752,0.61099,0.0203106
398,265.014,2,5.0082,0.775033,15.6287,9.32812,19.2581,0.185391,0.596512,0.747632,0.611177,0.0203076
399,265.195,2,5.00828,0.774795,15.6282,9.33082,19.2602,0.185371,0.596555,0.748119,0.611701,0.0203029
400,270.989,2,5.00805,0.774706,15.625,9.3328,19.2588,0.185415,0.596871,0.748311,0.612603,0.0203061
401,267.942,2,5.008,0.774581,15.6222,9.33294,19.2613,0.185435,0.597501,0.748598,0.612902,0.0203019
402,263.403,2,5.00808,0.774735,15.6195,9.33402,19.264,0.185493,0.598245,0.748792,0.613489,0.0202919
403,262.261,2,5.00812,0.775,15.6183,9.33786,19.2678,0.185527,0.598401,0.748958,0.613544,0.0202821
404,266.707,2,5.00832,0.775421,15.6217,9.33813,19.2722,0.18553,0.598534,0.748988,0.613416,0.0202794
405,270.075,2,5.00834,0.775791,15.6282,9.3354,19.2684,0.185592,0.598522,0.749233,0.613779,0.020281
406,268.612,2,5.00854,0.775692,15.6298,9.33632,19.2679,0.185568,0.598433,0.749442,0.614215,0.0202831
407,269.336,2,5.00878,0.775721,15.635,9.33675,19.2695,0.185579,0.598175,0.749449,0.614657,0.0202871
408,266.017,2,5.00893,0.775466,15.6384,9.33667,19.2682,0.185618,0.59813,0.749784,0.615566,0.0202853
409,273.63,2,5.00891,0.775167,15.6385,9.3373,19.2686,0.185746,0.598364,0.749687,0.616407,0.0202917
410,274.256,2,5.00882,0.774928,15.639,9.3407,19.265,0.185794,0.59829,0.749642,0.617154,0.0203005
411,276.206,2,5.00887,0.774956,15.6372,9.34758,19.2662,0.185836,0.59821,0.749586,0.617462,0.0203107
412,278.663,2,5.00917,0.774667,15.6317,9.35723,19.2722,0.185814,0.598372,0.750116,0.617733,0.0203214
413,269.109,2,5.00927,0.774705,15.6335,9.35449,19.2702,0.185768,0.598274,0.749589,0.618115,0.0203265
414,276.877,2,5.00903,0.775117,15.6328,9.35269,19.2726,0.185787,0.598451,0.749408,0.618056,0.0203354
415,268.675,2,5.00898,0.775277,15.6322,9.35087,19.2737,0.185768,0.598509,0.749534,0.618294,0.0203358
416,270.279,2,5.00899,0.775197,15.6302,9.34944,19.2786,0.185766,0.598838,0.749587,0.618465,0.0203366
417,273.999,2,5.00865,0.775955,15.6305,9.34777,19.2788,0.185875,0.599117,0.749474,0.618374,0.0203395
418,272.764,2,5.00849,0.776429,15.6295,9.34833,19.2768,0.185985,0.599373,0.749339,0.618778,0.0203429
419,270.913,2,5.00823,0.776871,15.6311,9.34552,19.2778,0.185986,0.599366,0.74934,0.618148,0.0203434
420,269.964,2,5.00826,0.777668,15.6372,9.34431,19.2787,0.185974,0.599253,0.74919,0.617581,0.0203446
421,263.825,2,5.0083,0.778149,15.6394,9.34362,19.2784,0.185956,0.599034,0.748757,0.617434,0.0203422
422,260.562,2,5.00824,0.778079,15.6385,9.34314,19.2783,0.185868,0.599012,0.748452,0.617308,0.0203355
423,263.634,2,5.00815,0.778209,15.6354,9.34553,19.2788,0.185815,0.598944,0.748247,0.617585,0.0203328
424,264.55,2,5.00822,0.778172,15.6329,9.35017,19.2797,0.185753,0.598792,0.748649,0.61778,0.0203293
425,269.213,2,5.00813,0.778453,15.6328,9.35486,19.2786,0.185738,0.598717,0.749107,0.617628,0.0203282
426,269.949,2,5.00811,0.778521,15.633,9.35497,19.2782,0.18571,0.598576,0.749289,0.617774,0.0203304
427,262.313,2,5.0081,0.778476,15.6273,9.35885,19.2803,0.185675,0.598594,0.749185,0.618339,0.0203266
428,262.378,2,5.00791,0.77858,15.6238,9.36176,19.2788,0.185679,0.598557,0.749067,0.618814,0.0203221
429,267.99,2,5.00765,0.778922,15.6224,9.36408,19.2774,0.185719,0.598428,0.749093,0.618989,0.0203219
430,271.45,2,5.00757,0.779188,15.6237,9.36836,19.2742,0.185762,0.598326,0.749323,0.619452,0.0203251
