rep,id,Cl,V1,Q,V2
1,1,1.89097228673969,43.3686843290256,39.8758970085356,232.530346798132
2,1,5.86678369254129,25.0362210001786,18.1568656759498,107.050054072086
3,1,3.01268487225418,33.8706903540792,8.1072976174616,250.66254951688
4,1,3.63727831119474,30.5158191519435,2.50863881296716,581.463037689623
5,1,5.7717402726333,8.81448626192515,39.3347241491188,33.0838057409607
6,1,2.51214765146849,4.42877397766324,56.3808919226332,256.389314765364
7,1,2.40280709041595,41.0753945468464,35.8452961198657,254.226783687081
8,1,5.15304659972556,9.13535813883522,39.8857670971464,48.1101076259226
9,1,1.35881448382642,50.2051937032293,55.9240143176661,214.659131406334
10,1,5.20568969529109,35.6162507915261,2.09219562630655,190.409125067485
1,2,15.4149910420978,9.55711499942064,29.1665049655691,110.574152538161
2,2,12.1045437350746,13.4914497128336,13.3774083978216,59.8664858759699
3,2,11.454271355053,71.2344188548802,8.35109089240996,155.38231716571
4,2,14.6509926627076,25.3071541674638,69.5696244831762,46.5144405458245
5,2,16.1889767917779,66.7410366664655,16.8826335271827,33.4777240548213
6,2,15.3404680592619,36.7697356143572,22.4246465463545,144.275456681793
7,2,12.1085516958754,40.185575875356,5.59461101609581,161.833926425966
8,2,11.9763347834491,59.9204328916275,15.6645343713861,381.957292453375
9,2,15.1562346930031,72.4466151876984,16.8713739405996,234.312982049377
10,2,14.1223943295332,58.9238748426487,17.8117365578916,189.450752639077
1,3,12.856140586645,6.03844306183695,87.4759277841345,67.4289714263316
2,3,3.38390510214865,53.306400994021,15.5800334067314,1310.15769345498
3,3,8.72229743956071,64.5597875037226,10.2130941242897,862.596026016971
4,3,0.498778473842872,49.7827835951376,24.6420495438663,2166.72388431092
5,3,11.590288979324,106.589677863632,14.3997338867539,116.787554605429
6,3,9.76127132650751,38.2156022801112,10.7880552888243,245.456362163015
7,3,5.03698801337536,46.0367740814269,13.7996370801696,1452.14101921076
8,3,7.49757525306419,74.3825905471765,5.8919601816963,884.464761366815
9,3,5.45639114377645,47.5971843809663,8.90600987714586,1092.93915175372
10,3,6.42714776613357,72.5871492467394,37.7498046152706,812.619487084809
1,4,5.28956780129575,37.0281087804282,17.2112600808074,709.135613814362
2,4,9.77861758761792,34.7224927367743,2.87724767182122,66.2209083061061
3,4,13.1542847111401,29.568323544473,30.304571144585,72.9597678239085
4,4,12.8517797338052,5.95386303401,104.671465492688,70.4264337556915
5,4,9.50931120841039,15.5745435487861,15.8094314322742,44.8509483239942
6,4,9.21125912138988,23.1288054143349,6.52710739468892,31.3378460851769
7,4,11.3510471924912,5.14633018613309,48.5022693317496,74.1978940286641
8,4,10.5373484733942,11.4062049853116,94.5899863542012,49.2374345325944
9,4,10.0430237897693,53.7591129279779,7.8393594533648,32.6158226687401
10,4,2.19234069818011,49.4382078255108,11.3081656969617,2253.07431244132
1,5,9.86989481070846,21.9794269423681,30.0456506269274,88.424587013549
2,5,9.50759244630296,45.4802513082092,35.2791315772422,180.141628358305
3,5,10.246547073226,99.9778717974614,25.0277555685805,249.688930480284
4,5,7.48853898947184,46.1818264027617,3.98605670006963,124.930152720744
5,5,9.44548696902587,41.3120037347257,34.660960607489,91.6186706419911
6,5,3.50140074092978,39.0793091788797,5.27730135450334,2029.46780965111
7,5,4.74222901113977,36.6294088234024,33.5914598945372,570.185966575487
8,5,2.66797812288168,79.2345578927928,14.5447784518907,1036.39357903193
9,5,8.24027889126145,3.87428886459351,131.14408876731,333.093376554895
10,5,3.83745409044268,68.5664600552772,28.3806841399017,747.313079821376
1,6,1.11787559091734,100.269237550284,40.8391984760887,1047.91064122444
2,6,11.4067507921137,119.094729726118,18.9280074568211,310.342810751402
3,6,9.94852173039284,99.8465541464538,1.13944605191899,1377.0591730998
4,6,3.43561894878657,175.453600915606,10.2109129245133,17000.860772823
5,6,1.15261060034117,5.85764228436762,222.485615084838,827.761717264936
6,6,2.42044362630692,47.0075388980884,34.6821066022182,822.175850565106
7,6,14.0275291698325,20.1477178664338,76.2400979644327,266.259693739786
8,6,10.7850191490263,16.1339938158249,72.9666795303954,506.991595344312
9,6,11.4320608912506,59.9783803703149,54.5543722661862,84.0972258568242
10,6,13.0400604525004,83.7022457324386,0.62827856340848,28628.3620942952
1,7,10.1573615393915,51.2918157285215,34.2704416120265,23.2239059399834
2,7,5.32702354522716,34.7950215422817,4.25759960272247,3819.84062380902
3,7,11.6261009197674,30.9694060388439,172.048391778549,23.8927217308638
4,7,3.60684978408337,48.2997772424772,8.86169858416698,2571.72498984125
5,7,9.9703935378292,30.9635991185041,52.3885350071427,12.7745041629816
6,7,10.9231102855238,8.35380685133684,87.7134660538625,34.9994295699273
7,7,9.69303507952892,42.1507065088977,4.08306636588507,250.803269066579
8,7,7.97187838979096,32.1850593749484,2.82406492357297,469.990326588149
9,7,10.6618369820211,38.2065856967473,2.4639892918956,176.087871131699
10,7,7.37417203496493,40.3530437026665,5.93941414669818,912.454688688197
1,8,12.2405784429519,58.0569267594187,8.20423765271567,359.867243638972
2,8,11.8664745934222,56.0908439165983,5.66750066154619,254.321399895959
3,8,13.7742211770085,52.5841800898035,3.92773668030827,63.4487856052521
4,8,13.6461583736229,73.0641682064099,2.07923783047021,78.1399560765892
5,8,13.112397556809,37.936149713553,45.9975117644514,79.9416534202634
6,8,14.4400192694631,42.4600836378226,14.8023235229838,87.9201035231545
7,8,1.08418321449367,80.5744398134268,20.873230240964,1466.54326406222
8,8,12.3458982172051,23.0979965806805,73.7761391590472,40.4841512693624
9,8,9.7216877799069,41.481523929828,13.2040597916943,481.129186032357
10,8,10.7415127126421,34.8447096411652,22.8545452895722,60.155429968183
1,9,10.1114421661776,48.9192980083415,17.7502835922015,94.8125353276447
2,9,3.03795218031312,43.3166494845485,14.9631914117661,1032.87004214745
3,9,9.33573176891883,53.2954777093452,2.43719529489903,19.8704146139355
4,9,11.4288761592346,53.2319443625044,9.33787618737267,35.3492228877808
5,9,9.83675164984302,47.4005065332425,23.8899405531328,30.8119084705477
6,9,10.1786465718968,66.2658215618386,2.899451877415,29.9171020082592
7,9,4.72529895682339,60.1341316165282,9.03006552950802,1476.25170149262
8,9,7.94561258461862,37.1821169190798,16.8029980921004,269.415972049291
9,9,8.68785725614768,14.3088873532843,93.8366214964969,77.3412889936867
10,9,9.15113948780684,43.8361093694441,15.950496633297,99.9631174334331
1,10,6.34598773154515,16.8412744655289,9.20074767507579,20.2558947923043
2,10,2.04674978515563,41.1953152776,13.1807631533173,755.775321125264
3,10,6.80205517022929,4.13912371892156,87.995195409635,46.8872375774482
4,10,4.29102503322509,49.017985129236,15.6656352392412,221.019603909191
5,10,6.2736908778721,31.6273953447393,9.62040245001465,120.201961597783
6,10,5.56710313185378,35.4578009693899,13.5468062263131,232.47030821934
7,10,2.30180079628782,48.2543263597632,21.7598410238527,434.252831237957
8,10,4.86827953458749,32.5326363253234,20.8797760492507,364.93239979507
9,10,7.35417202142031,17.3330920193545,172.043843898931,25.3396117366088
10,10,6.90211906683292,8.09365715057759,150.965995862304,48.0734826296815
1,11,13.9382614038759,28.1776443294802,36.5678317641465,110.668912040155
2,11,16.0759778364126,4.58410000134436,48.934906901153,164.850712338573
3,11,6.59809909886074,57.8937634535327,6.29640232983366,5632.34311088705
4,11,13.7735130686979,9.0965949795497,33.3885503962638,61.8537112092437
5,11,9.38146987437824,72.6401564053673,21.6849580842046,914.890927564668
6,11,2.81160099513118,36.4166115745862,20.6445598233428,1427.22426749114
7,11,12.4325103961082,73.9094455286006,5.39767891447508,171.10442616255
8,11,12.1081693301569,78.4340843465353,1.91008927158638,151.998339571264
9,11,9.81904282843669,76.4254404353528,8.16660454794703,633.408194715441
10,11,13.36080151209,75.5193396321436,2.00711575171097,35.2639613663635
1,12,1.22456009251847,49.1625154511513,21.6008806348631,1143.96198518752
2,12,10.446047229921,17.5088408086273,23.780715714626,114.210671375726
3,12,8.66738753659355,74.224720979475,10.4467649551911,258.7422923215
4,12,9.92500830637037,24.7747792933483,360.770785546042,67.7822475978063
5,12,10.5085197301077,15.8403958212372,115.84318998354,74.4382327235108
6,12,11.8834872672278,35.2154801740457,30.2973616253162,199.487995077692
7,12,8.97661230584983,83.4953364362765,149.379770554241,159.109014621931
8,12,12.4462245697314,52.6533782024511,53.2962147699935,179.608669213278
9,12,10.8052736726471,56.005963128552,74.0101633369743,51.3050031903142
10,12,8.51909357258328,78.4533579139464,4.05772802794753,413.781338876908
1,13,10.8102962963042,47.752821897114,7.40905609133148,105.247436699133
2,13,7.72418943030353,43.9788141053656,10.9872167257637,393.956517055747
3,13,10.6462223338104,59.344065418144,129.099589290775,13.863013399678
4,13,10.2863179949798,67.155189005719,104.048036449491,2.51824683516728
5,13,11.3642601885547,79.6765405024351,18.8617190645891,127.108309266431
6,13,11.6504578390789,59.9085122408817,45.0562897563908,45.3568271270527
7,13,13.0405278739644,49.9098467463168,17.3241332250616,50.5432783511135
8,13,4.9860322114311,29.2927713665916,17.0856405473818,740.280204482814
9,13,10.7301834599287,121.756360218403,1.16064831121876,38.9000370703182
10,13,11.3815980196047,35.6700412785049,174.916552667247,27.4481420599357
1,14,12.2517339893091,62.5644946456409,6.32716651285968,89.6502937439915
2,14,1.13008537143782,37.1836089149418,15.5020038213019,2314.28156127866
3,14,10.8670861661,34.0926971246583,7.17084972736621,61.1463543439128
4,14,11.9031522880011,15.3588320740502,138.990576615954,38.3232637680317
5,14,8.39645251947814,63.9723787864804,9.09472213714633,710.548218513171
6,14,8.52420161511705,67.1823874001306,8.47465663868882,1171.66562028067
7,14,9.97369640418377,57.3209324298526,11.099330392811,562.577137202646
8,14,12.7562471461422,34.3986793031852,8.48846903405173,54.6608308208221
9,14,8.44613396514192,90.6328726955934,11.4259246271768,1394.58632319917
10,14,3.06561315034234,39.1720254997293,12.2032647224638,1691.58190000746
