rep,id,eta_Cl,eta_V1,eta_Q,eta_V2
1,1,-2.26778415653629,-2.04771091433353,0.17226622272679,0.37587607703351
2,1,-2.34431556515383,-1.91964734968439,0.378463832732939,0.785221328174382
3,1,-2.1498784207389,-1.17564537255767,0.140160943909703,0.249377780474792
4,1,-3.3886495741726,-0.382758564363031,1.27828735181484,0.961403020254623
5,1,-2.04547920960296,-2.35919342343546,-0.496830217531051,-1.74697739689891
6,1,-2.20886219627426,-1.75876058076012,-1.55127807752148,-1.30626289365027
7,1,-2.4713822034389,-1.26301650090671,-1.4610000518594,0.149059598355476
8,1,-2.33736134066802,-1.21128629762012,1.03727843013668,0.673615159434003
9,1,-2.35263960426967,-1.47188151524894,-0.301459413394767,-0.173982559399845
10,1,-2.94791629357044,-1.19557274237557,-0.0477958107368046,1.02020883505949
1,2,-1.39347613427312,-1.64491370760283,-0.296708459837108,0.404271923882701
2,2,-1.50019249007692,-1.6637446540926,-0.0585202251843722,1.31099253523053
3,2,-1.2422336435497,-1.31120331036659,0.152630986692941,-1.15594574699314
4,2,-1.28286338826424,-2.28038707474722,0.890470450693713,-0.330850884964179
5,2,-1.04574820638993,-1.32336927808557,0.511334819199659,-0.0390722873386435
6,2,-1.30789182516041,-1.19659709952217,-0.955001967947508,0.877387829002478
7,2,-1.31238789776973,-1.00682794124464,-0.122879067042898,0.755824410289649
8,2,-1.30051316545244,-1.60115238194316,-0.0329608021106676,-0.986401598800671
9,2,-1.42491382601783,-1.05782529864342,-0.120257568495565,-1.51519482606409
10,2,-1.32067268697378,-1.74346934439915,1.21444406274031,0.111265217885971
1,3,-2.14454657402872,-1.54575102968369,0.890960474698282,2.66620388839409
2,3,-2.46542589911801,-1.14039204721209,1.27911615917563,2.66339853981694
3,3,-1.348869560061,-1.14179247030355,0.185415264703524,-1.63340872162714
4,3,-1.29613908643823,-0.846241595454358,-1.90515087689657,-0.499383777396987
5,3,-1.30962901902846,-1.25161394560781,0.058177244439266,-0.482220569108714
6,3,-1.17741540017125,-0.960357984600377,0.100231091178315,1.02018575256288
7,3,-1.50294686190423,-1.38601817295753,0.129031625595909,1.47756684291973
8,3,-1.40379837805907,-1.40385160923327,0.25877168074758,1.70152160728668
9,3,-1.36748323382712,-0.99893891787784,-1.02152371216698,0.437253762991391
10,3,-1.39907173046912,-1.50158131119858,0.737316868188844,-0.981477236214045
1,4,-1.56728209746405,-1.24706047385673,-2.53795724764717,1.0690149903749
2,4,-1.60335727510991,-1.85263747488108,0.141052544695211,-1.10928347097711
3,4,-1.67835883220873,-1.56769552360967,-0.636038858182576,-0.533574039807513
4,4,-1.53815811749356,-1.94919779338168,0.0788571505393538,-0.737933621946358
5,4,-1.49938368365691,-1.90082391418178,1.41411037673732,-0.684646335422594
6,4,-1.63366499985883,-1.90859597619896,0.0430331718883656,-2.02920492265894
7,4,-1.52785098379133,-2.22481591042389,0.183854971808479,0.0237294108893442
8,4,-1.38927686028829,-1.54130942538623,0.401894285553468,0.0333925344148187
9,4,-1.79272374177574,-1.78353856165849,-0.80145830863947,1.3932522657256
10,4,-1.52984178912892,-1.36667226279134,-1.83120918947739,-1.46987437138301
1,5,-1.67080789129303,-1.52098605089823,-0.792048024276583,-0.899441155698297
2,5,-1.66426008194027,-1.53150947607362,0.312399622099555,0.832068570510324
3,5,-1.81034507197352,-0.554422995492719,0.52787142117718,0.102678838449145
4,5,-2.31192896109262,-1.99072464384058,1.1476249665167,2.01269157321947
5,5,-1.5715992192486,-1.4849245040758,0.208238239810435,0.786701481253361
6,5,-1.5986584198097,-1.2112917440942,0.456197728329775,0.814082719783428
7,5,-1.47877971853918,-0.324817490126723,1.13490288636871,0.0568600902466253
8,5,-1.72091347607223,-1.06728015594201,-0.11789401239979,-3.06586533712945
9,5,-1.9201230799258,-1.28663459812208,-0.820532567446732,1.46010110604352
10,5,-1.77078121108518,-1.83508801985543,1.61161114127821,1.70296460730125
1,6,-1.50095168261319,-0.676455605740502,-0.549579820131497,1.34279818810737
2,6,-1.29752278296663,-0.419142929235988,-2.26023052084376,0.718002643239052
3,6,-1.37423391815443,-0.777686712941022,0.397554093996648,-0.11909709214535
4,6,-1.82199740146119,-0.0969107598428935,-0.731209440071894,1.04974945598426
5,6,-1.35944208202822,-1.58203476889624,0.46147905696907,0.9537105799076
6,6,-1.27369071288989,-0.751515692546795,0.129715003871564,-0.536289187503519
7,6,-1.28644190987569,-0.32862515092283,-0.789839174194837,-0.841554016550103
8,6,-1.6699462952763,-1.08746402729197,-2.28438343508128,1.8612782563629
9,6,-1.20929701373864,-1.46039000972418,2.75652792364714,0.140537454154649
10,6,-1.38107278952539,-0.540132827899963,1.02974200576571,-0.00861466155337753
1,7,-1.40686878278048,-1.00943184050844,-1.44364572977574,0.16105027692856
2,7,-1.61016200801711,-1.17612933455957,-1.02180765707316,0.64585555284895
3,7,-1.56945162199075,-1.41153191828485,-2.94765685912561,1.72292461418997
4,7,-1.31702115395551,-1.53840938869551,-0.365164168101842,-0.98622256515891
5,7,-1.41839425205994,-1.15648431898542,-2.17095004129744,-1.52270177516765
6,7,-1.91583690018521,-1.93150096048352,-0.955958788279813,2.14997186026588
7,7,-1.35603142229349,-1.22026082872363,1.75553467701228,-2.08602197793224
8,7,-1.28183279769981,-1.38424839961395,0.182802593807433,-1.42091238962842
9,7,-1.53044473903505,-1.91726777604684,0.13187718702013,-1.36669012425896
10,7,-1.76681177075595,-1.72446754028175,-0.552761646715915,1.86577905176958
1,8,-1.10148222196129,-1.33740768842555,0.268097662125116,-0.781191484113418
2,8,-1.35754523161953,-1.06071497139718,3.08676810139973,-4.43158473221193
3,8,-1.25681162149745,-1.21388431967151,-0.93747634811744,0.713167735582391
4,8,-1.44363837903414,-1.76523902787222,0.833102382184825,2.07005829643268
5,8,-1.22240136933954,-1.01520913369581,0.396763545267537,1.6666340428976
6,8,-1.17453700502031,-1.63555106889774,0.256445010103647,-0.530867654343458
7,8,-1.13378429607345,-1.7764000918538,0.729888398875219,0.0895698477501314
8,8,-1.17018300727517,-0.976699158341178,-2.28409112050002,-2.44626946636132
9,8,-1.3342103663195,-1.75783310351686,0.0847321336874371,0.66049792377404
10,8,-1.39634152226052,-1.28542361640503,-0.0426465352452535,1.18666290912559
1,9,-1.68177849653551,-1.70194286048132,0.733158308336118,-0.515423876503978
2,9,-1.68895900973393,-0.839627820626023,0.627934620465418,-2.85906615697471
3,9,-1.53741360303845,-1.86998941715154,0.901994190569219,-0.207040717645078
4,9,-1.60225347822181,-1.86005253127501,0.365483715450215,-1.04660662341462
5,9,-1.58424038649113,-1.03240770677964,-1.86705282750542,-1.19528159924608
6,9,-1.69026001391512,-1.86181580297212,0.0459849463906856,0.0637380388694777
7,9,-2.66091370204613,-1.47284312596493,1.27739408700302,2.52130112974794
8,9,-1.46139966750777,-1.99841691500401,1.79865953654015,0.261393220426118
9,9,-1.66564307762322,-1.78123275996595,0.489475627396382,-0.700482275618503
10,9,-1.67168634465912,-1.2532328054237,0.0448779181858117,0.594134370521161
1,10,-1.99457591000352,-1.84061603685202,-1.13710032122357,-0.527780088751754
2,10,-2.05816916045458,-1.35396558539834,2.51170235428868,1.29630282146458
3,10,-1.99159481305114,-2.14980697451043,0.484517917906811,-0.789833299547048
4,10,-1.96071440334978,-1.16259375896892,-0.396135581377434,1.20354064138893
5,10,-1.77133187037164,-1.38807803374148,-1.14863282340126,-2.08217986761842
6,10,-1.77993120926534,-1.36417360185528,-0.652766469343551,-0.531344966924117
7,10,-1.92852850676865,-2.18964155082904,0.905486250341607,-1.18504542419503
8,10,-1.92766357832163,-1.43908773376061,-0.0768293219984774,-1.93043505311002
9,10,-1.8687765701114,-2.05837762286432,-0.389660942881546,0.0119743289597137
10,10,-2.29746982718054,-2.10562109462741,0.379177508748449,1.67027609541568
1,11,-1.20441719631318,-1.29266608815144,2.29393904801251,0.0254917015699282
2,11,-1.16795601205465,-0.872492245633291,-1.09621754413991,-1.8078636976489
3,11,-1.27036241917505,-1.43935084009267,0.205822437459202,0.953145444700388
4,11,-1.43122452549592,-1.11882836643403,-1.31772019838629,-0.105621508111848
5,11,-1.36116722436384,-1.15813982855195,-0.544201957646052,-0.982269006870265
6,11,-1.19422459583158,-2.57297164281682,1.57663485705493,0.0494576161584709
7,11,-1.51461887424787,-1.59519608744995,-0.0253937768978969,1.49881609389936
8,11,-1.36106868033109,-1.41014829548969,-1.28119353172282,-0.206094834319986
9,11,-1.32831886053129,-1.26033481393779,1.3023034091251,-0.478684475980163
10,11,-1.57967455219773,-1.63474780428969,0.467778871286114,2.08210394765108
1,12,-1.52334244917367,-1.48173785622258,1.06790620236189,-1.0705523542094
2,12,-1.5697510466736,-1.2713764203033,1.69808876471821,-1.03809150267712
3,12,-1.82695585364722,-1.70715632266948,1.64595570094316,1.06810717946334
4,12,-1.78322030976902,-0.985587357999428,0.222084103612566,0.710438905723489
5,12,-1.48998207055526,-1.1927128596484,1.36266606662245,1.24508410629823
6,12,-1.5599805295063,-1.40166489476356,1.03798479659682,-1.03981231018473
7,12,-1.46630975119751,-0.734611987994105,-1.24596193592193,-0.856232291281376
8,12,-2.03731035480235,-2.02473580918376,1.32798667130399,1.74709842186176
9,12,-1.56461228055796,-1.34019175713228,0.692738066181951,1.17691031887137
10,12,-1.59320402596179,-1.69731175628276,0.299240423825451,0.150859838897574
1,13,-1.37849904849011,-1.33352910249333,-1.7877997638446,-0.97847874860471
2,13,-2.58208914913346,-1.02347287683776,2.18280834513994,2.52959757198236
3,13,-1.25491960891229,-0.843218203686678,0.168403364135586,-2.21410937867874
4,13,-1.54883884962462,-1.05053948906434,-1.24452943053281,2.16947741392932
5,13,-1.50525819026141,-1.49990879818272,-0.333549432076741,0.0013421764981949
6,13,-1.63245233111738,-1.29080172728235,-2.13969247758533,0.458434248663062
7,13,-1.54547601356736,-1.42626951863308,0.122794543264011,-1.21430741204017
8,13,-1.6160360936038,-1.25755018286471,2.08564436560688,-3.73918954244895
9,13,-1.49603558013615,-0.964532265559152,-0.0773586601549858,-0.0566324582270564
10,13,-1.47173584153759,-1.61518372547472,0.032805673315888,0.134868223102502
1,14,-1.21089118253441,-1.18790430455573,-3.03581585057238,-1.0398518253877
2,14,-1.34875940767795,-1.17548227037774,-0.548954507767817,-0.480858486342402
3,14,-1.31061343959072,-1.68005776131148,-0.534093020106959,-0.744818326186766
4,14,-1.25200010872323,-1.87467773614125,0.743893487324092,-0.499033345332613
5,14,-1.25385355411682,-0.864268645877667,-1.85192770510365,-0.842927872981363
6,14,-1.30336686416286,-2.10084273317748,3.24542246624818,-0.70282267487035
7,14,-1.22742708410344,-1.14515500970825,0.570393666645327,-1.98908576673431
8,14,-1.52617133544604,-1.64479322051412,1.53919241303632,-1.92682505818066
9,14,-1.44716435420267,-1.53158721328335,-1.04091281858802,-0.459369967050331
10,14,-1.48028953150203,-1.08771746116631,0.159107591317078,1.85379828723507
