rep,id,Cl,V1,Q,V2
1,1,6.60039795966977,20.4792691458672,9.98540743919444,18.7004524094844
2,1,6.56526880938614,21.9510742457007,5.94424312391008,19.9610130055687
3,1,6.53991895971154,26.0440220708723,5.00808268656724,23.4231861211322
4,1,6.42242684523254,24.3777645523551,4.56476614541165,21.9641329639175
1,2,6.65791838807622,24.2714285726153,5.37421594806823,22.0226635958218
2,2,6.59211957930675,25.1711362496463,7.02796826928719,22.7199492629959
3,2,6.80459440200925,24.2182557454831,7.2420290642467,21.9177989578487
4,2,6.72171549438819,24.3064586846969,5.78651887382894,22.0825037185312
1,3,6.14178009344726,22.584965431514,2.63533824322286,20.2958486053217
2,3,5.79095513052101,22.5850874187272,1.39814723325314,20.4314326799646
3,3,6.2804280588673,23.1568646353538,2.88623906795872,20.8320791815166
4,3,6.18238746046251,24.5777788954736,2.03516670129746,22.1354720607159
1,4,6.57664492652706,22.3642410805467,4.96619330431566,20.2842343878287
2,4,6.29241433309279,21.8733519142729,7.20167258740241,19.8265977741125
3,4,6.27582891001399,22.0780330638363,4.14791300618672,19.8310432308059
4,4,6.55454865285338,23.3207768025279,5.09943380937867,21.2009563255552
1,5,5.04750558495288,21.602576346994,6.05701789828659,19.565677529175
2,5,5.52019201968972,22.2180933721397,9.06669136240997,20.0113780225509
3,5,5.36824916183352,22.0433390663877,9.34004750737524,19.9205533522535
4,5,5.40527123658053,22.583142105654,7.45607417092705,20.4367927133443
1,6,5.81979149274114,23.8851688910494,1.7465466510687,21.6004572638921
2,6,6.12475962772896,24.331892274956,2.49982529307,21.9527890382444
3,6,6.15726432826645,25.4508736997683,1.89567614310453,22.9949905800862
4,6,6.27434161532948,24.5916543915754,1.86510585553436,22.0320788607621
1,7,6.42080968091275,22.1520292767785,5.38625894914689,20.109409714839
2,7,6.51868131884542,21.7348136764587,6.59775764629344,19.7118908936094
3,7,6.67246858286011,24.0975682607423,6.00519909002518,21.7306549436998
4,7,6.6894026838291,26.6004440624015,4.06041896520154,23.7521896029463
1,8,2.57113204275995,20.2551659321687,4.80829911804593,18.5598947757645
2,8,2.7024697022957,20.0573324604242,5.50768036081121,18.1845716256331
3,8,2.60744053276276,23.0496853270004,5.52688082290106,20.7713857800059
4,8,2.61806295428835,21.9787758721998,8.77709389149227,19.9494491135209
1,9,6.47161965646949,20.5812249407584,6.38289134380749,18.8792874151738
2,9,6.48835600273373,21.9327317317167,5.29837689227684,19.7904445643667
3,9,6.43359894058319,21.6108341688713,7.76389840665496,19.6030532940703
4,9,6.49075823548507,22.8514426812052,6.34690415429841,20.6082197475351
1,10,6.1456870064211,22.3814447583415,4.24860783869431,20.378821689933
2,10,6.40972365035838,21.1270648233491,8.62712736899612,19.2964249464413
3,10,6.61083363857107,20.898511261908,6.03576682119059,19.0143525464951
4,10,6.48706977443177,21.5796310816112,11.3402264789943,19.5004658369484
1,11,5.26972984970531,23.865750953857,8.25087969738999,21.5035421623115
2,11,5.06108508319711,24.549462200146,3.05849175470758,22.0964205632841
3,11,5.38388769010357,22.4002421301264,6.99410399998248,20.3171775065911
4,11,5.08427244971899,23.7337320980941,3.89477962494183,21.4586077890273
1,12,5.06615890870917,21.2431450441673,2.34938100678325,19.2020068550869
2,12,5.10551614071958,19.7318801881529,2.87999234140812,17.9419837645116
3,12,4.93123353614446,19.9100091686907,2.78395055057389,18.2032400725424
4,12,5.5245730049135,17.3603091879045,10.002774907878,15.7009632612366
1,13,6.56736067530808,22.8361339119411,7.48810813828779,20.5008511466686
2,13,6.85848640795876,25.7664748854729,5.83037114530809,23.298626238691
3,13,6.46476354045894,23.3082770287621,5.41717457893324,20.9767611837886
4,13,6.45823676890396,22.6893208032215,3.80596031837769,20.4796042153881
1,14,5.08916546989573,22.0140758942696,2.58926000578224,19.9988424144651
2,14,5.09114740893781,21.3033504609324,3.14285685153362,19.4000434032983
3,14,5.04362410663909,20.8464529858356,2.15399900618887,18.9715592008014
4,14,5.17319618882336,18.3915162777043,6.5278700854156,16.6724520812519
