rep,id,Cl,V1,Q,V2
1,1,9.23215846475877,36.6250346812338,20.6637826870276,48.1295112929205
2,1,9.18890114899794,44.4431797306293,13.3938311975126,54.0073813546642
3,1,9.48656532833408,52.9370374406927,12.8211782134785,52.5477025184523
4,1,9.30302145774836,39.9345892070461,22.1249655851707,53.1523603062684
1,2,6.80449319645526,37.9629356311503,4.83671861930451,47.1252859857378
2,2,6.61244514955929,34.6801858985479,4.27911889745402,51.8588278045618
3,2,6.8026710561399,38.4364762097371,3.66890238601423,53.8579875340312
4,2,6.63449944018087,35.5905970389668,3.92165214294454,53.4478191926819
1,3,10.512520815227,41.9024609774242,16.2666477032563,36.9586286789382
2,3,10.2245545896818,47.8832457589457,8.0167568539314,65.2146787006564
3,3,10.8878688405874,42.8872335640619,21.4039524228258,41.8821030718119
4,3,10.9369151401263,38.5552220793346,33.3876622714461,44.7438398118871
1,4,10.253340782349,34.2027698602573,24.4927777879883,60.8749566593858
2,4,9.8965650811554,33.4792082675644,27.9143214695037,53.3529851113405
3,4,10.166275148187,36.1416066400685,23.4575842168144,54.4224715593071
4,4,10.004824759772,34.1297223232239,26.0383533454287,49.3489042093524
1,5,10.6566768920849,51.4096968817249,10.9291521437484,44.3209972646578
2,5,10.5245517966578,38.729410969805,20.3558709796918,41.384579765664
3,5,10.8017863393113,28.4667238617637,43.3559660118831,50.4499813100299
4,5,10.4801349669703,35.4981323752756,23.5689142802628,39.2533516507866
1,6,10.1651408383585,30.9564409621693,31.3245672222431,59.2031395285826
2,6,9.87201960596071,41.4888459626322,23.9978538605366,47.6693398106695
3,6,9.98249322499372,46.4954406296158,19.6269864567297,63.634304424593
4,6,9.7884667539322,41.6630261717314,24.9294668588963,49.3046813282745
1,7,4.87269309422645,27.8619367722872,19.8384148656432,47.6956712312447
2,7,5.0757194853595,28.9238058989295,21.5399258947727,53.8558262944213
3,7,4.93967422310265,34.5376974379114,11.8133188748828,56.8437450284327
4,7,5.14126518453466,22.9862799817585,18.5503201857494,46.2332282217796
1,8,6.73407383312384,35.0512497597042,5.43229927707688,51.7856307341777
2,8,6.64271596916128,36.0787685120071,4.57946848007194,59.5775732795799
3,8,6.55757011612895,34.8640080212338,3.96410802009821,53.3531160480839
4,8,6.81908001414534,35.925077798444,5.14500090078219,49.2244242029221
1,9,5.22907987277424,30.2992637386768,14.4089317935621,38.5838966934174
2,9,5.11985299990179,34.0469990153005,16.2136541399568,54.4530171817789
3,9,4.94899763226085,35.7390120879373,14.4767292422607,54.2506309751025
4,9,5.25427472158663,22.7958028723166,17.4482953000458,45.110374126272
1,10,13.6910479033116,53.2485574695798,11.2045950285822,55.9163682300023
2,10,13.0977554485364,48.1127651083331,9.22636960196644,44.1708169113623
3,10,12.6944083334572,46.2983513469474,7.53171427807676,56.3904824154368
4,10,12.699458572911,45.8674386514733,10.3071363536677,40.5441824365772
1,11,11.76278347075,25.4457547983031,5.44233838489239,36.3419100470703
2,11,11.3776968308511,27.8631078267932,4.10774549054345,51.1351184790143
3,11,11.1955648734102,26.2703908940783,3.87369424037106,50.9213561324936
4,11,11.3091478139794,25.0711416444335,4.45609145333976,43.4908708108821
1,12,9.64719965477274,45.4371836679278,20.1952366198479,51.1097549672888
2,12,9.60636010539277,45.9125057796482,16.1321052571287,68.4169683131564
3,12,10.133648037486,33.2100393173462,46.5319419670196,56.3398085994306
4,12,10.0389867746261,38.6643415734241,28.9389776509617,59.6908373602629
1,13,11.6977702655348,24.0530064391836,5.03550227562969,38.2629798145229
2,13,11.0344762950829,25.465129381349,3.95440044112117,51.3589334068004
3,13,11.6073795805755,24.6438541175222,5.61615082904631,42.374377771037
4,13,11.5999030714531,25.6546782742735,4.99846832307362,42.9059501804903
1,14,12.8372317462424,52.7900631790074,11.6454541634041,51.7610904230344
2,14,12.8646540013409,40.4622945308933,16.6294833892162,44.5400021695158
3,14,12.8351615453353,51.7258402495619,11.4952736504592,52.013658876996
4,14,12.746394479262,44.5749132616408,13.6832998247295,41.1038395957661
