rep,id,eta_Cl,eta_V1,eta_Q,eta_V2
1,1,0.0386778426884753,1.43775915750766e-6,-1.81769604668165,-4.81733084534142e-8
2,1,-0.00289228136100483,-6.90399708069833e-7,-2.36323393274989,4.61357845260579e-8
3,1,0.00471211809088734,2.01216420192551e-6,-2.14715301844903,-4.16215875098658e-8
4,1,0.0656712699040538,7.50370590552052e-7,-1.28482515078208,1.24192905737175e-7
1,2,0.103315144634565,2.38101678329272e-6,-0.905669257186501,-4.08405353979902e-9
2,2,0.114284677825551,2.3371813764328e-6,-0.645166946894042,-1.69803469063368e-8
3,2,0.10558622241216,-8.90243176510097e-7,-0.988173337767197,5.01954033893526e-9
4,2,0.137826007193821,-6.64337471700804e-7,-0.658251827449828,-5.85226231919478e-8
1,3,0.144911755357163,1.5973732390151e-6,-0.18048347113857,1.02819042169244e-9
2,3,0.178593496049641,-2.94813055212728e-6,0.341627420333614,-6.19154318926007e-8
3,3,0.187547415750345,-2.00060055144391e-6,0.99653613252305,-9.39101605368364e-8
4,3,0.156980971966688,1.71325119646681e-6,0.811107642838519,1.28392511289377e-7
1,4,-0.0836551828871981,2.03743984439342e-6,-1.05648768545277,7.99400545758999e-11
2,4,-0.0456798481363165,-2.41178670368214e-7,-0.529056533669707,1.84791750790225e-8
3,4,-0.0716490418939362,1.01408214225884e-6,-1.60548395197114,-8.23418444539925e-9
4,4,-0.0767947394119641,1.37379053066766e-6,-1.06831870258969,-8.4999955074494e-8
1,5,0.18962058584168,4.75512057729333e-7,0.32066759280167,1.03611921709046e-7
2,5,0.212158864665929,4.3909773594919e-8,0.667130074852049,-2.47921607687829e-8
3,5,0.12668599571536,-3.18474645766287e-7,0.0159480100168121,-4.9294075932238e-8
4,5,0.152338521203502,2.41366757691708e-8,0.431542825362937,-5.20568446127356e-8
1,6,-0.0286268727884473,-2.03316318225788e-6,0.55360195074598,3.35137269047436e-8
2,6,0.0374751677683567,-2.26127561120393e-7,0.571433958775659,-9.54180978673946e-8
3,6,0.0166021532962453,2.88282084426328e-6,0.690136664258405,7.02116329520663e-8
4,6,-0.0289476852060435,1.98220217573208e-7,0.283185701295708,3.82679994359592e-8
1,7,0.171587171952635,4.03055059550184e-7,-0.0379081182066936,9.84072290322047e-9
2,7,0.14663459689612,-5.45860783240926e-7,-0.0742357541334568,6.99953606186909e-8
3,7,0.137404686329821,-2.17156570858634e-6,-0.00523546377180306,5.8031730088004e-8
4,7,0.244743661842487,-1.10361136229642e-7,0.60712511039926,-5.10318498569973e-9
1,8,-0.0159210792784616,2.34039034241462e-6,0.108927364045913,1.06336504046567e-8
2,8,-0.0251713219772163,9.2554908226461e-7,-0.0154135272128459,-3.69916857145824e-8
3,8,-0.0299802085468395,1.89627699720418e-6,0.376079721608809,-3.22902593552499e-10
4,8,-0.0345903176015829,2.17220917475558e-6,0.0536334377274423,-7.15909767023959e-8
1,9,0.120743064258827,-2.76330971438199e-7,0.388170744356594,7.20660020547825e-9
2,9,0.0861873469734045,7.47977475512585e-8,0.133450775921855,6.97539448424322e-9
3,9,0.102968235981855,1.32928914409192e-6,0.718753456780178,1.10308788769942e-8
4,9,0.107985902463803,9.54930722496528e-7,0.0274678644959745,-1.51423820149432e-8
1,10,-0.402331143560426,5.12862288193361e-7,-1.39387307662775,-2.71292850406724e-8
2,10,-0.409378578232638,-1.4200627882488e-6,-0.604042811495929,-7.35025995624028e-9
3,10,-0.401358628677281,-4.74083118540136e-7,-0.118053846906657,6.37705679373823e-8
4,10,-0.418796241948842,1.59097605978431e-6,-0.935003878388655,2.53511949210861e-8
1,11,0.257023187297258,-8.59325487212459e-7,0.561744791000392,-9.28282681833537e-8
2,11,0.276896816104126,-4.77967418976988e-7,0.613952175017677,9.53091099376024e-8
3,11,0.187417891334176,4.76283970485269e-7,0.0319651450197198,-7.02974278787849e-8
4,11,0.193701982767394,7.44170440380998e-7,0.529446258922463,-6.89046482094113e-8
1,12,-0.153602617046335,-1.61158352351976e-6,-0.035888542253685,-6.94932245082214e-8
2,12,-0.0931650111641384,-3.29576323565561e-7,0.0845166854836066,-5.84855870400247e-8
3,12,-0.153412766651039,-2.4974790715504e-6,0.0184639560697071,1.75925340961669e-8
4,12,-0.0488755597439763,-1.40983289576013e-6,1.02493568832083,3.70309667374613e-8
1,13,-0.156629607789609,-1.14703157461093e-6,0.672270895533172,-2.03389349806571e-9
2,13,-0.168348955030345,8.1804745466485e-7,0.0890764733110889,1.15512932552519e-10
3,13,-0.137644203629004,-3.27274584321913e-7,1.30307157217969,-5.51236261081556e-8
4,13,-0.17070980952238,-2.63244461340406e-7,0.736844856949228,2.41076936191575e-8
1,14,-0.207647508404201,-1.15546195811334e-6,0.215181411927722,-9.1358652642981e-8
2,14,-0.198349313023218,2.44235222623956e-6,-0.0252038684973424,9.27827472629872e-8
3,14,-0.167808845524334,-4.89500507239171e-7,1.13769790436548,9.09793427261718e-8
4,14,-0.190512296384847,-1.39121761222327e-6,0.969574627990323,5.38493769575155e-8
