rep,id,Cl,V1,Q,V2
1,1,5.34518900330501,31.464596535914,10.9973246005651,34.7542127648783
2,1,5.34438741527413,29.2636409613599,13.3650114104479,32.203577324348
3,1,5.16610683976726,36.3599759430421,18.187442257656,43.7034059985908
4,1,5.28407654092138,34.2949034313944,15.4040049317307,39.196818279597
5,1,5.60911238217532,31.9519710528803,13.0743226850056,36.6541081483477
6,1,5.47526693110138,24.9688154663487,28.2909240400011,27.8481902578293
7,1,5.11329063912851,35.4119292209521,14.0579545525436,39.4236688155313
8,1,5.45907409833564,32.91523429091,14.6285463328328,37.1208352661776
9,1,5.62473082344258,31.5970762146089,16.4448772561899,36.1854920378308
10,1,5.6267973258878,30.0955297430664,13.4834678993001,34.3052293644915
1,2,13.4821743917708,41.3167309658895,32.1773228458777,50.1502280339608
2,2,13.6047736498789,40.3834107193038,26.49287910963,47.8029056014761
3,2,13.3809443424698,31.1061530954598,39.0676825701144,34.295586594015
4,2,13.8092810868567,37.0567865759822,30.1361115671859,43.3182074016524
5,2,13.6187476431747,45.3986625773787,20.3080724625636,54.5292640451369
6,2,12.763241261419,34.272206145194,32.5167371221536,39.7083726581441
7,2,13.7121217527725,38.0609369354962,49.9161206348727,43.9484752009229
8,2,13.3855091364507,38.3380324668026,24.4526906265304,46.3357524594875
9,2,13.6583518693626,40.3697777003913,19.0829760853164,47.470047801578
10,2,13.1127279193626,34.9940762611129,27.6011839666998,39.831293957695
1,3,12.9077525038813,51.5972988121054,12.9987066268096,64.7617032084729
2,3,12.3126608671534,52.7123061995475,12.6006981089597,66.5825296513099
3,3,12.6737874073652,44.5484710585781,18.3744269144303,54.3546045970515
4,3,12.9360322027172,51.9778542381197,15.7723191743691,64.658396106027
5,3,13.1336865136301,47.4838386542931,18.0462935233377,59.8025021780154
6,3,12.8871172933133,51.8544675998025,13.0923979307683,63.0006175159278
7,3,12.5557272988066,50.2656400491376,9.75771957289799,61.9169443400021
8,3,12.6510891401831,49.3325592604201,14.1559668222409,61.8984599839115
9,3,12.7670017884356,50.8413592281417,9.173828821789,63.1855510655389
10,3,12.7934453854503,51.5831619216986,12.7878416011455,67.1998194353402
1,4,10.3161696692231,42.025878089232,7.07919132412386,50.9521268956964
2,4,10.616571087989,29.388712983777,24.1700439958766,33.221665945291
3,4,10.4677730324618,27.5470157069152,34.9128367271222,30.2051580231784
4,4,10.3613892113597,25.2963290983492,33.4278382574631,27.0249007922639
5,4,10.6751159850271,39.4807003605086,7.98600927559737,45.7576899015655
6,4,9.97814577095238,26.4850642341054,18.9311072033676,29.2934730521407
7,4,10.4261687675565,27.9994138130329,29.2950848360065,30.6721683937301
8,4,10.2113501733155,26.407043311378,27.1481375850977,28.5858297788903
9,4,10.1767985410412,38.8466531512638,8.86628153968223,44.2347533164023
10,4,10.3692166371609,25.447647215139,27.5857519147967,27.7487498856172
1,5,9.58740928832341,41.1456073379336,34.5148998528847,48.8941431166413
2,5,9.55329061046476,45.6036491605563,21.3191580301802,55.2909263217159
3,5,9.31242891800025,36.3782106840029,30.0425461440681,42.3837600142623
4,5,9.4521163168384,37.9461914185333,35.2513265103634,45.1583942322231
5,5,9.16459563693221,46.7283576536462,16.4507096040839,56.5968287711615
6,5,8.91300656081774,35.3583953947615,24.4354738515356,41.2079730181425
7,5,9.40389578919377,37.5609588618164,32.5689644831413,43.1380945517687
8,5,9.33432755748304,37.2142247139996,19.2650161240259,42.5278546015134
9,5,9.60336193854782,43.7442098944649,27.8352567758707,52.8548239745952
10,5,9.26481965250754,42.8791115015171,22.2020561158701,50.1368433125748
1,6,12.2589514408158,56.8018725263338,45.0785452758111,70.8359856238912
2,6,12.3774632610092,60.212651455236,34.5760522288961,75.8326033307039
3,6,11.4760328915294,55.7066713226283,35.2425881002826,68.995779088719
4,6,12.2113036343348,53.1336764932699,45.6838086317276,66.5858616734999
5,6,12.4307437696298,67.1475808936408,38.8404411180395,86.7386020233723
6,6,12.4268920515941,56.0593003800872,36.1674081167678,69.3612499030761
7,6,11.807150519999,51.5498212017046,36.5310475672156,66.1941985169306
8,6,12.0679654062837,55.5387422148303,62.4183773934133,72.7754661578613
9,6,12.5174586447965,61.0260065737551,31.5900446664174,77.4632569880664
10,6,12.4267868824838,46.1095864008902,63.3075871965772,57.1638391951304
1,7,11.8374450982017,23.9617256444265,6.4031681513495,24.7234905142089
2,7,11.9052862053125,22.5201387345712,7.08877400941002,23.9213945331324
3,7,11.5473359951863,20.4319943009005,9.74182861657152,20.6737168917978
4,7,11.1594738129712,22.0406700482217,5.98253872882722,23.0951895476311
5,7,11.7706059825341,21.6613247394215,8.47012951628906,22.567503721995
6,7,11.6281385405254,20.4464981916083,8.01339014915987,21.0758567912725
7,7,11.8876327615457,22.9462508839387,7.50643671488636,24.4541666919784
8,7,11.6498929321935,21.6520548831885,7.99901492877998,22.2585303756609
9,7,11.2926741377917,21.8774823115388,5.96734677094134,23.6392252527471
10,7,11.7843640169542,21.8067236670748,7.25418699681778,22.5852972282482
1,8,13.4330991768016,32.2778381087594,18.6198985379192,36.6290739932418
2,8,13.2289317208318,37.5997876904317,19.2454338221664,42.6636879806133
3,8,12.9769657253256,40.5606982196482,11.4552474753646,48.4350074790968
4,8,13.2561881691029,39.3069778477151,13.1010420199041,44.4536572152752
5,8,13.8705256629298,35.4207340895231,21.5455119112082,41.4082675101167
6,8,13.3387161128239,34.9265473679934,16.2312236528764,39.0273936916501
7,8,13.6683104989902,40.8562244715583,16.3029489205587,47.7260532384927
8,8,13.8241211756123,37.1473967960963,16.7210525330884,43.4547344284904
9,8,13.4901847964605,34.4535794536368,15.2909093769998,38.7728051347713
10,8,13.4362989958123,35.8954703489798,25.1373070518275,41.0774024723137
1,9,9.7042407316808,35.8169549136081,26.7255965009513,41.2817859177684
2,9,10.1136360763362,41.7473576124286,19.7587543428696,48.7026721424854
3,9,9.73398542099517,44.7353737143445,14.7339129874241,54.2626340695084
4,9,10.187667160164,43.9476579622562,15.2202743452162,53.061303391258
5,9,10.0028176073975,40.4792425624701,20.6100322610757,46.6684579089558
6,9,10.044620245509,46.4840488358202,15.2726027154218,54.6093146852843
7,9,9.95842998277165,42.3570502324722,15.1839827716741,49.9872918618542
8,9,9.57788772378542,37.3079813741996,18.1362991680336,43.6891946641817
9,9,9.75823973678937,37.761224956611,15.9450326597488,44.1540431621645
10,9,10.0341213426405,42.3854875234968,21.6212828826655,50.446669172054
1,10,6.78476925424636,21.3247013425848,27.4546838943262,22.389447967174
2,10,7.00212394517311,27.0858476944876,18.2466741524712,29.6134327924028
3,10,7.05661335557239,25.35573324784,32.7055855674121,26.9182880169793
4,10,7.08615728586896,22.9818880510097,31.8671544653508,24.832996228532
5,10,7.01362395709499,24.7215572622519,30.2066078413897,26.5407723683969
6,10,6.94868919320932,25.8671298837945,22.9775451305863,27.4037018976244
7,10,6.93540209417267,21.7027965631183,28.332277428382,23.2615142415743
8,10,7.12124917446324,26.4623123660517,17.4859348072791,27.4085831139355
9,10,7.0697691302852,22.7961647439587,32.9606691980014,24.5600115860595
10,10,6.91922086819589,25.5170583932421,17.9476762273189,27.4777286051021
1,11,13.1686283825502,39.4364876718001,30.8502273491444,45.3228879881542
2,11,13.3482772339398,37.572554907958,31.4059787499704,43.5736343707776
3,11,13.1831790548489,40.9589282210354,31.8259047014369,49.6595775670804
4,11,13.740271398852,39.2003864062732,36.5521220250788,46.5819487884138
5,11,12.5382494259421,35.3436989333061,30.1309408523094,41.5178799564312
6,11,12.8626997929311,48.8850008451012,12.8056657286504,59.4780471889773
7,11,13.167591350981,35.5946207661089,38.5289677668283,41.1000290856208
8,11,12.6985008749275,34.8664868030024,29.6422311924548,39.5433418550068
9,11,13.0951214757946,37.7424023242913,42.4294104094431,43.5204962837703
10,11,12.3745847930599,46.9427001036111,10.4603199101954,58.8565632890661
1,12,9.84743887236653,52.6102652522259,18.5224425971121,64.6221217569661
2,12,10.493347534404,45.8551089611944,20.2461611941051,55.8350675493235
3,12,10.1506943094629,50.1412891547572,23.6929775799872,61.1975299166436
4,12,10.3196570964007,50.2175631339687,24.8557654332634,61.0196727172396
5,12,9.8083648518694,46.5411414144062,25.4373292159732,57.0692619997787
6,12,10.2400730265808,46.6117158700268,17.0699223015783,55.4208818277406
7,12,10.0140903417952,49.7463472245477,20.6124420468504,60.7997495184663
8,12,10.2653857924747,42.1195193355633,39.5447969120993,50.170913723738
9,12,9.83988303954481,42.8116112541998,29.9811136854866,51.3774720791117
10,12,10.0803785407502,52.4484590618816,17.4519604707048,64.2626046709092
1,13,10.8954619158782,37.3795343372413,19.4503026318911,42.7288445160099
2,13,11.1097863727413,38.2110712221791,39.3387718175589,44.5046137572092
3,13,10.3785364930302,29.6601971140628,58.0443368317077,33.6774692343145
4,13,10.8950878261895,35.8195130525686,31.7059295042981,40.2973988801407
5,13,10.9990347031817,36.3160632648725,40.3760158515229,42.9976911161789
6,13,11.1496750045249,36.3285373710562,33.6007765836188,42.0047205268342
7,13,10.804154301424,34.1486049319419,33.3440320828364,39.9964876318435
8,13,10.7954684987175,40.5443418730043,18.8647417639364,46.8148596475237
9,13,10.5274761957497,39.4567215932208,22.2776845553821,47.7835009747194
10,13,10.3664078897861,34.4774560814813,36.45641866955,39.1249785832274
1,14,13.0215086637551,30.9357060525021,68.472639644201,34.9327280766003
2,14,12.3265670665021,49.5630145809381,4.70630614616993,60.4168736507418
3,14,12.1995977192193,48.1621176257447,4.21009491076723,59.4140132293274
4,14,12.1511605116911,25.2892854850885,98.9270008209281,27.3907229458696
5,14,12.4642792393115,27.3149551260484,112.708639955402,30.028284411744
6,14,11.7450153642399,46.9641528988459,3.27560591796885,57.2903015308547
7,14,12.5095296421651,48.7389219980463,5.54404541995348,59.6116912504034
8,14,12.5671771807559,30.1682423139883,41.9875077314103,33.6592553490325
9,14,12.6912290116423,28.2180608758476,67.490332290636,29.6184859194913
10,14,12.5456164908826,46.2456196998821,4.86821893488287,55.9827326610961
