rep,id,eta_Cl,eta_V1,eta_Q,eta_V2
1,1,-0.426051862750078,-0.38559784614185,0.0153651810583368,-0.471489907528775
2,1,-0.432962942021595,-0.13336494518049,-0.156086249760592,-0.171715213453866
3,1,-0.463145967231731,-0.491590623494997,-0.056092181039708,-0.635741348916458
4,1,-0.423170335807491,-0.484145306062146,-0.00405358108377077,-0.579611551239937
5,1,-0.465463171005308,-0.275153110266217,-0.475978384244652,-0.337032198137354
6,1,-0.415680579845973,-0.327610551166161,-0.191016653643923,-0.3921325358659
7,1,-0.432140887756637,-0.157484847765836,-0.566369847266286,-0.153933760804869
8,1,-0.415183117857133,-0.330068311879095,-0.472617949714721,-0.403849770535208
9,1,-0.409143641875617,-0.327428017145489,0.111340127789266,-0.404141769372087
10,1,-0.449641834748045,-0.388177921900376,-0.00983199282092945,-0.443254722959919
1,2,0.459486145254594,-0.132845663450615,0.4737626608837,-0.164311022377654
2,2,0.432325802765551,0.258871989871159,-0.633367218016179,0.319424748939874
3,2,0.458854489508919,0.181790941889211,-0.691563949045167,0.221185719027365
4,2,0.497254120686305,0.0760486435950974,-0.23087154492156,0.0538565898315735
5,2,0.447831666444223,-0.148431481972784,0.355142500794972,-0.179783531451831
6,2,0.493458407912484,0.272557727055325,-0.63982746980189,0.315936276937882
7,2,0.446837901476122,0.220380402272693,-0.763036113494567,0.256823604676665
8,2,0.443948686340434,-0.113107150910753,0.0438136581216569,-0.0820928881076076
9,2,0.442840429534145,-0.100045282909451,-0.114785273338701,-0.138919627892517
10,2,0.478579183492392,0.232706944452327,-0.461712366257112,0.268215007828446
1,3,0.3797591019108,0.0998662970415935,-0.285386828955433,0.113673287354766
2,3,0.382309513882197,0.18075032400987,-0.49080760010361,0.238943495997652
3,3,0.383218006607474,0.205637093529702,-0.818457228168706,0.249762270937764
4,3,0.395778572476087,0.0408748570881215,-0.218131577089267,0.046179895717026
5,3,0.403487296416437,0.215000526614992,-0.536868008398372,0.280779801390321
6,3,0.383908166665283,0.268820766805014,-0.625072519889456,0.322340419877799
7,3,0.417169617129732,0.235820826876642,-0.589859909692848,0.295463688320599
8,3,0.411184985494603,0.00215031371070672,-0.104335228279561,0.0132575776949644
9,3,0.406598001392504,0.0160994300677391,-0.284314344563659,-0.000910541237219245
10,3,0.435149836750283,0.368552050412486,-0.478923763104008,0.451028664749925
1,4,0.222744016646534,-0.411987305407923,0.371940373220301,-0.49187270615493
2,4,0.184737812533289,-0.382085234174286,-0.104451976523266,-0.464234848864608
3,4,0.176640493338129,-0.426940167598296,0.325418570216589,-0.513107737442615
4,4,0.209468078226308,-0.410291734694103,0.411873137116992,-0.472322058393085
5,4,0.244962797811143,-0.36503980731339,0.263955075774523,-0.473465241002001
6,4,0.219090674329724,-0.345125318534608,0.113965448856445,-0.408522121506523
7,4,0.174005208694986,-0.468745436754218,0.179229256146084,-0.578275295893674
8,4,0.207439191551851,-0.299620312967358,-0.0595158767530189,-0.38474882482526
9,4,0.232628940224557,-0.38208427008246,0.291384609234251,-0.457977685600918
10,4,0.222971151171084,-0.316086958600755,0.0817195537224379,-0.354280906664449
1,5,0.0821074638849241,0.0868640708754943,0.0107030212344647,0.0789231258191194
2,5,0.0457941106609565,0.0933521516331273,-0.0362418271434464,0.105666151454069
3,5,0.119751243711761,0.0434256188938887,-0.193171054213367,0.0576821569019999
4,5,0.0973814894453257,0.128175518612747,0.220447009014952,0.135460060871392
5,5,0.0647560892539449,0.161069021776806,-0.485073766335221,0.204415730395775
6,5,0.106527620423622,0.237209616662771,-0.503630771309501,0.27309789476202
7,5,0.132357860264237,0.0072004311491065,0.385605521943252,-0.0108958443527783
8,5,0.095686275035704,0.0770224447566642,-0.0862284887835303,0.0836929666086584
9,5,0.0966480558018663,-0.113964016330667,0.296017886012875,-0.128209793044317
10,5,0.044158534906137,0.0117534325051781,0.110425594220965,0.0377463621403378
1,6,0.310215999447121,0.664622689398341,-0.330366453753907,0.787764549442495
2,6,0.382057836934572,0.31320271578151,1.0554455586342,0.356341494843621
3,6,0.321804856830716,0.435180904834794,0.189126091235204,0.529127697510426
4,6,0.364262414255473,0.349241762660146,0.783088719921338,0.407071997011887
5,6,0.327376984807604,0.672089464984252,-0.0285814484672947,0.780940323181894
6,6,0.334220476088282,0.345351009894361,0.428091651727813,0.414223493821521
7,6,0.353577686134731,0.286242659758504,0.641489172588435,0.35423854017058
8,6,0.360499933321517,0.399737676883117,1.10666476459577,0.468174865564853
9,6,0.317140931725108,0.66399853311357,-0.243067408208633,0.76384340889421
10,6,0.321746972987689,0.29320860901532,0.84715568188423,0.362358138444098
1,7,0.288025523218894,-0.761452088962669,-0.873096033664359,-0.899712657734692
2,7,0.283160964618444,-0.531863685706843,-1.40317267428416,-0.634948832263308
3,7,0.337749495038284,-0.338256586659146,-1.60619662335834,-0.428233639566841
4,7,0.348293034713202,-0.474176706738651,-1.27889618047839,-0.55728537987832
5,7,0.326595591690976,-0.584788358193968,-0.994874751545262,-0.683563690565133
6,7,0.333244948081738,-0.647913137314241,-1.01541056249212,-0.744491798935736
7,7,0.276870680217381,-0.565813818244726,-1.4270792551076,-0.66538426975602
8,7,0.328140567081005,-0.62922524202929,-1.0977942672167,-0.768576830868508
9,7,0.29906693209393,-0.578661071528486,-1.2935735622886,-0.705803281071454
10,7,0.337377216058037,-0.62841630188468,-1.01969625185563,-0.714382388705188
1,8,0.464897283272416,-0.167109076593791,-0.16278423349959,-0.222256912608263
2,8,0.496115690428271,0.138094040831332,-0.502580495105824,0.162635953521541
3,8,0.427481899365067,0.00285942650681924,-0.726310396358503,0.00539917440831915
4,8,0.446548474116254,-0.00294325459819285,-0.538884621572326,0.0111074727855741
5,8,0.453126687886362,-0.157588645144953,-0.185843505693251,-0.197102983315106
6,8,0.462537293068231,-0.0341193192739464,-0.437962484967063,-0.0124221142226109
7,8,0.45564919623681,0.166206586880407,-0.839153407483675,0.205654853318766
8,8,0.454016177944261,0.179393121887093,-0.900791698811159,0.204290013244295
9,8,0.465769128372054,-0.0156481333575763,-0.614060229858527,-0.0282849726661242
10,8,0.396425022129512,0.0737248596599931,-1.01507106378379,0.0718920061040462
1,9,0.166069688324319,0.0225668504293687,-0.189760002153415,-0.0149335555205887
2,9,0.168136683597882,-0.109303770495944,0.0750702700554111,-0.13796545871994
3,9,0.182292304245296,-0.0557822989834147,-0.113450162400902,-0.0741125228226531
4,9,0.155195152398006,-0.0223180567077814,0.137517171007424,-0.0180438253575014
5,9,0.17495493009995,0.143458147557563,-0.197526541223854,0.211822971340773
6,9,0.140347461630191,-0.0173248154613766,-0.0103534829823494,-0.00804528104736931
7,9,0.193935867504899,0.0594295413933818,0.149031869923179,0.061580244761473
8,9,0.162319763198701,-0.0812116237819984,0.0172427492309446,-0.0747010655545259
9,9,0.160618820520476,-0.078906028796642,0.0723584746007701,-0.112048502433129
10,9,0.10130579532382,-0.148035487053944,-0.284691239985386,-0.154988351957438
1,10,-0.168619091382732,-0.523138336728676,0.394655651740762,-0.619078681101189
2,10,-0.183554237156351,-0.147600185224061,-1.23359477767819,-0.174499365022886
3,10,-0.15924877056506,-0.455922310593043,-0.121891396039763,-0.532029489840538
4,10,-0.19080375646665,-0.161315448495585,-0.990355495931164,-0.169158784694043
5,10,-0.166021164304435,-0.536890531712748,0.181322607324634,-0.641948154070302
6,10,-0.194586083974413,-0.0800718117290506,-1.65612514671013,-0.102392163471015
7,10,-0.197955275581359,-0.390211020126111,-0.440549648849747,-0.486169465465264
8,10,-0.212189079106402,0.0305090597192268,-1.40734723832995,0.0504750576774348
9,10,-0.198984926977843,-0.57653207596006,0.606410338188934,-0.689036858632674
10,10,-0.236248465169906,-0.623297508366388,0.292204147277928,-0.776622461971438
1,11,0.395395946748522,-0.124392597461263,0.242246388854657,-0.160024567522191
2,11,0.39375797431313,-0.0999298932340857,0.515616802696518,-0.13664920016686
3,11,0.469895079083927,-0.085012685177375,0.11858002280641,-0.078493713140671
4,11,0.419597578442955,0.165872288885909,-0.603799177950288,0.199204143477822
5,11,0.39849757602619,-0.144134169615945,0.185420366608496,-0.178605815744522
6,11,0.43069145956543,-0.0400901479576152,0.349786202727713,-0.0595406521464967
7,11,0.464776813138536,0.000618108349575305,0.429831117016447,-0.0213352211293343
8,11,0.453443773161389,0.158114060757265,-0.304854754017578,0.203999956313761
9,11,0.440066016017517,-0.084228846683925,0.449246955109894,-0.122772770047721
10,11,0.425449958873814,-0.0568015659695952,0.43707949829744,-0.0621296962675854
1,12,0.158553552619307,0.0950353181431655,-0.121202420447198,0.109399649939684
2,12,0.15958415387122,-0.0159981521470846,0.316157921837188,-0.0174962797731936
3,12,0.163083164574404,0.175963165580596,-0.211665665136899,0.211121255107763
4,12,0.196909477805346,0.336571316156331,-0.381015251844881,0.40873453858636
5,12,0.156746326609866,0.0529335340765482,-0.0686470520954117,0.0602623831248702
6,12,0.144120712232967,-0.0316097834067942,0.375170067395788,-0.0286927978602812
7,12,0.126339968025149,0.0443116821948252,0.137090089120885,0.0546425051819635
8,12,0.148602788395651,0.0313239630141626,-0.224564511908919,0.0251155136092393
9,12,0.163751930076034,0.150227349560348,0.164628933382279,0.170068339397425
10,12,0.161029974982068,0.020670435770485,0.38061668645394,0.0273659949967255
1,13,0.24367687021832,-0.0711823923008643,0.479699228247528,-0.104676150863231
2,13,0.240450547981511,0.203572704189414,-0.614906394155293,0.224630400382398
3,13,0.234441382423191,-0.212713544899436,0.874218576376599,-0.236008761315986
4,13,0.222568686190753,-0.174487213113793,0.180252339269538,-0.208602390922853
5,13,0.250259881634627,-0.0730946132392039,0.180637647379185,-0.0890052330229218
6,13,0.250397170277052,0.0733059712156387,-0.237200329243462,0.0954092055922196
7,13,0.22284825628244,-0.077812912031201,0.165220825619204,-0.0796091364743904
8,13,0.238055461638928,-0.098836278044154,0.107428448214497,-0.121791879716762
9,13,0.182281774787703,-0.243376375599454,0.0764009117585838,-0.285514247717371
10,13,0.249993025817904,0.0845674224891976,0.257635076324543,0.0741417617882739
1,14,0.371604626937275,0.187768642110341,-1.64028975259498,0.233400252631144
2,14,0.398633070359142,-0.332883808788397,0.707352497831002,-0.426477576503159
3,14,0.366750013032808,-0.405134253023654,1.29064803018874,-0.50583417618138
4,14,0.451208818201874,-0.354790885525355,1.1215850153787,-0.406257203722066
5,14,0.408362015086969,0.235143142095821,-1.31661202238848,0.283139820950508
6,14,0.370284470645032,-0.396669761393953,0.730507283675958,-0.475889414365066
7,14,0.415503617882751,-0.385371549093894,1.35623697251136,-0.459867940477661
8,14,0.397015491764258,-0.355458381482682,0.847398397756289,-0.406361606245922
9,14,0.328286183923739,0.179637935484007,-1.92459232922154,0.206896370511993
10,14,0.359635988691131,0.0316663577314152,-1.32555938981986,0.0030380662786548
