iteration,convergenceIndicator,phase,Cl_pop,V1_pop,Q_pop,V2_pop,omega_Cl,omega_V1,omega_Q,omega_V2,a1,a2
1,1635.7,1,10.2275,43.2233,11.1604,60.344,1,1,1,1,1,1
2,1617.68,1,8.01728,43.6248,14.4813,73.3648,0.974679,0.974679,0.974679,0.988024,0.974679,0.974679
3,1606.97,1,8.39646,39.53,15.7555,99.7023,0.95,0.95,0.95,1.13291,0.95,0.95
4,1600.33,1,7.19441,45.9074,18.3786,134.793,0.925945,0.925945,1.01312,1.10422,0.925945,0.925945
5,1586.73,1,8.38492,52.366,15.8003,132.098,0.9025,0.9025,1.03246,1.07626,0.9025,0.9025
6,1568.9,1,8.02073,45.2352,13.688,140.534,0.879648,0.879648,1.00632,1.04901,0.879648,0.879648
7,1559.96,1,7.72775,54.5537,16.9559,150.873,0.857375,0.857375,0.980837,1.02245,0.857375,0.857375
8,1541.43,1,7.80198,50.1632,16.9878,134.449,0.835666,0.835666,0.956002,0.996562,0.835666,0.835666
9,1546.25,1,8.3538,51.7442,13.5168,131.829,0.814506,0.814506,1.01643,0.971328,0.814506,0.814506
10,1534.88,1,7.46563,58.1004,14.3858,175.799,0.793882,0.793882,1.02528,0.946734,0.793882,0.793882
11,1516.71,1,7.88742,51.2309,11.781,191.454,0.773781,0.773781,0.999317,0.922762,0.773781,0.773781
12,1499.82,1,7.88323,50.1557,12.9967,184.612,0.754188,0.754188,0.974013,0.899397,0.754188,0.754188
13,1503.23,1,7.59108,43.0519,16.6183,210.549,0.735092,0.746261,0.960749,0.915745,0.735092,0.735092
14,1480.63,1,7.59912,49.7813,14.645,174.825,0.716479,0.727366,0.957325,0.892557,0.716479,0.716479
15,1469.94,1,7.26339,45.0173,15.6054,197.221,0.698337,0.708948,0.933085,0.869957,0.698337,0.698337
16,1459.29,1,7.81421,46.4157,17.9484,184.082,0.680655,0.690997,0.909459,0.84793,0.680655,0.680655
17,1438.17,1,8.02392,38.2586,14.6624,169.034,0.66342,0.673501,0.886431,0.826459,0.66342,0.66342
18,1431.24,1,8.24049,34.3141,15.3888,150.133,0.646622,0.656448,0.863986,0.889433,0.646622,0.646622
19,1427.06,1,8.0132,40.2031,14.194,154.497,0.630249,0.639826,0.842109,0.94354,0.630249,0.630249
20,1407.26,1,7.95195,44.4524,13.7541,153.203,0.614291,0.623625,0.820786,0.919649,0.614291,0.614291
21,1393.24,1,8.45638,44.7663,13.9801,151.008,0.598737,0.607835,0.800004,0.896363,0.598737,0.598737
22,1379.99,1,8.18302,44.6755,13.2543,170.839,0.583577,0.592444,0.779747,0.873666,0.583577,0.583577
23,1381.51,1,7.87918,40.2163,13.1388,169.131,0.5688,0.577443,0.760003,0.860873,0.5688,0.5688
24,1366.36,1,7.54851,46.5673,13.4408,206.51,0.554398,0.562822,0.74076,0.943081,0.554398,0.554398
25,1352.97,1,8.1988,43.0816,12.2777,187.4,0.54036,0.548571,0.722003,0.919202,0.54036,0.54036
26,1339.99,1,7.95982,44.4351,12.8195,208.183,0.526678,0.534681,0.703722,0.895927,0.526678,0.526678
27,1336.55,1,7.5723,45.1191,12.4403,210.831,0.513342,0.521142,0.734607,0.873242,0.513342,0.513342
28,1315.81,1,7.76446,48.9806,10.9633,196.776,0.500344,0.507947,0.716006,0.851131,0.500344,0.500344
29,1312.43,1,7.75873,45.8157,9.29361,192.418,0.487675,0.495085,0.697877,0.832921,0.487675,0.487675
30,1290.37,1,8.05848,49.7894,9.18411,180.46,0.475327,0.482549,0.680206,0.811831,0.475327,0.475327
31,1295.63,1,7.72533,50.0739,8.51499,201.661,0.463291,0.470331,0.707286,0.814601,0.463291,0.463291
32,1289.51,1,7.56608,49.9765,7.91853,173.009,0.45156,0.458422,0.726303,0.793974,0.45156,0.45156
33,1274.8,1,7.8086,48.6735,7.2462,182.461,0.440127,0.446814,0.743696,0.773871,0.440127,0.440127
34,1265.74,1,7.6971,47.9854,8.12952,175.617,0.428982,0.435501,0.724866,0.776873,0.428982,0.428982
35,1256.02,1,7.88937,47.1747,8.26019,180.495,0.41812,0.424474,0.744606,0.757202,0.41812,0.41812
36,1242.78,1,7.85633,43.7176,9.27983,179.504,0.407533,0.413726,0.821521,0.738029,0.407533,0.407533
37,1236.76,1,7.76038,46.1433,9.12177,186.308,0.397214,0.40325,0.800719,0.727036,0.397214,0.397214
38,1222.12,1,8.01652,44.7301,9.5081,170.665,0.387157,0.393039,0.780445,0.714608,0.387157,0.387157
39,1205.88,1,8.02695,45.2235,10.0911,170.056,0.377354,0.383087,0.760683,0.696513,0.377354,0.377354
40,1199.84,1,7.96339,43.1598,11.6442,193.922,0.367799,0.373387,0.741422,0.678877,0.367799,0.367799
41,1198.95,1,8.18817,44.6613,11.1774,176.886,0.358486,0.363933,0.746697,0.661688,0.358486,0.358486
42,1180.98,1,8.15918,43.4184,10.3117,181.973,0.349409,0.354718,0.72779,0.656931,0.349409,0.349409
43,1173.16,1,8.29222,45.0025,9.96004,173.675,0.340562,0.345736,0.712303,0.640297,0.340562,0.340562
44,1156.63,1,8.20038,43.5269,11.6304,179.745,0.331938,0.336982,0.715563,0.624084,0.331938,0.331938
45,1150.5,1,7.9983,42.6508,9.53908,184.674,0.323534,0.32845,0.697444,0.619004,0.323534,0.323534
46,1158.75,1,7.9556,45.3264,8.16622,193.059,0.315341,0.320133,0.744135,0.649464,0.315341,0.315341
47,1150.43,1,7.95715,44.6662,8.68167,191.686,0.307357,0.312027,0.725293,0.633019,0.307357,0.307357
48,1127.67,1,7.96766,45.255,8.25266,183.649,0.299574,0.304126,0.706928,0.616991,0.299574,0.299574
49,1113.4,1,7.84995,46.6629,8.28665,191.313,0.291989,0.296426,0.689028,0.601368,0.291989,0.291989
50,1108.07,1,8.10952,45.8347,8.15026,173.214,0.284596,0.28892,0.671582,0.61368,0.284596,0.284596
51,1102.87,1,8.23523,45.7507,7.90828,160.617,0.27739,0.281604,0.654577,0.644786,0.27739,0.27739
52,1086.86,1,8.29442,46.0599,8.52148,153.6,0.270366,0.274474,0.638003,0.632578,0.270366,0.270366
53,1087.36,1,8.3512,45.2468,8.77668,144.926,0.26352,0.267524,0.621848,0.64234,0.26352,0.26352
54,1081.82,1,8.4136,44.4989,7.80153,133.489,0.256848,0.26075,0.657373,0.685218,0.256848,0.256848
55,1079.98,1,8.43034,45.3102,9.25442,137.786,0.250344,0.254148,0.640728,0.71249,0.250344,0.250344
56,1065.82,1,8.46898,45.1749,9.63955,144.063,0.244005,0.247713,0.624504,0.69445,0.244005,0.244005
57,1063.26,1,8.51542,44.7285,9.92097,139.138,0.237827,0.241614,0.608691,0.737727,0.237827,0.237827
58,1063.26,1,8.2641,42.4103,9.44298,132.573,0.258064,0.260586,0.593279,0.719047,0.231805,0.231805
59,1053.26,1,8.47838,43.8865,9.39368,123.69,0.251529,0.253988,0.578257,0.705783,0.225936,0.225936
60,1039.6,1,8.60771,44.5383,9.60905,119.781,0.24516,0.247557,0.563615,0.687913,0.220215,0.220215
61,1041.37,1,8.62735,43.2937,9.82021,126.36,0.238953,0.241289,0.573221,0.691317,0.214639,0.214639
62,1033.9,1,8.66759,44.7631,9.66974,118.267,0.232902,0.251474,0.558706,0.692463,0.209204,0.209204
63,1029.46,1,8.58704,43.0282,9.15779,120.238,0.227005,0.245107,0.563683,0.674929,0.203907,0.203907
64,1020.42,1,8.62888,44.2704,9.4085,127.739,0.221257,0.2389,0.549411,0.65784,0.198744,0.198744
65,1018.64,1,8.70661,42.9431,9.7569,111.863,0.215655,0.239062,0.543358,0.665009,0.193711,0.193711
66,1012.99,1,8.80682,41.5144,11.0378,113.334,0.210194,0.233009,0.5296,0.717786,0.188807,0.188807
67,1013.37,1,8.69952,42.7469,10.1746,116.339,0.204872,0.227109,0.51619,0.699611,0.19201,0.184026
68,1007.77,1,8.66677,44.1874,10.2466,124.278,0.199685,0.228757,0.537196,0.698939,0.198995,0.179366
69,1010.01,1,8.55503,43.2633,10.0546,134.043,0.194629,0.222964,0.550627,0.73245,0.213839,0.174825
70,1006.12,1,8.63718,43.7215,10.5459,137.098,0.1897,0.217319,0.536685,0.720527,0.208424,0.170398
71,1004.31,1,8.59417,44.1136,10.2142,150.691,0.184897,0.218732,0.523096,0.702283,0.207787,0.166083
72,1004.74,1,8.61825,44.308,9.46634,134.923,0.180215,0.213194,0.530144,0.783403,0.212108,0.161878
73,1004.35,1,8.44266,44.72,9.32164,127.966,0.175652,0.235517,0.516721,0.831192,0.206737,0.157779
74,990.794,1,8.5247,43.2434,10.244,135.186,0.171205,0.229553,0.503637,0.810146,0.217212,0.153784
75,987.389,1,8.47906,41.978,10.0572,133.152,0.177303,0.223741,0.490885,0.839452,0.221745,0.14989
76,989.752,1,8.53388,42.3299,10.0123,131.071,0.172813,0.218076,0.478455,0.818197,0.218661,0.146095
77,988.499,1,8.62276,44.1049,9.25161,119.956,0.178781,0.212554,0.480809,0.799435,0.213124,0.142396
78,980.308,1,8.68547,43.7939,9.59515,120.357,0.174254,0.207172,0.468635,0.7914,0.226496,0.13879
79,972.188,1,8.84234,41.8592,9.71802,114.281,0.173985,0.206115,0.456769,0.771362,0.228318,0.135276
80,981.532,1,8.68493,40.8282,9.76039,111.506,0.179729,0.214847,0.445203,0.769043,0.234972,0.131851
81,978.757,1,8.8376,40.1799,9.66029,109.946,0.188507,0.209407,0.507001,0.74957,0.235193,0.128512
82,975.745,1,8.83379,40.7733,9.20179,102.829,0.189413,0.220466,0.494163,0.742675,0.24065,0.125258
83,974.905,1,8.92156,41.1322,9.14758,96.917,0.193053,0.214883,0.49259,0.738675,0.247724,0.122087
84,968.477,1,8.98042,41.9926,9.73712,89.836,0.188164,0.216078,0.488476,0.800748,0.245255,0.118995
85,965.846,1,9.0392,41.8825,9.57191,92.7282,0.184411,0.211697,0.476108,0.780472,0.250553,0.115982
86,958.57,1,8.99173,39.9446,9.37653,82.9114,0.179741,0.216315,0.475265,0.794443,0.247704,0.113045
87,963.02,1,8.99723,39.8454,9.33927,73.1537,0.179896,0.212111,0.50987,0.797151,0.251676,0.110183
88,949.158,1,9.06113,40.1961,9.42526,74.1838,0.180742,0.20674,0.587473,0.826186,0.254772,0.107393
89,960.732,1,9.12398,39.8734,10.2853,67.7615,0.180507,0.201506,0.639022,0.810843,0.251455,0.104674
90,954.284,1,9.14027,39.5526,10.0951,70.6241,0.176761,0.196403,0.672081,0.790312,0.253853,0.102024
91,944.404,1,9.15004,39.4759,10.2308,64.6045,0.174891,0.19143,0.655064,0.806201,0.255641,0.0994403
92,939.139,1,9.17314,38.9169,10.2093,63.0207,0.174197,0.186583,0.638477,0.801132,0.258072,0.0969224
93,954.214,1,9.19714,39.0065,10.1368,64.0133,0.169786,0.207538,0.644057,0.841244,0.26384,0.0944682
94,942.693,1,9.17206,38.6371,10.5203,62.2053,0.171451,0.205579,0.627749,0.819943,0.268155,0.0920763
95,934.546,1,9.19084,39.291,9.82457,63.087,0.171762,0.200701,0.611854,0.799182,0.263824,0.0897448
96,927.007,1,9.25688,38.9101,10.4038,57.8552,0.167413,0.201733,0.596361,0.843539,0.266706,0.0874724
97,922.991,1,9.25252,38.1366,10.9456,62.081,0.168952,0.21903,0.581261,0.82218,0.272378,0.0852576
98,928.837,1,9.27785,38.0035,11.1304,63.4396,0.166711,0.233214,0.566543,0.812747,0.269778,0.0830988
99,925.188,1,9.25388,38.7587,11.8774,64.0469,0.167816,0.242262,0.563455,0.828155,0.269585,0.0809947
100,929.535,1,9.20522,38.0569,10.9699,68.4225,0.168221,0.252838,0.555871,0.835178,0.273169,0.0789439
101,926.474,1,9.12979,37.1024,11.2435,68.1789,0.171274,0.246436,0.56989,0.814031,0.277915,0.076945
102,922.374,1,9.14907,37.3128,11.3643,64.5632,0.168257,0.241368,0.57327,0.834625,0.270878,0.0749967
103,917.234,1,9.13479,37.0217,10.7743,69.6798,0.165629,0.235257,0.568931,0.813492,0.269093,0.0730977
104,917.989,1,9.11583,36.607,10.7455,69.5936,0.163886,0.248487,0.580645,0.799621,0.271557,0.0712469
105,904.49,1,9.16286,37.7134,11.3441,67.4803,0.174609,0.242196,0.590271,0.823041,0.270876,0.0694428
106,898.905,1,9.18101,36.8387,11.4295,65.6374,0.17506,0.236063,0.575325,0.817609,0.271696,0.0676845
107,903.856,1,9.19033,37.0136,11.5012,66.8625,0.180759,0.230086,0.560757,0.828795,0.272601,0.0659707
108,896.566,1,9.15365,37.2393,10.9241,66.2996,0.180785,0.244377,0.621745,0.822623,0.273483,0.0643003
109,902.018,1,9.16087,37.4111,10.5771,62.4352,0.17912,0.247512,0.642228,0.843368,0.272896,0.0626722
110,897.225,1,9.1343,37.4871,10.6888,62.9241,0.180295,0.241245,0.625966,0.854077,0.277064,0.0610853
111,887.474,1,9.11468,37.1164,10.732,64.5452,0.186187,0.235136,0.610116,0.832451,0.279737,0.0595386
112,898.144,1,9.10348,36.9153,10.7169,65.0906,0.189163,0.25038,0.594668,0.811519,0.281696,0.0591945
113,894.861,1,9.07972,36.9408,10.7702,63.995,0.187323,0.256774,0.605105,0.820042,0.277592,0.0579081
114,900.504,1,9.10235,36.9616,10.8736,65.3325,0.187951,0.25183,0.597579,0.818328,0.27855,0.0596556
115,895.934,1,9.15565,36.9214,10.6967,66.2749,0.192327,0.258869,0.582448,0.809032,0.282242,0.0581451
116,896.643,1,9.18577,36.6946,10.5842,61.9622,0.187458,0.252314,0.5677,0.822768,0.282256,0.0583865
117,892.313,1,9.2056,37.1666,11.1702,63.5574,0.182711,0.245926,0.558225,0.822795,0.278734,0.0586041
118,892.825,1,9.1979,37.3956,11.1637,63.243,0.178085,0.239699,0.559088,0.834716,0.274547,0.0599821
119,887.166,1,9.23692,37.8592,10.9879,60.312,0.174502,0.233629,0.570464,0.813581,0.27889,0.0584633
120,879.755,1,9.25313,37.0531,11.1425,56.9851,0.177657,0.227714,0.60481,0.792981,0.278147,0.056983
121,880.352,1,9.31936,36.746,11.5625,60.0233,0.176696,0.221948,0.589496,0.772902,0.279589,0.0564001
122,874.834,1,9.27466,37.0302,11.5868,59.2957,0.179658,0.216328,0.610521,0.753332,0.275527,0.0555046
123,880.823,1,9.30655,36.5248,11.889,59.256,0.175109,0.214634,0.610425,0.756738,0.278037,0.0563624
124,876.838,1,9.3077,36.5696,11.9634,56.6809,0.177447,0.22229,0.594969,0.771543,0.273695,0.0560644
125,879.329,1,9.29066,36.2135,12.0164,59.0086,0.177707,0.224365,0.580085,0.752885,0.274429,0.0566059
126,873.708,1,9.29397,36.6355,11.7433,57.9487,0.1752,0.232149,0.586279,0.763115,0.276233,0.0551726
127,868.656,1,9.26402,36.6074,11.3912,56.6393,0.181156,0.232864,0.639299,0.787001,0.280335,0.0537756
128,875.799,1,9.26715,36.8408,11.1904,58.2565,0.176847,0.226967,0.644239,0.790743,0.283207,0.0528182
129,871.021,1,9.27666,36.7556,11.5856,56.2874,0.175733,0.226961,0.657277,0.83474,0.280657,0.0514808
130,869.487,1,9.26911,36.2345,11.4375,57.9983,0.175969,0.221214,0.683556,0.813604,0.279492,0.0513829
131,863.544,1,9.22754,36.0442,11.6499,61.3965,0.176208,0.220558,0.684175,0.796712,0.281434,0.0500819
132,870.06,1,9.17591,35.8582,11.4486,56.775,0.175908,0.215013,0.666851,0.847155,0.282768,0.0511155
133,873.263,1,9.21161,36.0082,11.3738,54.5305,0.171454,0.227812,0.649966,0.844865,0.283147,0.0520485
134,877.702,1,9.23127,36.0969,11.532,55.4619,0.16784,0.235858,0.633509,0.829324,0.278968,0.0540543
135,875.732,1,9.31492,36.461,11.4716,54.2252,0.16816,0.229886,0.617468,0.808325,0.281646,0.0541713
136,879.581,1,9.23398,36.09,11.513,53.9627,0.168606,0.229085,0.617423,0.787857,0.280316,0.0551604
137,875.144,1,9.32734,35.6425,12.3877,53.6551,0.167102,0.223982,0.60179,0.791256,0.280546,0.0540381
138,872.908,1,9.27465,35.3611,11.9211,52.1665,0.169967,0.219604,0.65848,0.771221,0.27699,0.0536691
139,867.229,1,9.31246,35.4573,12.3351,51.6645,0.169037,0.218775,0.642722,0.751693,0.280469,0.0523102
140,866.335,1,9.31403,35.5286,12.096,51.9342,0.169556,0.213236,0.635982,0.75753,0.283348,0.0515335
141,870.428,1,9.36055,35.6159,12.1188,51.0256,0.169192,0.215993,0.655667,0.753489,0.278734,0.052983
142,871.994,1,9.28609,36.0374,11.4258,49.689,0.165517,0.210524,0.65506,0.76741,0.278656,0.0537467
143,878.393,1,9.31906,35.9,11.7129,53.2311,0.164821,0.205194,0.651012,0.747979,0.283007,0.055456
144,871.468,1,9.35667,36.3965,11.4869,51.6395,0.16755,0.199998,0.666804,0.757485,0.276496,0.0545597
145,866.979,1,9.3552,35.588,12.1202,51.0856,0.175606,0.200583,0.64992,0.738305,0.28216,0.0531782
146,873.178,1,9.37353,35.1787,12.213,48.1239,0.173542,0.212681,0.648604,0.749777,0.283856,0.052806
147,871.485,1,9.35516,35.4583,11.98,50.1119,0.170584,0.207296,0.659516,0.732184,0.281571,0.0533074
148,863.77,1,9.37307,35.4432,12.6274,47.9284,0.176859,0.207563,0.644974,0.713644,0.277933,0.0519576
149,862.944,1,9.36563,35.4564,12.3485,48.2409,0.178168,0.211515,0.634277,0.723937,0.277063,0.0516174
150,865.2,1,9.33298,34.6721,12.6514,48.6629,0.180035,0.227092,0.661493,0.722978,0.281407,0.0505198
151,861.439,1,9.44341,35.4188,12.6842,48.9682,0.178855,0.224569,0.683046,0.720809,0.280503,0.049639
152,862.665,1,9.41404,36.0266,12.5643,51.3595,0.182028,0.23223,0.665751,0.72595,0.282221,0.0496162
153,872.999,1,9.42865,35.4513,12.8748,49.4425,0.180897,0.239883,0.648894,0.707569,0.283632,0.0520397
154,866.589,1,9.4138,34.7889,12.4393,48.4869,0.181127,0.240625,0.661476,0.689653,0.280872,0.0509355
155,870.84,1,9.38639,35.03,12.4526,49.4856,0.179255,0.239402,0.650133,0.705346,0.279583,0.0522857
156,869.996,1,9.42455,35.2581,12.87,47.4354,0.181526,0.23334,0.678979,0.720157,0.279644,0.0520298
157,871.402,1,9.40248,35.7857,12.4322,50.7835,0.184808,0.240854,0.694713,0.704918,0.283188,0.0510174
158,875.69,1,9.38906,35.6975,12.1808,50.4427,0.188381,0.246149,0.69852,0.708664,0.283696,0.0516698
159,868.541,1,9.32479,35.8529,12.0321,51.0389,0.189723,0.239917,0.680833,0.69072,0.277718,0.0519716
160,867.078,1,9.36723,34.7917,12.6933,50.9611,0.186072,0.233842,0.674479,0.673231,0.280503,0.0512419
161,863.918,1,9.38075,35.3191,12.8301,52.649,0.185138,0.227921,0.657401,0.670278,0.279071,0.0513104
162,872.06,1,9.3921,35.5639,12.497,50.9723,0.186663,0.245355,0.640755,0.703626,0.280216,0.0523535
163,865.846,1,9.42222,36.0053,11.7955,51.2134,0.181937,0.242412,0.660851,0.689641,0.278892,0.0510279
164,874.449,1,9.43049,36.4259,11.6151,50.8923,0.18232,0.242495,0.67992,0.672179,0.280961,0.0529568
165,864.406,1,9.44533,36.3878,11.4337,48.726,0.183815,0.250468,0.683736,0.655159,0.278429,0.0516159
166,873.049,1,9.45314,35.8266,11.7424,49.0461,0.186467,0.257576,0.687615,0.63857,0.284381,0.0515893
167,870.797,1,9.43132,35.9925,11.698,50.384,0.187397,0.256155,0.683751,0.639743,0.282335,0.0512872
168,863.009,1,9.42121,36.1365,11.3032,51.0861,0.186002,0.249669,0.666438,0.623544,0.280404,0.0507078
169,861.849,1,9.45031,36.0294,12.0517,50.6631,0.184541,0.243348,0.649563,0.607755,0.278794,0.0513231
170,869.465,1,9.50523,36.0347,12.1092,52.6301,0.186211,0.237186,0.639228,0.610226,0.28013,0.0529617
171,865.529,1,9.50608,36.0628,12.2515,50.3424,0.185348,0.23118,0.669799,0.603818,0.277819,0.0524599
172,864.335,1,9.45609,35.7172,12.0275,49.9038,0.185793,0.231008,0.662206,0.588529,0.278835,0.0524327
173,864.64,1,9.44436,36.3765,11.8897,47.0687,0.185529,0.242141,0.658653,0.582221,0.278929,0.0517506
174,864.78,1,9.47215,36.0275,12.1635,44.7326,0.185777,0.243463,0.648375,0.569915,0.278553,0.0520827
175,869.44,1,9.48168,35.4699,12.3251,46.0882,0.183486,0.250334,0.655121,0.601581,0.281232,0.0522285
176,866.942,1,9.48948,35.3445,13.0127,44.8107,0.181566,0.243995,0.645554,0.586348,0.281503,0.0528149
177,868.473,1,9.51428,35.4554,12.9915,44.8332,0.180994,0.237817,0.668137,0.571502,0.278505,0.0534136
178,859.757,1,9.48086,34.4097,12.8967,44.4705,0.182673,0.234559,0.651219,0.579065,0.28109,0.0520612
179,859.783,1,9.48677,34.373,13.2624,44.7322,0.184152,0.238964,0.647163,0.592842,0.28244,0.050743
180,866.149,1,9.48747,34.3487,13.1612,43.8812,0.18174,0.240283,0.649924,0.593107,0.285653,0.0510917
181,862.853,1,9.4814,35.1009,13.0539,42.5346,0.184412,0.234199,0.655913,0.589896,0.27842,0.0523013
182,861.243,1,9.47083,34.4459,12.8273,46.0201,0.179742,0.237795,0.643739,0.594981,0.282337,0.050977
183,863.163,1,9.50709,34.5411,12.9718,44.5175,0.179637,0.236951,0.627439,0.612638,0.282851,0.0511511
184,857.143,1,9.50104,34.5247,13.0223,43.3839,0.183002,0.231204,0.611552,0.597126,0.284221,0.0498845
185,867.658,1,9.48509,35.1417,13.0691,45.7406,0.187225,0.23012,0.641261,0.602931,0.279849,0.0526331
186,864.768,1,9.47655,35.3315,12.6954,47.3357,0.18712,0.237025,0.625024,0.587664,0.281316,0.0521903
187,860.477,1,9.50349,35.4622,12.6304,46.9885,0.185538,0.239446,0.68838,0.572784,0.278381,0.0508688
188,859.692,1,9.51013,35.0737,13.08,47.0603,0.185831,0.233383,0.67095,0.558281,0.277143,0.0517199
189,856.339,1,9.51898,34.0953,13.4555,44.0114,0.181126,0.231634,0.659579,0.545383,0.282277,0.0504104
190,853.34,1,9.54418,34.3775,13.2335,42.9729,0.182319,0.225769,0.670898,0.531574,0.279615,0.0503247
191,859.327,1,9.54718,34.3244,13.5657,41.0096,0.181881,0.22635,0.692526,0.520534,0.278092,0.0516062
192,857.477,1,9.51792,33.9135,13.021,44.0135,0.189537,0.220618,0.704271,0.544288,0.27669,0.0510286
193,859.997,1,9.52328,34.1405,13.3546,45.1821,0.186367,0.239532,0.686438,0.530506,0.283917,0.0503024
194,854.77,1,9.50527,33.9407,13.499,44.4584,0.187637,0.233467,0.692389,0.53151,0.283995,0.0491878
195,858.984,1,9.5054,33.823,13.9393,45.2265,0.186633,0.237029,0.708293,0.524189,0.282452,0.0499912
196,855.054,1,9.52819,33.8603,13.432,47.5511,0.189762,0.237439,0.705876,0.543297,0.277316,0.0495457
197,855.812,1,9.53544,33.9668,13.3012,48.7503,0.184957,0.236927,0.688003,0.52954,0.276171,0.0507999
198,852.834,1,9.48043,34.273,13.0999,47.3958,0.18272,0.232246,0.692543,0.516132,0.277902,0.0499502
199,856.579,1,9.48341,34.1684,13.5046,44.4515,0.188794,0.231927,0.720907,0.503063,0.278202,0.051025
200,857.683,1,9.55571,33.858,13.7572,42.9938,0.190534,0.234677,0.737286,0.490325,0.282161,0.0502225
201,859.599,1,9.56639,33.5845,14.3246,44.2732,0.187049,0.235548,0.718617,0.47791,0.281556,0.0513513
202,859.205,1,9.55995,33.2105,14.4689,40.2575,0.185306,0.235926,0.700421,0.482082,0.28001,0.0516999
203,853.786,1,9.53454,33.5917,13.9172,40.9064,0.187673,0.229952,0.682686,0.469876,0.279744,0.0509987
204,846.718,1,9.54321,33.8463,13.6654,42.2552,0.186741,0.22413,0.6654,0.51583,0.275476,0.0497073
205,855.835,1,9.5064,34.3996,13.3996,43.818,0.182012,0.234358,0.648552,0.506585,0.283332,0.0505318
206,857.974,1,9.50928,33.873,13.6916,44.8009,0.183526,0.239232,0.647379,0.493758,0.281693,0.051085
207,860.089,1,9.53659,34.1185,13.9442,44.1044,0.184561,0.233175,0.643836,0.509963,0.281101,0.0519075
208,847.8,1,9.57344,33.4718,14.2295,42.7894,0.185179,0.227271,0.659503,0.506262,0.278539,0.0505932
209,855.418,1,9.57081,34.0062,13.9996,44.7535,0.182633,0.239641,0.662511,0.514089,0.280386,0.0501415
210,863.296,1,9.55201,34.2142,13.3952,43.3363,0.186474,0.258354,0.742659,0.501072,0.285026,0.0502469
211,860.129,1,9.57108,33.6691,13.4918,41.2987,0.190275,0.251813,0.740213,0.521885,0.281545,0.0499892
212,860.7,1,9.56265,33.9331,13.4038,42.4235,0.189691,0.250543,0.731594,0.508671,0.281415,0.0505328
213,861.445,1,9.56049,34.2503,13.6681,45.4821,0.190968,0.248932,0.71307,0.495791,0.283464,0.0507143
214,863.405,1,9.52797,34.3345,13.4845,40.9803,0.187411,0.24799,0.695014,0.483237,0.280288,0.0526711
215,852.775,1,9.50988,33.6562,13.3153,39.8986,0.184281,0.241711,0.690177,0.471001,0.278487,0.0513374
216,856.52,1,9.54931,33.5782,14.2268,39.017,0.183369,0.237997,0.681188,0.504814,0.277148,0.0509643
217,852.516,1,9.56789,33.4511,14.0801,39.9533,0.1886,0.232813,0.683499,0.493525,0.280016,0.0496739
218,859.511,1,9.58131,33.4928,13.7333,39.868,0.187745,0.226954,0.670183,0.517072,0.278553,0.0516065
219,860.116,1,9.57551,34.5063,13.3695,41.2512,0.190681,0.225624,0.659771,0.503979,0.282045,0.0519323
220,858.916,1,9.57187,34.3539,13.4474,43.4243,0.191919,0.234302,0.645206,0.491218,0.277055,0.0527839
221,867.853,1,9.54852,34.4916,13.2142,42.3021,0.192911,0.248807,0.674693,0.480944,0.279351,0.0532888
222,854.812,1,9.553,34.0131,13.0563,43.6509,0.192363,0.242507,0.700697,0.472831,0.278047,0.0519395
223,865.934,1,9.57925,34.014,13.487,43.9589,0.187492,0.240393,0.70559,0.46671,0.277125,0.0536379
224,868.306,1,9.5668,33.4128,13.7357,45.272,0.186407,0.241835,0.702979,0.454893,0.278845,0.0544955
225,866.459,1,9.60652,34.5293,13.7891,43.3756,0.184395,0.254058,0.688205,0.488824,0.276089,0.053446
226,865.841,1,9.60072,33.9799,13.6558,46.1618,0.187419,0.247625,0.706716,0.476447,0.275463,0.0541511
227,869.169,1,9.58473,33.5169,13.4212,43.778,0.193787,0.241355,0.713803,0.464383,0.27844,0.0541473
228,872.597,1,9.60566,33.836,13.649,42.1818,0.190442,0.247927,0.728734,0.452625,0.275922,0.055409
229,867.183,1,9.54275,33.8101,13.2255,41.2686,0.186097,0.241649,0.770028,0.441164,0.281707,0.054006
230,871.678,1,9.61275,34.0843,12.9333,41.7209,0.187866,0.243128,0.786173,0.450535,0.282912,0.0533645
231,856.105,1,9.55733,34.0876,13.4252,43.1369,0.19263,0.236972,0.781518,0.439127,0.276321,0.0520132
232,856.016,1,9.53743,34.0175,13.5425,41.0362,0.187752,0.232106,0.76173,0.428008,0.275568,0.0523594
233,857.95,1,9.55585,34.3603,13.3747,41.5562,0.189191,0.238108,0.742442,0.417171,0.277493,0.0528835
234,852.874,1,9.5613,34.5341,13.0565,42.5702,0.19152,0.232552,0.723643,0.461799,0.280115,0.0515444
235,861.991,1,9.51769,34.1273,13.509,42.4401,0.190334,0.2564,0.70532,0.478682,0.275325,0.0520575
236,866.948,1,9.51203,34.6372,12.9347,41.8448,0.190645,0.252008,0.69768,0.497422,0.281379,0.0521506
237,859.993,1,9.50398,34.2317,12.8941,40.7973,0.191054,0.252026,0.680014,0.484827,0.280676,0.0518237
238,859.831,1,9.54482,35.5759,12.2204,41.4299,0.192657,0.245645,0.662796,0.472551,0.283969,0.0516637
239,856.636,1,9.52494,35.5158,12.0443,41.9971,0.194098,0.244872,0.646013,0.460586,0.276779,0.0521929
240,859.393,1,9.51456,35.3044,11.9557,41.3913,0.192719,0.238672,0.634103,0.465924,0.277892,0.0526451
241,862.882,1,9.53061,35.159,12.1972,41.3969,0.187839,0.232628,0.618047,0.454126,0.279962,0.0540035
242,859.42,1,9.53293,35.0146,12.4696,39.803,0.186926,0.229231,0.61139,0.479693,0.27649,0.0531784
243,858.013,1,9.53349,35.2973,11.933,43.0693,0.190583,0.226217,0.631073,0.467547,0.279817,0.0521649
244,863.795,1,9.55168,36.0791,11.5534,43.5628,0.19108,0.22604,0.643798,0.499439,0.28286,0.0524004
245,858.461,1,9.53245,35.3399,12.0846,44.4974,0.195226,0.220317,0.650941,0.486793,0.278861,0.052497
246,866.484,1,9.49062,35.8563,11.6741,45.5423,0.191303,0.232297,0.688554,0.474467,0.278065,0.0540735
247,864.79,1,9.47751,35.4894,11.809,43.9227,0.197525,0.23535,0.731381,0.462453,0.28294,0.0527043
248,873.12,1,9.50211,35.7339,11.6306,43.0047,0.195321,0.229391,0.738865,0.465833,0.283351,0.0540817
249,863.709,1,9.51552,35.8513,11.2375,45.0678,0.196667,0.239757,0.776104,0.454038,0.280451,0.0527123
250,853.039,1,9.49364,35.9058,11.3141,45.7877,0.193632,0.233686,0.756452,0.442541,0.281281,0.0513776
251,854.437,1,9.52049,36.2081,11.3486,48.3838,0.194069,0.229019,0.737298,0.431336,0.278855,0.0511193
252,857.24,1,9.44762,35.5054,11.8141,48.0913,0.198752,0.22322,0.71863,0.420414,0.278192,0.0523221
253,858.403,1,9.43292,35.1502,11.5377,48.8975,0.202253,0.217568,0.722685,0.43566,0.280037,0.0515941
254,857.203,1,9.43206,35.5778,11.557,49.1332,0.199382,0.219448,0.721055,0.427259,0.282298,0.0509851
255,859.16,1,9.49159,35.7949,11.9455,49.7221,0.196973,0.229398,0.744729,0.433032,0.280943,0.0511725
256,869.623,1,9.50077,35.8243,11.7041,48.3957,0.195114,0.223589,0.745997,0.426528,0.27984,0.0546589
257,871.84,1,9.45146,36.0035,11.468,45.8979,0.19753,0.234141,0.762164,0.432807,0.280804,0.0542624
258,856.41,1,9.50448,35.8532,12.0786,44.6441,0.196018,0.236478,0.742866,0.421848,0.277008,0.0528884
259,863.711,1,9.48878,36.1082,12.1014,44.7283,0.191965,0.23284,0.724056,0.422971,0.27832,0.0536106
260,860.302,1,9.49566,35.1399,11.9346,43.2858,0.192556,0.226944,0.705723,0.412261,0.280707,0.0527025
261,858.045,1,9.55864,35.3526,12.5608,43.9344,0.188941,0.23392,0.695656,0.401822,0.284145,0.051579
262,851.669,1,9.51951,34.7352,12.836,43.3353,0.186993,0.233911,0.718658,0.427735,0.279825,0.050273
263,847.212,1,9.57338,34.5337,13.0656,42.664,0.184851,0.227989,0.722247,0.431196,0.278582,0.0495858
264,848.77,1,9.58794,34.7828,13.145,42.4563,0.188248,0.231056,0.758735,0.437975,0.278071,0.0490887
265,853.466,1,9.53932,33.8631,13.6519,40.943,0.189074,0.238371,0.739523,0.460644,0.278734,0.0497906
266,858.503,1,9.54632,33.7267,13.6566,41.7252,0.18884,0.242701,0.735511,0.44898,0.284521,0.0504164
267,857.381,1,9.5826,34.0219,13.7538,40.7252,0.193856,0.240029,0.730086,0.437612,0.285967,0.0500549
268,856.495,1,9.54308,33.9086,13.3297,40.8851,0.190086,0.23405,0.7116,0.426531,0.285413,0.0505859
269,855.037,1,9.53018,34.2869,13.2152,42.4781,0.19406,0.228123,0.695758,0.450885,0.281657,0.0504142
270,858.999,1,9.53377,34.5923,13.8113,41.6522,0.189146,0.23993,0.681753,0.486652,0.279237,0.0512452
271,846.653,1,9.5782,33.4157,14.3486,44.6167,0.185106,0.233855,0.707121,0.474329,0.280491,0.0499477
272,852.806,1,9.56207,33.4881,14.5913,45.2703,0.190012,0.231779,0.689216,0.462319,0.279186,0.0506742
273,854.222,1,9.54283,33.6093,13.9935,44.5504,0.190111,0.235394,0.686217,0.466042,0.278574,0.0504533
274,850.549,1,9.54494,33.2689,14.6791,42.1009,0.185297,0.244868,0.694996,0.454242,0.280588,0.049409
275,851.217,1,9.54474,32.6706,14.9114,41.7403,0.190023,0.239604,0.681359,0.461354,0.282974,0.0489129
276,847.05,1,9.55896,32.8278,15.155,38.7487,0.186813,0.243905,0.677481,0.463741,0.284862,0.0476744
277,850.699,1,9.54786,32.6931,14.9594,38.3145,0.188336,0.263072,0.660327,0.456835,0.281118,0.0488367
278,852.726,1,9.56333,32.9387,14.9251,38.8511,0.186411,0.261436,0.646111,0.45142,0.280367,0.0497979
279,845.169,1,9.53978,33.6599,14.4025,38.1769,0.187831,0.254817,0.629752,0.469287,0.281884,0.048537
280,851.858,1,9.56662,34.2958,13.7347,37.3966,0.18521,0.248365,0.613806,0.457404,0.281962,0.0502073
281,856.862,1,9.57344,34.6987,13.6242,38.7555,0.185218,0.242076,0.61543,0.446979,0.279452,0.0521236
282,854.234,1,9.55979,34.3567,13.662,39.7502,0.185929,0.24447,0.631287,0.436574,0.279101,0.0513284
283,852.516,1,9.57857,34.4214,13.8548,40.5188,0.185989,0.23828,0.634871,0.472283,0.281156,0.0502473
284,848.618,1,9.57646,34.0392,13.8943,41.4939,0.186105,0.232247,0.658627,0.460325,0.279593,0.0497492
285,850.497,1,9.52193,34.2446,13.4591,42.9222,0.182772,0.226366,0.670894,0.451454,0.283208,0.0501611
286,849.165,1,9.54562,34.1998,13.6674,45.3971,0.183271,0.220634,0.66628,0.458965,0.278345,0.0506315
287,848.82,1,9.51986,34.5373,13.3206,42.1873,0.186659,0.215048,0.657195,0.447344,0.277786,0.0514669
288,853.407,1,9.56004,34.0344,13.7955,41.713,0.184589,0.209603,0.717881,0.436017,0.277692,0.0518893
289,856.97,1,9.52525,33.4726,14.1619,41.6682,0.187277,0.204986,0.731326,0.424977,0.275309,0.0535147
290,867.293,1,9.5105,33.7449,13.996,41.5198,0.189909,0.210258,0.771932,0.443002,0.276487,0.0547059
291,869.024,1,9.54799,33.7385,14.1763,42.6353,0.192555,0.204934,0.788039,0.431785,0.277421,0.0562442
292,856.526,1,9.53466,34.2947,13.1472,45.1192,0.18768,0.20246,0.768086,0.420852,0.274737,0.05482
293,862.537,1,9.51101,34.6188,12.5836,45.1627,0.190905,0.199578,0.754513,0.410196,0.278529,0.0547168
294,861.459,1,9.52237,33.998,13.2566,45.431,0.19159,0.210039,0.794358,0.39981,0.277633,0.0538885
295,868.922,1,9.45886,34.0722,13.0305,44.9948,0.190685,0.204721,0.794376,0.411328,0.27637,0.055966
296,868.28,2,9.45908,34.1267,12.959,46.7228,0.189641,0.202108,0.774262,0.400913,0.282058,0.0552921
297,865.644,2,9.54765,34.1991,13.2934,47.1129,0.189842,0.204626,0.754657,0.390762,0.280383,0.0551331
298,872.524,2,9.51819,34.6521,13.0868,47.0088,0.192796,0.19529,0.769853,0.396655,0.279176,0.0570282
299,864.038,2,9.55736,34.3691,12.5565,45.9551,0.188506,0.209056,0.794812,0.374018,0.281249,0.0541138
300,858.567,2,9.52286,33.7887,13.0499,45.9591,0.188883,0.206796,0.777478,0.352848,0.281172,0.0533359
301,866.889,2,9.52933,33.9259,12.9983,46.5908,0.190854,0.205144,0.804911,0.373937,0.284487,0.0540242
302,865.346,2,9.56232,34.3118,12.883,46.3746,0.193505,0.207839,0.771959,0.349252,0.286386,0.0540781
303,860.748,2,9.56609,34.1004,13.1892,45.0906,0.193865,0.227582,0.752124,0.379475,0.280213,0.0530136
304,867.457,2,9.57279,34.1373,13.5838,45.274,0.195995,0.228866,0.752666,0.384016,0.281602,0.0538739
305,863.235,2,9.58673,34.0726,13.7189,43.5801,0.196245,0.226596,0.77192,0.354644,0.283247,0.0533646
306,863.128,2,9.57517,33.8283,13.5668,44.3708,0.193574,0.2351,0.763915,0.336818,0.279009,0.0543197
307,863.52,2,9.54834,34.238,13.3532,44.3213,0.190019,0.224665,0.753313,0.334722,0.277132,0.0553898
308,866.281,2,9.5567,34.611,13.3081,43.1271,0.19008,0.21702,0.728726,0.327022,0.275805,0.0569541
309,860.089,2,9.5641,34.711,12.9882,42.1048,0.188288,0.216376,0.713237,0.342255,0.275855,0.0558391
310,865.013,2,9.55954,34.892,12.5046,43.1202,0.188435,0.211369,0.704221,0.352958,0.277977,0.0559944
311,860.646,2,9.54105,34.8441,12.3808,44.3436,0.185483,0.208653,0.709462,0.358619,0.280024,0.0550884
312,872.619,2,9.5226,34.7474,12.4744,45.3137,0.188343,0.219747,0.705745,0.374499,0.28028,0.0559287
313,867.361,2,9.54701,34.8881,12.6214,44.467,0.189849,0.214922,0.737475,0.371795,0.278114,0.0560827
314,865.261,2,9.53367,34.9408,12.4307,45.0564,0.188589,0.216019,0.725469,0.374168,0.27709,0.0560239
315,865.161,2,9.53682,35.2804,12.2198,44.074,0.186944,0.217107,0.724015,0.379141,0.279111,0.0553851
316,866.443,2,9.53351,35.2761,12.2832,44.9473,0.189123,0.217792,0.720228,0.377488,0.27896,0.0554497
317,858.827,2,9.50878,35.2503,12.2336,44.6142,0.188667,0.216306,0.70094,0.383557,0.278331,0.0548554
318,855.1,2,9.5,35.1211,12.2115,44.6438,0.190621,0.219597,0.685387,0.376117,0.279289,0.053917
319,861.855,2,9.50916,35.255,12.1439,44.0871,0.192128,0.220919,0.687748,0.39317,0.279144,0.0536955
320,859.033,2,9.51015,35.4014,12.0282,43.9637,0.194143,0.223753,0.673724,0.395105,0.279259,0.0534592
321,852.258,2,9.52289,35.3604,12.0186,43.8165,0.194059,0.226913,0.657503,0.416123,0.277869,0.0527099
322,850.91,2,9.54655,35.304,12.3082,43.3334,0.194107,0.225834,0.649192,0.414654,0.277376,0.0523906
323,853.954,2,9.5668,35.3993,12.4858,42.9772,0.19561,0.227109,0.647582,0.420037,0.276523,0.0522616
324,857.808,2,9.55731,35.2443,12.5091,42.8275,0.19537,0.229107,0.655932,0.429284,0.277216,0.0520416
325,854.762,2,9.55056,35.0279,12.712,42.5906,0.19413,0.231527,0.671617,0.438545,0.276781,0.0516941
326,851.281,2,9.56257,34.7279,12.877,42.258,0.193229,0.230504,0.682214,0.433027,0.277858,0.0512599
327,855.485,2,9.57365,34.6656,12.9301,42.9274,0.191823,0.236271,0.683222,0.437926,0.278901,0.0509184
328,850.814,2,9.57221,34.7114,12.8949,42.704,0.190447,0.241735,0.682355,0.434588,0.279769,0.0504899
329,850.055,2,9.56349,34.6923,12.7151,42.8254,0.190276,0.245509,0.671976,0.427908,0.280492,0.0502735
330,855.583,2,9.54826,34.6892,12.747,42.4782,0.18985,0.244516,0.669209,0.446503,0.281477,0.0500063
331,858.044,2,9.55232,34.7436,12.849,42.4387,0.188634,0.244475,0.66446,0.452933,0.28123,0.0502595
332,858.749,2,9.55661,34.7177,12.9046,42.4182,0.188442,0.244214,0.66481,0.455311,0.281636,0.0503534
333,855.213,2,9.54983,34.6166,12.9887,42.4979,0.188768,0.242751,0.67186,0.456419,0.28085,0.0504327
334,848.374,2,9.54717,34.578,12.9581,42.5208,0.189326,0.24123,0.683076,0.452436,0.280732,0.0501548
335,851.682,2,9.54508,34.5416,13.0011,42.422,0.189319,0.239706,0.68942,0.447263,0.280768,0.0501193
336,847.489,2,9.54305,34.4647,13.0113,42.0805,0.189706,0.238643,0.69731,0.445499,0.280984,0.0498289
337,859.996,2,9.54617,34.4484,13.0249,42.0948,0.190173,0.237635,0.703866,0.446101,0.281639,0.0498762
338,859.099,2,9.54399,34.4271,13.0322,42.0965,0.19036,0.237531,0.707726,0.446385,0.281479,0.0500158
339,858.831,2,9.54442,34.4493,12.9845,42.3446,0.190219,0.236712,0.712442,0.446243,0.281866,0.0500552
340,851.07,2,9.54491,34.4634,12.9553,42.3884,0.19013,0.23521,0.711413,0.448989,0.282034,0.0499379
341,851.573,2,9.5445,34.4576,12.9092,42.4489,0.189909,0.234495,0.709988,0.450293,0.281901,0.0499109
342,850.486,2,9.54357,34.5028,12.8503,42.4272,0.189569,0.232403,0.702836,0.45015,0.281691,0.0500128
343,854.66,2,9.5429,34.5168,12.8621,42.4344,0.189214,0.231319,0.699351,0.45091,0.281552,0.050124
344,857.5,2,9.54451,34.4814,12.8971,42.3513,0.188828,0.230007,0.699893,0.450241,0.281556,0.0502554
345,853.481,2,9.54892,34.4664,12.9798,42.2626,0.188763,0.229459,0.704577,0.448121,0.281538,0.0502493
346,850.07,2,9.55006,34.3938,13.0584,42.2826,0.188853,0.22834,0.708992,0.444249,0.28144,0.050243
347,856.563,2,9.55096,34.3684,13.0837,42.2611,0.188926,0.228114,0.710831,0.443791,0.28146,0.0502461
348,854.099,2,9.55104,34.3581,13.0994,42.3006,0.188991,0.227757,0.713289,0.442278,0.281482,0.0502513
349,858.155,2,9.55178,34.3563,13.1125,42.3592,0.189059,0.227731,0.714625,0.440834,0.281451,0.0502857
350,864.231,2,9.55231,34.347,13.1237,42.4323,0.189097,0.227983,0.716443,0.440368,0.281462,0.050313
351,860.446,2,9.55213,34.3365,13.1304,42.4246,0.189105,0.227921,0.71806,0.440314,0.281453,0.0503303
352,850.922,2,9.55111,34.333,13.1295,42.4719,0.18918,0.227814,0.719688,0.440029,0.28139,0.0503144
353,851.582,2,9.55056,34.328,13.1242,42.537,0.18929,0.227635,0.7207,0.440184,0.281328,0.0503017
354,855.128,2,9.5505,34.3373,13.1226,42.5865,0.189365,0.227523,0.720635,0.44019,0.281294,0.0503128
355,848.669,2,9.55036,34.3403,13.1138,42.6278,0.189439,0.227209,0.720785,0.439886,0.281292,0.0502989
356,847.814,2,9.54973,34.3502,13.1016,42.6702,0.189432,0.22703,0.721171,0.439725,0.281252,0.0502831
357,860.312,2,9.54899,34.3578,13.0923,42.6972,0.189532,0.227204,0.721866,0.439126,0.28127,0.0503001
358,864.129,2,9.54854,34.3557,13.0924,42.7772,0.189685,0.227183,0.722104,0.440389,0.281325,0.050304
359,861.025,2,9.54764,34.3536,13.0974,42.8431,0.189771,0.227209,0.722461,0.440776,0.281356,0.0503122
360,856.278,2,9.54729,34.35,13.1043,42.8913,0.189866,0.22725,0.723495,0.440666,0.281318,0.0503131
361,854.571,2,9.54703,34.3546,13.0981,42.9528,0.189949,0.227243,0.723197,0.440807,0.281306,0.0503132
362,863.315,2,9.54696,34.3611,13.0944,43.0192,0.190027,0.227326,0.723274,0.440811,0.281264,0.0503493
363,853.129,2,9.5471,34.3621,13.0912,43.0548,0.190068,0.227509,0.723588,0.439871,0.281266,0.0503481
364,861.572,2,9.54731,34.3644,13.0923,43.0568,0.19008,0.227656,0.724625,0.439516,0.281266,0.0503652
365,862.063,2,9.54771,34.3641,13.0967,43.0748,0.19005,0.227673,0.725558,0.439479,0.281298,0.0503791
366,859.434,2,9.54712,34.3579,13.1055,43.078,0.190036,0.227778,0.72597,0.439584,0.281334,0.0503813
367,859.01,2,9.54683,34.3595,13.1057,43.0871,0.190062,0.22803,0.726284,0.439585,0.281364,0.0503791
368,849.764,2,9.54659,34.354,13.1054,43.0901,0.19007,0.228181,0.726187,0.439765,0.281379,0.0503507
369,842.824,2,9.54642,34.3468,13.1142,43.0932,0.190115,0.228082,0.726473,0.439536,0.281348,0.0503155
370,853.661,2,9.54663,34.3371,13.1223,43.0826,0.190169,0.22806,0.726627,0.439098,0.281389,0.0503088
371,856.581,2,9.54669,34.3282,13.1281,43.0767,0.190203,0.228043,0.727101,0.438966,0.281436,0.0503038
372,855.226,2,9.54648,34.323,13.1237,43.0948,0.190271,0.228147,0.727737,0.43904,0.281418,0.0502955
373,846.192,2,9.5469,34.3212,13.1186,43.0982,0.190376,0.228408,0.727897,0.438406,0.281416,0.0502637
374,848.757,2,9.54676,34.3146,13.1151,43.0727,0.190452,0.22843,0.728179,0.437721,0.281409,0.0502504
375,853.918,2,9.54668,34.3115,13.1174,43.0555,0.19045,0.228446,0.728353,0.43712,0.281374,0.0502622
376,852.284,2,9.54653,34.303,13.1208,43.0722,0.190435,0.228428,0.728808,0.436254,0.281378,0.0502652
377,852.261,2,9.54622,34.3038,13.122,43.0938,0.190455,0.228306,0.729522,0.435603,0.281368,0.0502668
378,852.968,2,9.54619,34.3091,13.1213,43.0942,0.190469,0.228267,0.729323,0.435335,0.281347,0.0502728
379,844.357,2,9.54615,34.311,13.1247,43.0995,0.190417,0.22811,0.729442,0.434519,0.281279,0.0502726
380,853.58,2,9.54571,34.3109,13.1222,43.0769,0.190429,0.228082,0.729463,0.4344,0.281235,0.0502803
381,850.605,2,9.54545,34.3106,13.1209,43.0926,0.190462,0.228025,0.729736,0.434507,0.281244,0.0502635
382,856.22,2,9.54517,34.3039,13.128,43.1178,0.190473,0.227941,0.730418,0.4343,0.281273,0.0502632
383,853.086,2,9.54556,34.3033,13.133,43.1312,0.190473,0.227915,0.730762,0.433946,0.281217,0.0502728
384,856.114,2,9.54591,34.3029,13.1389,43.1412,0.190457,0.227887,0.730561,0.434169,0.281167,0.050287
385,853.545,2,9.54614,34.3077,13.1404,43.1309,0.190455,0.228031,0.730488,0.433806,0.281132,0.0502932
386,844.145,2,9.5464,34.3103,13.1408,43.1259,0.190455,0.228131,0.729951,0.433688,0.28112,0.0502702
387,853.652,2,9.546,34.3114,13.1408,43.1186,0.190478,0.22803,0.729416,0.433735,0.281121,0.0502753
388,853.356,2,9.54593,34.3161,13.1389,43.1047,0.190524,0.228128,0.728628,0.433743,0.281153,0.0502701
389,853.171,2,9.5455,34.3223,13.1332,43.1236,0.190575,0.228223,0.727779,0.433905,0.28116,0.0502669
390,852.909,2,9.54528,34.3219,13.133,43.1156,0.190515,0.228209,0.727281,0.433978,0.281173,0.0502676
391,855.078,2,9.54556,34.3258,13.1361,43.0836,0.1905,0.228355,0.726525,0.434321,0.2812,0.050263
392,849.661,2,9.54585,34.3302,13.1389,43.0572,0.190452,0.228328,0.725682,0.434364,0.281211,0.0502593
393,854.697,2,9.5458,34.3352,13.1298,43.0395,0.190458,0.228296,0.725121,0.434352,0.281206,0.0502682
394,868.941,2,9.54533,34.3388,13.1238,43.0214,0.190417,0.228449,0.724717,0.434857,0.281188,0.0503033
395,866.59,2,9.54509,34.3443,13.1143,43.0175,0.190454,0.228709,0.724299,0.434967,0.281223,0.0503219
396,864.109,2,9.54503,34.3513,13.1054,42.9956,0.190468,0.228973,0.723926,0.435228,0.281197,0.0503425
397,863.759,2,9.54477,34.3542,13.1066,42.9904,0.190467,0.22912,0.723539,0.435151,0.281194,0.0503674
398,860.069,2,9.54474,34.3556,13.1073,43.0157,0.190456,0.229276,0.723508,0.434951,0.281175,0.0503839
399,851.245,2,9.54505,34.3606,13.111,43.0296,0.190462,0.229383,0.723638,0.434601,0.281127,0.0503848
400,856.838,2,9.54518,34.3652,13.1108,43.0166,0.190444,0.229506,0.723237,0.434467,0.281094,0.0503994
401,853.76,2,9.54562,34.3705,13.1117,43.0054,0.190407,0.229566,0.722789,0.434485,0.28103,0.0504124
402,859.763,2,9.54611,34.3671,13.1176,43.0233,0.190343,0.229727,0.722635,0.434772,0.281024,0.0504203
403,858.452,2,9.5465,34.3611,13.1268,43.0426,0.190291,0.229877,0.722803,0.43467,0.281012,0.0504288
404,849.997,2,9.54706,34.3577,13.1366,43.0532,0.190246,0.230092,0.722988,0.434605,0.281009,0.0504123
405,862.761,2,9.5477,34.3475,13.1449,43.0567,0.19024,0.230461,0.723125,0.434482,0.281026,0.050418
406,851.613,2,9.54802,34.3366,13.1544,43.057,0.190266,0.230692,0.723108,0.434194,0.280997,0.0504127
407,858.193,2,9.54813,34.3268,13.1676,43.0558,0.190257,0.231034,0.723101,0.43396,0.280978,0.0504178
408,862.564,2,9.54839,34.3192,13.1725,43.0656,0.190268,0.231382,0.723162,0.43422,0.280963,0.0504226
409,859.455,2,9.54827,34.3109,13.1747,43.0697,0.190235,0.231591,0.723022,0.43409,0.280993,0.0504261
410,861.823,2,9.5484,34.3056,13.1785,43.073,0.1902,0.231867,0.723057,0.433669,0.281013,0.0504378
411,863.435,2,9.54828,34.3011,13.1821,43.0651,0.190227,0.232147,0.722788,0.433338,0.281022,0.0504538
412,861.615,2,9.54828,34.2991,13.1839,43.06,0.190233,0.232277,0.722695,0.432783,0.281021,0.0504749
413,856.993,2,9.54803,34.2977,13.1806,43.0795,0.190259,0.232573,0.72245,0.432444,0.281017,0.0504777
