rep,id,Cl,V1,Q,V2
1,1,5.04465237214111,100.072754811182,3.17730547102392,46.1303664236293
2,1,3.29641811475016,28.9827610431472,22.6448615660046,132.668991231982
3,1,1.38834221443345,67.5760616549384,5.01760199437383,559.305136487245
4,1,3.62355914451326,36.3079376675061,22.3905685388984,89.4069434422629
5,1,3.2417338858376,16.4791596859608,22.6704040329479,264.458050878435
6,1,2.72255767905779,38.2838309308994,2.75928851878182,2935.57029406872
7,1,2.26108677286031,145.611482564297,45.7811400239837,17.0159844118376
8,1,4.62225163552553,27.8187318875062,8.08727213602877,82.2507448860452
9,1,5.28389509224213,30.0350643773759,25.582466524451,113.397037466331
10,1,3.61014811771223,32.8545644404791,1.89056324317052,339.122080308235
1,2,13.6549612340504,20.3135177853982,170.916365482431,51.1377135311104
2,2,13.7927751511241,100.663836867586,14.4138711952492,69.4951166369118
3,2,16.4054505820674,58.9412854942705,19.3145776901453,48.667362356065
4,2,15.0651787268181,66.7124858843974,3.62341845555475,128.301614979034
5,2,8.36863196111496,72.6350490803024,34.0950226590932,858.167827184257
6,2,11.0269051062795,28.5961711830451,13.4947572255837,19.5545925845752
7,2,13.9855227766293,53.8235267908114,12.0609224899155,328.574733470705
8,2,12.5545228533359,46.0167223000138,11.8995548387185,54.5567124485512
9,2,13.5862465967828,47.7375037157508,8.28962579531569,131.177402509403
10,2,13.3831200079051,23.7347980179926,24.3336768479957,88.4571663111532
1,3,5.90407851671984,35.7727653798461,7.20745836515212,1150.39529569339
2,3,3.12635251144437,60.6248137674653,22.5601068530775,1794.41138560702
3,3,10.8209595064119,63.9510392376877,5.56329122844235,251.061787740313
4,3,3.13267121847825,48.4027037523348,18.8000289667038,1543.78862646607
5,3,7.3796655642723,60.2095332796315,11.1945140172277,710.717912472726
6,3,1.28334134884735,81.8798747474624,32.9316309038467,1260.02365276984
7,3,11.2784690968326,38.716815085114,10.2108504969826,64.9581414874497
8,3,12.7467287708379,18.943408761931,38.7967153764455,57.6788030657271
9,3,12.1042494966307,28.3582264386457,12.8782935693066,117.090737787616
10,3,12.5213417014432,76.9458922870675,9.18917542714869,165.178669914752
1,4,5.54352976236013,52.775628293248,7.44886861960022,1188.02031180649
2,4,11.2604033053665,8.85743671595758,86.9276986682885,44.6927033855914
3,4,3.65616666193377,40.5024113235532,6.3537115149578,2644.36368725689
4,4,7.58925323780136,27.4952259968428,8.73861217449176,294.60035091247
5,4,9.11697221092164,37.250244759158,1.43624248385279,88.0044453318587
6,4,8.83840020928553,15.5683854288822,8.20492504667393,114.754675843603
7,4,9.75833192580618,48.6731019453349,2.16529094465621,82.1266603279537
8,4,6.37243023015782,63.4646469421812,10.3733469513168,688.561372235454
9,4,6.68567604797753,29.8972807952564,13.2013317567848,270.354915301201
10,4,8.22714634641486,8.47211827961695,17.8192512575806,92.5238645130296
1,5,12.255402773224,29.0484565702004,128.515188857822,150.877412883256
2,5,9.1514367385337,38.0653452460568,75.5931078274468,59.0391012581753
3,5,10.4490190491078,53.4741698498104,21.3133120129035,35.3978867107966
4,5,9.69724794667416,6.61194963481532,74.8693302367209,276.485837318401
5,5,9.62299218835072,3.98058397838965,91.5563571975835,211.052931441152
6,5,7.47162877300392,34.3667180387848,26.0463264729374,271.699480229649
7,5,10.5552430875839,2.53732056744319,95.9925703509828,80.8999638645518
8,5,8.86501984919179,16.1386314960265,28.1433219172385,80.4329839527634
9,5,8.7917899722173,43.3289147629993,32.0070655165542,254.690153644614
10,5,0.887930806685972,30.8592897062259,48.5962537263012,719.106510641971
1,6,12.6209211766222,119.34910683593,6.34912776148588,85.7072791287106
2,6,13.9842522831967,13.3339498287571,114.532106402151,141.297936969056
3,6,12.9128485861296,108.65645540947,6.12777646040262,169.200260641023
4,6,2.64029477912246,154.639289431868,13.3039108275869,2458.36074536666
5,6,13.2654101038254,74.0446878102518,257.049129933199,44.4853166071042
6,6,12.2620035523582,57.1599869089373,15.0484476447669,60.7557213437113
7,6,11.9117529243579,36.6540029144939,74.2875943301419,77.8836291821244
8,6,7.56011767117818,45.4146536893231,85.974082116904,730.084393339875
9,6,11.3665584226599,89.2585050493825,9.18448075595056,147.154406640077
10,6,4.80664627700251,36.5954705037875,36.6742098729699,650.758068935765
1,7,10.9230579381579,37.7807682926961,2.48173788873988,85.2747781110721
2,7,5.79520537320013,33.7931405733219,8.61689582119839,900.778284386111
3,7,8.46131446411481,48.0365644980543,2.43276315058682,318.338804989552
4,7,12.0319560131222,38.7554286178398,74.4307897437741,16.4248440829439
5,7,10.473195054737,14.4722484667873,341.293635174105,32.9714455221414
6,7,6.10454864151924,47.7345740635603,7.20315907023607,5321.45792589019
7,7,5.6192725555416,68.2380675717299,9.15507882721656,2363.44979952427
8,7,11.5088710653876,53.2951486449622,2.94773650918748,122.939951558948
9,7,12.5134904653888,4.90877333088837,296.764062081846,53.6764906526039
10,7,9.20602521748608,31.7167488572826,91.9065660701822,12.6883563306401
1,8,15.8920390237475,3.73823706964054,48.929967260051,117.962303356467
2,8,7.41885285504308,32.2171318779824,3.81956303903448,406.503168650355
3,8,12.0859877316426,36.0784263278914,31.2994958759103,22.8687946646285
4,8,13.2615017532356,40.8407730042833,33.524795149551,16.8213870995174
5,8,16.0345908275097,74.0673573446192,0.411082337546001,38.3438576838929
6,8,10.7238468669523,68.4413484401905,3.08725114522617,574.859840822893
7,8,10.4660610938007,60.4274307848778,12.4275102628929,891.616343139614
8,8,13.1026640150618,28.0580019740642,15.735499387074,226.041089639808
9,8,2.60289053707067,51.8862175771222,20.0152326510935,1950.09878552989
10,8,14.0038537719976,68.6735150967511,11.5278741121189,289.927818836036
1,9,11.2768943531825,6.95826477217768,93.6030891582927,110.493462060664
2,9,9.79991952696689,45.5909327639996,13.7909151617738,78.4290618041618
3,9,7.76374008120025,59.0891326642304,3.93815364405124,112.732487659978
4,9,8.99232842007511,0.840263249482572,31.8642241307369,49.8980656711108
5,9,8.85800119441043,33.9401951697304,11.6669067399252,22.4343850354288
6,9,10.5151533589274,82.0203395333823,8.12121268894006,105.197845914648
7,9,9.14563201015276,49.2576885748868,47.8821530151283,178.208748189639
8,9,11.3285986296396,23.3356205935592,50.0832813239574,121.48989635999
9,9,11.4263654722723,72.9858332199859,6.25491191251507,85.5922595993623
10,9,9.64347204618634,17.2471244054734,13.2259676558317,76.6135826116254
1,10,7.9243793568482,18.8169972785472,43.9883697314162,42.6034951896975
2,10,8.09880168069528,15.2760240098345,75.3086923134541,73.5428768330668
3,10,6.31268010837323,14.2656250877412,68.5931295413464,23.7920544661732
4,10,7.35698769117212,25.9497602427707,46.9141438163367,25.5097831161678
5,10,6.28939652655074,38.1291806051059,8.69377256376989,209.444239822719
6,10,6.73038765974915,35.8917315177002,4.42660862375459,96.1738903490356
7,10,7.25312912709994,34.3152211911182,4.22276049075614,44.941281450244
8,10,7.47083463618086,48.4964201787665,3.081138558065,9.95278737825189
9,10,5.8299612835092,26.6902634830986,17.7729326866797,241.910380504128
10,10,6.9290918068321,24.7027507289502,14.46238214433,42.8981666377756
1,11,13.9157973515945,16.1510084804913,69.6135631796223,71.7321485303043
2,11,12.2514325608436,38.4116980377313,7.08008018275231,19.6915407908726
3,11,13.3267834610906,52.609382463096,10.2477471950786,23.1564817332816
4,11,17.0769541547129,8.7474836437598,234.248570231226,105.958913435659
5,11,12.195945271407,5.32098693744703,49.9632389692414,82.4875646111361
6,11,8.2626488136703,55.1961143120759,8.04996916830077,1152.14397252509
7,11,12.8297315970254,52.6394993822382,31.341927806202,442.550800480235
8,11,12.2728344725001,91.3062567499453,5.89635110731064,86.1201242834784
9,11,10.1199126953706,49.8665064513404,11.6531556940392,466.675077625636
10,11,15.5459634905523,65.7931359658675,9.35106473974369,106.500411244112
1,12,5.06518070879826,100.08994571042,110.398986098019,470.454045947703
2,12,9.70962985599569,78.456098531077,3.44415003710018,424.144925524273
3,12,11.5784799294021,58.0356200926828,21.7287818619154,58.4925804411173
4,12,3.62005801946281,50.8707570100475,31.091882263938,691.641250296443
5,12,6.57509090945346,64.791518604055,5.7744134007426,496.283450167684
6,12,8.26200413626244,30.2905595398912,4.7655095017581,89.2397133906044
7,12,8.50262716209953,38.3598420569307,17.9505868306726,113.575190091351
8,12,10.8569570818604,18.1483207733528,122.454815106051,71.75616420474
9,12,0.695558067697396,59.0420426860993,35.0647566483371,918.206254925226
10,12,10.920191548193,28.1302165389003,45.6305510433919,103.559211581023
1,13,11.0847780462255,61.1636800778875,7.28790931043498,61.2555620623493
2,13,11.8159364159754,38.0897495349584,49.8817806494832,24.73602506024
3,13,10.7371261696829,15.474490372988,132.114929927091,50.6067758426231
4,13,12.9104475797923,71.619043515902,65.9204939537937,68.6384867501499
5,13,12.8973686657678,16.293832671863,125.130865567037,230.849069943309
6,13,8.11059581623554,63.6817131022619,18.4976982594267,505.938935650078
7,13,3.20474071394582,78.0468654727455,24.4569965039964,1112.84305367659
8,13,11.7320478561957,58.2453852479918,18.3989465192314,45.5524617061709
9,13,5.50349144606494,62.7153315905854,4.16662502708371,3329.77237723776
10,13,5.70882552297857,79.3619982148702,15.0157862814552,829.154012151697
1,14,9.31087014319217,73.0372684763409,5.11584520518477,1487.65098784212
2,14,12.5630064407022,5.84612190639639,253.129343336373,64.4396414920618
3,14,12.1284227956994,53.2737580118613,5.18530116690446,220.422503624676
4,14,15.2452710626883,6.2850115852774,112.048704938639,69.8736187197033
5,14,10.9613999565163,56.6889514946553,3.44247178919544,74.4029138397003
6,14,11.9345818198447,25.6763724669504,43.7521676912489,20.9019780766678
7,14,5.02092981363344,40.522982425012,22.2220213041582,1080.10174437292
8,14,10.241347424678,65.2930456929498,4.52497787544076,520.228686761537
9,14,14.413253148562,54.7941131287189,10.0405358201472,64.1413880908861
10,14,14.1691142249395,23.5311456595914,71.9147518770658,34.727166708188
