rep,id,eta_Cl,eta_V1,eta_Q,eta_V2
1,1,-1.27452452069881,-1.65721423090814,-0.900811665813094,-1.97663488216627
2,1,-1.27952230120849,-1.52065740544854,-0.820627518796211,-1.80035955327511
3,1,-1.25098429521348,-1.39132774648187,-0.587534350056352,-1.67126704228421
4,1,-1.30432680370514,-1.30469209597163,-0.112487438189012,-1.56663386994449
5,1,-1.30659928026299,-1.59595062920261,-1.28502452143872,-1.9132607469275
6,1,-1.28896351115224,-1.45724390341852,-0.803819524988915,-1.74544589764858
7,1,-1.34213439196602,-1.28543623279895,-0.460681536403764,-1.55627723813281
8,1,-1.2415627298458,-1.27535960627052,-0.407407995438463,-1.48825713408238
9,1,-1.30718650446431,-1.6942097996568,-1.31121762193713,-2.01030534443393
10,1,-1.31097582666572,-1.4757719080946,-0.896345148476803,-1.73184439733045
1,2,-0.403430829753819,-1.07595558355132,-0.255462383928056,-1.28629522085386
2,2,-0.470067553191035,-1.22480029446433,-1.23267174088494,-1.43335173012855
3,2,-0.367189230607178,-1.08100981387119,-1.06265658462298,-1.31468766658435
4,2,-0.369789629118583,-1.14070994533884,-0.748069788420723,-1.36190650095865
5,2,-0.377065213104271,-1.13985593759711,-0.725297945197738,-1.37356635393882
6,2,-0.446456845319123,-1.20919007921911,-0.860445802575251,-1.44868224184225
7,2,-0.436179384239913,-1.1778263370922,-0.53443777209733,-1.3952356347755
8,2,-0.417728930398893,-1.10408804374218,-1.39021799246365,-1.31180795985861
9,2,-0.374911712540657,-1.17229370916954,-0.3797245952013,-1.35725482638772
10,2,-0.40658181498979,-1.09627280167865,-0.861328768156249,-1.30335996322609
1,3,-0.422939289382256,-1.08699609725882,-0.903011872615343,-1.28916270504475
2,3,-0.446227577774225,-1.1488722077798,-0.369314625710517,-1.37884923886419
3,3,-0.422213916220207,-1.04775792406858,-1.02339518636798,-1.24825401923996
4,3,-0.440878931545811,-1.0780564175087,-0.401086718251159,-1.30322295009355
5,3,-0.444291343341987,-1.13380168998607,-0.860780834544255,-1.34225111224287
6,3,-0.489799946124671,-1.15009597604814,-0.77144735452185,-1.39475836051289
7,3,-0.441902439835681,-1.10782221057295,-0.517610858179578,-1.3020979042645
8,3,-0.454846566021971,-1.13741353881351,-0.885332029511821,-1.34685922036308
9,3,-0.44671520333888,-1.06289154405816,-0.54874354979973,-1.2398825762267
10,3,-0.41383044859145,-1.07145800620238,-0.446007391479923,-1.28276678519994
1,4,-0.65756638060663,-1.5136238085059,-0.622207308283581,-1.78663900965912
2,4,-0.643422538025294,-1.52524994683756,-0.163055027330784,-1.80779586136615
3,4,-0.64304377488733,-1.48472121768036,-0.872247003859561,-1.73734496521589
4,4,-0.621333881474266,-1.43680233459472,-0.386928770879489,-1.74339735282779
5,4,-0.612385082545738,-1.44305134900243,-0.445290766637934,-1.75207000742519
6,4,-0.674658747022628,-1.4811727670029,-0.831580708773821,-1.74607333408222
7,4,-0.668557796951501,-1.48409278472472,-0.75632315657296,-1.75998838137696
8,4,-0.632012573323527,-1.42883129828858,-0.0155938917869546,-1.68732644228559
9,4,-0.662725728929782,-1.47822173636233,-1.17288563866015,-1.72047331199608
10,4,-0.714664720130213,-1.508264987545,-0.573005948213817,-1.76214027766094
1,5,-0.736809881495879,-1.09901958146684,-0.442719737508909,-1.32339628125924
2,5,-0.781710240200414,-1.20824985977907,-0.360615156822427,-1.38915664987197
3,5,-0.714128080632529,-1.04877217623769,-0.0760027183854149,-1.25181171029935
4,5,-0.781129876434329,-1.14183556013524,-0.715552113361913,-1.34665888506484
5,5,-0.758945711569286,-1.15394775952657,0.0303297620369208,-1.33748919237043
6,5,-0.753146421780793,-1.09498393272973,-0.267644574541702,-1.30602695935809
7,5,-0.805190022219451,-1.28619567131378,-0.258411641552263,-1.53970655093419
8,5,-0.779225418490203,-1.1265477787167,-0.276738478366359,-1.34354790604635
9,5,-0.806387736217115,-1.15576630059997,-0.741736415139355,-1.37028640912621
10,5,-0.750803874507049,-1.13679710873687,-0.107388855343206,-1.36160360916004
1,6,-0.484539998002946,-0.754535739204117,-0.434673220446588,-0.883383211785341
2,6,-0.499681028551762,-0.811302192811896,0.0248599444163706,-0.993557395091524
3,6,-0.487031122080165,-0.685905282523955,-0.31119007333515,-0.80800678646799
4,6,-0.480830343102113,-0.653744544927176,-0.00688288037728013,-0.793913255440305
5,6,-0.493348104992108,-0.783542327806322,-0.0712540173627267,-0.939148583364347
6,6,-0.526492527244702,-0.703027718435144,0.0471562284530965,-0.850164765615275
7,6,-0.491344925856418,-0.66471390712082,-0.389711572414923,-0.793624976063262
8,6,-0.453786670694247,-0.677333177888163,-0.16686321048338,-0.793997589500537
9,6,-0.551907018200207,-0.738129648425779,-0.291091237650656,-0.865838159730784
10,6,-0.455868292889615,-0.546020707647593,0.108144609571816,-0.625560752036135
1,7,-0.534889932709058,-1.77455250109523,-1.02535353816039,-2.08750682871635
2,7,-0.521069541399165,-1.72759330313501,-1.64169486424329,-2.06337812415547
3,7,-0.584077350113632,-1.8602248917399,-1.60442592261853,-2.20661315962835
4,7,-0.559432175089785,-1.79466256029909,-1.39141507321279,-2.08467728580649
5,7,-0.482420923355463,-1.69193646544644,-1.41819903196818,-1.99130727491383
6,7,-0.556829039507019,-1.79328024779451,-1.84823942497501,-2.11348427805595
7,7,-0.508724597377579,-1.71910569325762,-1.52653133413228,-2.01574173362997
8,7,-0.510623841957451,-1.70378397564066,-1.69407584496755,-2.01626355413198
9,7,-0.567779106299253,-1.8024408762718,-1.60954201874641,-2.13971973882746
10,7,-0.520462749848498,-1.72486799748033,-0.999020571568016,-2.04186586717731
1,8,-0.388424692322951,-1.23406685810076,-1.24803479173147,-1.50022723627032
2,8,-0.457286121653719,-1.31632867558351,-1.39519045235719,-1.55115621552611
3,8,-0.390938271562443,-1.23469739935271,-0.384396072341533,-1.47547839583204
4,8,-0.381774488885127,-1.17210706036893,-0.865178307482595,-1.3907335107034
5,8,-0.406929368761262,-1.20149640935771,-0.960746399007183,-1.43352418631931
6,8,-0.382748374668691,-1.22580514778165,-0.903167450022658,-1.43885758237637
7,8,-0.411192063585788,-1.2829516919224,-1.04385203340549,-1.5349436204734
8,8,-0.401795783714938,-1.2460062030188,-1.01111312841347,-1.46547086078321
9,8,-0.372525605353578,-1.27076456977414,-0.671614951286259,-1.51167892859504
10,8,-0.421023864052731,-1.28447500848244,-1.28000009091634,-1.51429447903446
1,9,-0.630117437092291,-1.08295692432635,-0.759414508405557,-1.29128032161748
2,9,-0.660460374553672,-1.08499985552674,-0.613085416468995,-1.2809708179395
3,9,-0.681577995056684,-1.17151257907699,0.108113275198711,-1.36105052003017
4,9,-0.68344808831501,-1.11719575610142,-0.353779938124103,-1.31948727161934
5,9,-0.67733200963133,-1.13754123296502,-0.208753190411869,-1.35419787036318
6,9,-0.688880471365509,-1.0173465704959,-0.771709054889645,-1.17452500739262
7,9,-0.666655365125944,-1.07365044381503,-0.465922039700571,-1.27787298796802
8,9,-0.678769987129384,-1.15437660488758,-0.468828736924494,-1.38518876707882
9,9,-0.679119523618314,-1.08943240821733,-1.12151772343444,-1.2867537612177
10,9,-0.650976669471171,-1.03946874793304,-0.779064104789042,-1.23980340841062
1,10,-1.02573373411436,-1.53182263478246,-1.22753002590601,-1.81819883465782
2,10,-1.04473813849539,-1.51096979043535,-0.592553589597893,-1.79915426518083
3,10,-1.03827179920778,-1.54799385415176,-0.750798217793124,-1.84766374283581
4,10,-1.03927997187815,-1.56749548418254,-0.884154098472863,-1.86155770912943
5,10,-1.0604285424424,-1.57764481406625,-1.05051162284439,-1.88598843699337
6,10,-1.031146393901,-1.46727979410606,-0.645726315879102,-1.7461181533039
7,10,-1.05982489319487,-1.57857340943619,-0.138359912803715,-1.8927129930818
8,10,-1.07302028679145,-1.68859014070854,-0.492496778081186,-1.98588970283755
9,10,-1.06437561312899,-1.63059600463297,-1.36559399505587,-1.92733359387877
10,10,-1.04463974072734,-1.56034397118355,-0.245157202045608,-1.88088862876004
1,11,-0.467587859120026,-1.10961195745146,-0.556193206518408,-1.3237160209491
2,11,-0.390642601061208,-1.02289134486626,-0.449144656791293,-1.18519178665148
3,11,-0.418394034285694,-1.14543818912826,-0.793242910681043,-1.33799063738914
4,11,-0.397114283981251,-1.08852485977731,-0.694657242186806,-1.29580506927412
5,11,-0.439276164975891,-1.02998526293779,-0.646079647296791,-1.22317566582845
6,11,-0.387586892900275,-1.10382646467574,-0.365945726885094,-1.29999291475255
7,11,-0.454428153095737,-1.11661811333019,-0.939047661871898,-1.32114665319179
8,11,-0.393359974678498,-0.95054744103003,-0.626255965655576,-1.12562564573872
9,11,-0.427872203835435,-1.10055040166895,-0.640129239535425,-1.31018282743942
10,11,-0.408336007264789,-1.06709749970957,-0.702919991321472,-1.2531317523112
1,12,-0.706972736798833,-1.03502661831428,-1.26572066506117,-1.23348723322705
2,12,-0.727594479044868,-1.16722079123131,-0.537482307657704,-1.38802154496229
3,12,-0.664176644609079,-0.982763559441654,-0.919444945362008,-1.15526571218883
4,12,-0.66357824660814,-0.987021588120549,-0.115757829525068,-1.1698758125785
5,12,-0.671774988346625,-1.11312366585265,-0.648662495604484,-1.30540509434053
6,12,-0.675812797633016,-0.968219886601795,-0.527166260989187,-1.1444568394911
7,12,-0.649926640964734,-0.910789516635633,-0.491778871597696,-1.07969489254057
8,12,-0.660089159175917,-0.923245584684375,0.168115284654011,-1.09582172987533
9,12,-0.667188382610931,-1.06188328574268,-0.497630910174861,-1.26023160656858
10,12,-0.700246030617922,-0.916537472254185,-0.88993196074173,-1.07820332265022
1,13,-0.644039961364901,-1.17285918338665,-0.768801751304551,-1.43655506063562
2,13,-0.642174569315141,-1.23957509387871,-0.568966932516075,-1.46890760230204
3,13,-0.623041524420117,-1.20226269165254,-0.652405974949242,-1.42248367429647
4,13,-0.640161188953717,-1.17175692807102,-0.335804273623927,-1.41030035914282
5,13,-0.640718755711412,-1.19018449782229,-1.18586628364862,-1.43184479394652
6,13,-0.656195851189402,-1.22814318607211,-0.862965968775393,-1.46984277293276
7,13,-0.637687675247393,-1.15051599503133,-1.28393400492349,-1.39016064630976
8,13,-0.59702957745651,-1.13207612731507,-0.475623816477111,-1.34327442910367
9,13,-0.598577522701979,-1.14025616177897,-0.33226653683301,-1.39502882865288
10,13,-0.627629513945656,-1.15354466651732,0.0955385458366285,-1.34272337363491
1,14,-0.425517127122274,-1.2991814576825,-0.518244748863712,-1.57116844569856
2,14,-0.41614651285107,-1.27301317793841,-0.793407105935814,-1.50386308143925
3,14,-0.426012166599283,-1.27674658352297,-1.00749570646308,-1.53862542219857
4,14,-0.437437696430205,-1.27244551358302,-0.866601955616446,-1.50089539775508
5,14,-0.453849270894567,-1.36309163509336,-0.842977927320212,-1.61212480184735
6,14,-0.443801120060221,-1.3077033611067,-0.863155448152445,-1.55575244593708
7,14,-0.417580686570196,-1.27809403845593,-0.8042790818551,-1.52729423017345
8,14,-0.416853070105158,-1.2677933833993,-1.04587737773881,-1.50067724295178
9,14,-0.442931658640243,-1.31655880221511,-0.448690400935437,-1.56672004719631
10,14,-0.498855173395481,-1.38241027835458,-1.16919377923718,-1.64207500421082
