rep,id,eta_Cl,eta_V1,eta_Q,eta_V2
1,1,-0.716986957509829,-0.688522443664806,0.517939119070547,-0.704032806646162
2,1,-0.797182484962044,-0.721470001196337,0.470489772436673,-0.738752505919502
3,1,-0.756698353202816,-0.53340884448406,0.227998466947989,-0.532044199459023
4,1,-0.791821405649171,-0.549387752897403,0.0436708548360197,-0.555229332731025
5,1,-0.664774040529934,-0.796701705345453,0.875698873253302,-0.831342176963791
6,1,-0.736524376288684,-0.732080402286861,0.276384252402952,-0.746423333339634
7,1,-0.714234560175237,-0.627208788926329,0.37670814948022,-0.633134888751666
8,1,-0.83119586267529,-0.500222783474638,0.527198419177308,-0.491067653410803
9,1,-0.686430528940242,-0.769810211375673,0.04579433682245,-0.805411256574707
10,1,-0.735282071610385,-0.616221864499516,0.178000780736002,-0.635400853155517
1,2,0.143324894494157,-0.358142139532786,-0.78888836817205,-0.375700019387753
2,2,0.218676472867588,-0.211860480674817,-0.417264343336527,-0.220263472446838
3,2,0.234915422653798,-0.292736038488426,-0.347284558189499,-0.294437007168049
4,2,0.240150503018816,-0.191718980415377,-0.411637780613387,-0.190857539467553
5,2,0.192564984787408,-0.319027135378269,-0.67250726267225,-0.317923209842835
6,2,0.146448331583326,-0.347714760459244,-0.61851275680927,-0.334154056685899
7,2,0.174129796140733,-0.37905551588645,-0.372072804699325,-0.38206429862933
8,2,0.240313889752368,-0.264763066001279,-0.304519349174935,-0.240227146327259
9,2,0.226306783230046,-0.349433770854567,-0.29406350934904,-0.322190654935819
10,2,0.225143702835812,-0.328021055870047,-0.390667689069,-0.312277830996972
1,3,0.180402738358136,-0.466639250637083,-0.0863000259183848,-0.483355625708702
2,3,0.195278440229853,-0.238968433594441,0.055065814761783,-0.235175013725765
3,3,0.175171271122077,-0.243984925749341,-0.115697583572137,-0.254557489641886
4,3,0.155361594816692,-0.399397457591803,-0.0382985423631769,-0.412466198638569
5,3,0.116655852097043,-0.29250847406689,-0.392155500115087,-0.31243694515234
6,3,0.144826882085735,-0.242571600114729,-0.153653964746128,-0.227464463037057
7,3,0.134944045818039,-0.243695498144167,-0.353627824259096,-0.2679154799855
8,3,0.148553692030214,-0.342497021056295,-0.302420851750502,-0.34453193381953
9,3,0.153426744506105,-0.269430926716586,-0.13221729241934,-0.26295016340693
10,3,0.148447267019452,-0.332177686330046,-0.13969565376244,-0.329037804434591
1,4,-0.0282101716326039,-0.551817228452329,-0.369234161398431,-0.555944462109545
2,4,-0.0777773133849016,-0.597362883738786,-0.569716333800606,-0.593792020029044
3,4,-0.0704550518656263,-0.556604209009664,-0.765688669475998,-0.614922503129927
4,4,-0.0478405749235638,-0.599035750936501,-0.224076277902715,-0.609003007342384
5,4,-0.0822710116130697,-0.569866686168357,-1.05368462393529,-0.591585830244413
6,4,-0.0864579026210821,-0.579872024978804,-0.602126293394162,-0.584909282912645
7,4,-0.129534482880937,-0.537279702380468,-0.944663145841325,-0.525943449788777
8,4,-0.02198236865112,-0.530754670755597,-0.403632557753049,-0.532772283800105
9,4,-0.04189967465703,-0.560886399007559,-0.478987607374403,-0.549281040353532
10,4,-0.0820215987496085,-0.570049657129165,-0.538782385790294,-0.57544366519328
1,5,-0.167737100428168,-0.304699807890497,0.161012674686504,-0.308847756520873
2,5,-0.235540308417667,-0.249231589254276,-0.0288514088036253,-0.233961821492483
3,5,-0.132728064653821,-0.346854171946558,0.506926939976708,-0.343697659746648
4,5,-0.178069542812074,-0.270901610192663,-0.045513126842671,-0.27206049485412
5,5,-0.19050214632937,-0.422460295870328,-0.0242659031161492,-0.429406116170589
6,5,-0.154461063675051,-0.214121861306477,0.465993965740224,-0.224649568107129
7,5,-0.193475684688522,-0.304708692986481,0.297836039814584,-0.323038208815727
8,5,-0.118186167536391,-0.544874225792831,0.605480888120145,-0.542235555215669
9,5,-0.156383582927992,-0.380950073560048,-0.0232928418102016,-0.389581591825807
10,5,-0.15756189761331,-0.325491858887704,0.167274773074161,-0.32498581086013
1,6,0.0157280455919326,0.14285681024208,0.0246520331413849,0.118606571726196
2,6,0.0127412023606367,0.0725891663145066,0.296714208527138,0.080587365814818
3,6,0.135970428426654,-0.00879177188827622,0.596942672744593,-0.0031993801862411
4,6,0.15617094567312,-0.0467853141817929,0.828644643950234,-0.080192532359967
5,6,0.030475089053231,0.172003599699373,0.296666521774458,0.182063962774727
6,6,0.0927185833254388,-0.00515478187523065,0.248369033139519,0.0147266473498769
7,6,0.0629911750746115,0.122460506696514,0.0389428311626185,0.112789660094406
8,6,0.0354304449040056,0.231649958517132,0.141561898778082,0.225627302393106
9,6,0.0221807934679265,0.0596373421814332,0.0272125514744679,0.0596840495028964
10,6,0.00701216261108921,0.178230574049362,0.278614061017294,0.171322939830911
1,7,0.0820319452573786,-0.964697715133448,-1.02278098423686,-0.993647742385544
2,7,0.0845160843904403,-1.02033104988316,-1.05985703779457,-1.01994415901046
3,7,0.107221279904221,-0.981747195550762,-0.932968361505399,-1.02904989749102
4,7,0.0823891782315905,-0.958084726263345,-1.03538463099689,-0.959711677471377
5,7,0.138779970047235,-0.935503200303907,-0.790564448853901,-0.962015102541118
6,7,0.0776534970996265,-1.11937346902944,-0.841416647923356,-1.161763141054
7,7,0.118432098532343,-1.04994998109628,-0.868252804627507,-1.06252920622482
8,7,0.0909919222588706,-1.050123179315,-1.02753365607951,-1.04253923204171
9,7,0.139474805097068,-0.989581304268106,-0.96407435004947,-1.02623104019078
10,7,0.0963894686218421,-1.03896340803554,-1.08617750913764,-1.04238579748074
1,8,0.232740449044378,-0.435534225627712,-0.396678768858112,-0.445415635713481
2,8,0.222280585951984,-0.441336015144821,-0.5113528834392,-0.460275119326289
3,8,0.172786287666675,-0.418189537258875,-0.521985552790384,-0.410661868945797
4,8,0.23136956729539,-0.452439109516781,-0.220359571179938,-0.468466772909699
5,8,0.225325862501208,-0.584894576422654,-0.162725971689057,-0.603599423652626
6,8,0.219310094832516,-0.460400665879165,-0.397870735114751,-0.469602321867851
7,8,0.216441117980561,-0.457235069970481,-0.395289633529593,-0.475502324380878
8,8,0.224249186144304,-0.600312586179017,-0.125651215893122,-0.62798047621565
9,8,0.213674489194197,-0.396459451321106,-0.666396350075134,-0.405814977590647
10,8,0.250301306049532,-0.435413082526889,-0.237473269929939,-0.433904498298046
1,9,-0.0632774195653233,-0.522709627729111,0.236557828164939,-0.554648617102577
2,9,-0.14031480922619,-0.561926329674282,-0.140011224690279,-0.553391064085427
3,9,0.00721935681786463,-0.607964438703361,0.534206373347046,-0.6142954646663
4,9,-0.101006410668021,-0.372885069230541,-0.295612725259911,-0.404980676651045
5,9,-0.0530520790298578,-0.665153562917383,0.348401000019882,-0.686036713259221
6,9,-0.0657253365179704,-0.432637009681465,0.102511515237211,-0.458886489113419
7,9,-0.0552240687983133,-0.62131049855109,0.381507394680932,-0.641509251110213
8,9,-0.0949740376920993,-0.545392441434998,-0.00635145111380428,-0.551147343393355
9,9,-0.0475629432338574,-0.595585799023315,0.485800535377741,-0.623059902976287
10,9,-0.100751643689294,-0.440359210269667,0.0676383498392417,-0.481769948934388
1,10,-0.468554332898703,-0.601667878420369,-0.701022282100431,-0.621255598911563
2,10,-0.494103860983376,-0.746681123224474,-0.803075537621068,-0.798962689890192
3,10,-0.467330323777046,-0.635751043879618,-0.691249756216729,-0.656325782832474
4,10,-0.531385673001319,-0.580583608393919,-1.14063161006627,-0.571915408736375
5,10,-0.461742739011952,-0.614363613251998,-0.668872525546208,-0.609979838051568
6,10,-0.457731197893836,-0.597717158683921,-0.671045896003491,-0.591337055806908
7,10,-0.469915080923518,-0.730546935634946,-0.628150694073929,-0.742394551637893
8,10,-0.449445209889019,-0.730677815070901,-0.834451102940719,-0.723114356105139
9,10,-0.464594500428877,-0.703205158034115,-0.891914562864646,-0.704988841336129
10,10,-0.51123557923318,-0.690342754861608,-0.990693777567105,-0.717464661398388
1,11,0.173939128641597,-0.262527218787283,-0.334672529238153,-0.292291136381127
2,11,0.15444451561536,-0.202305287972673,-0.263959358823955,-0.193976004392856
3,11,0.166710998786856,-0.353668710433866,-0.351028880062145,-0.333230494408356
4,11,0.1744611947477,-0.219200071039048,-0.188474793000884,-0.21887066071158
5,11,0.203283910820989,-0.234913485175853,-0.222662376945417,-0.23167498953004
6,11,0.178875916825016,-0.214865282312105,-0.389967705537017,-0.222429583565268
7,11,0.172892312812529,-0.305861897726889,-0.118811626664126,-0.288417787756487
8,11,0.0935133304120236,-0.261202392148497,-0.476040336768941,-0.249021685784913
9,11,0.149645702098888,-0.286875932349447,-0.438720011658099,-0.306131242377436
10,11,0.173843964912299,-0.354042919461137,-0.460422478864255,-0.354830322147719
1,12,-0.118148252232636,-0.234441295444652,0.150227783870982,-0.249870540850669
2,12,-0.090085646561828,-0.18343831394756,0.0831742416893222,-0.185672523508225
3,12,-0.0363340356828658,-0.377384341150719,0.435508611836352,-0.367331731474711
4,12,-0.0735991692498677,-0.274011855672122,0.253491355923803,-0.284162831619149
5,12,-0.0563242897350423,-0.320089452955189,0.394775794582828,-0.351277205398993
6,12,-0.0197155482509597,-0.325738939600145,0.640899461914256,-0.333553386001512
7,12,-0.0879275917459382,-0.38573703926382,0.347813120350045,-0.383729582282035
8,12,-0.0450654231128223,-0.294683304842205,0.273922977446293,-0.317121101236144
9,12,-0.106426417025941,-0.334513725831253,0.467035992437834,-0.317828207977498
10,12,-0.0763593481517475,-0.340576633558146,0.118081316692536,-0.348577693276761
1,13,-0.0163045030226846,-0.428744050223746,-0.19920339550652,-0.423003947868936
2,13,-0.0298289242465733,-0.346472123773703,-0.150674192842633,-0.377101295783429
3,13,0.00415267060125803,-0.128350684073636,-0.0117769814647371,-0.127707553338086
4,13,-0.0520920064217317,-0.301599494053843,-0.368114950943878,-0.302195526368503
5,13,0.0289942226464285,-0.3536682745691,0.0334562680482849,-0.343672174510374
6,13,-0.0190102019561492,-0.257688666524147,-0.0966387100352768,-0.253011825082278
7,13,0.00752742727395608,-0.18040248958438,-0.0723910693459749,-0.20370086997384
8,13,-0.040318611817598,-0.316045010693357,-0.437299953703043,-0.327408029518112
9,13,-0.0271580516510559,-0.425049303523541,-0.32971828306631,-0.432768461066
10,13,-0.0725317903383783,-0.392777512740198,-0.351130780921073,-0.3873654548166
1,14,0.10030885552845,-0.334298272291879,-1.32456010186761,-0.347925117960216
2,14,0.145116318878286,-0.43470668380552,-0.874926358407074,-0.442925622859745
3,14,0.116320394140952,-0.449588994827616,-1.05814250985375,-0.448600327436328
4,14,0.153106115694153,-0.342970702772759,-1.03648706110708,-0.331103915282851
5,14,0.130779733409376,-0.400058425298361,-1.12484062444653,-0.393620435052119
6,14,0.129649610042267,-0.410219711753177,-0.944438239493153,-0.413822920971402
7,14,0.121545470585686,-0.444178156462871,-1.07678017198559,-0.453720988445469
8,14,0.111464575966841,-0.382559689094561,-1.093474677279,-0.38967870984115
9,14,0.156694678034255,-0.37410109149877,-0.807564217849396,-0.390449032814881
10,14,0.129047167866393,-0.357015416841193,-0.94062986051767,-0.366927401734265
