rep,id,Cl,V1,Q,V2
1,1,4.9437079948937,28.3875289341794,20.7463096213479,87.4467771875571
2,1,5.09898893747373,26.3475677868782,15.3665945791074,81.8884974893538
3,1,5.31893861005797,23.536039045954,28.9497255619357,70.3212991321715
4,1,5.28353822237408,21.4699720596028,27.1625771523686,63.1292860416112
5,1,4.96700959186465,25.4801862846524,21.3270883982015,78.070541190067
6,1,4.50568355289528,31.7497508527634,18.0871813873327,99.030063243792
7,1,4.85185059558529,21.7245871545354,30.8343518773559,65.559266145678
8,1,5.17128166786635,24.362926885032,23.774070290743,73.5606024684618
9,1,5.27568353070485,26.4256251476635,28.2313411022633,79.3717179158744
10,1,5.03158341488243,31.7058878049064,19.4575818845007,101.055524160485
1,2,14.471048922957,23.0317112013708,66.3139880196214,68.2026225246338
2,2,12.6783546846945,50.6412999415254,8.6656865138299,175.93291160584
3,2,12.6323862881867,50.1057432950386,10.4121674369814,179.952848297105
4,2,12.4202459571248,53.6263028208085,8.59017266472735,186.753394200231
5,2,13.4621882666765,21.9186536192536,41.0324933643752,63.596650387868
6,2,12.4163529982293,49.6508542841049,7.58640297503732,171.716728768306
7,2,12.1319827118991,54.6486288097792,7.51602038240729,183.970446129166
8,2,12.4776400684829,49.9447221919541,7.44792436318358,170.865163487401
9,2,13.2068822582588,19.9186474888697,85.3277422993742,57.8607248792142
10,2,11.9985880800348,57.2266744059187,10.8198494547399,207.523774135275
1,3,11.5257967216434,51.0593028865549,10.4840826205501,181.476381449064
2,3,11.3389316831151,46.8656274713782,10.0948438487545,160.391393948309
3,3,11.9475109542378,53.1530852017179,12.2125423476018,186.477017300372
4,3,11.9009121180445,54.7165559872791,11.8642872316585,194.633183541241
5,3,12.1221570984435,52.7078407340732,13.4588466336529,183.607214216791
6,3,12.1678866815803,48.294111457967,11.3577942790773,166.37889018528
7,3,11.631105678767,46.5911944990719,11.1508958401897,159.857050605453
8,3,11.7252698376022,51.8392790137289,9.45919464233669,181.129968515992
9,3,11.5784379928903,46.4164918247658,12.8166526624556,158.689438491669
10,3,11.5929833390007,53.3487967478412,11.7253022549552,188.77853902407
1,4,9.53565517871316,46.1944896962871,5.55639414979436,160.368893362712
2,4,9.24444075943925,38.0977019567697,6.15577939056089,124.278554851974
3,4,9.57324082776064,41.8262858111893,7.37998771212756,140.407262554453
4,4,10.3569312970325,14.1208931414686,75.0043012103965,38.5781878289127
5,4,9.54001881820642,48.3351789091823,6.40078956396839,164.931354493531
6,4,9.3958639626589,39.5734775880434,6.98713481061559,129.007202834124
7,4,9.62659768879642,43.2340461262154,7.03178706189619,148.682938629495
8,4,10.5200363863044,15.4348134654729,57.542228430961,43.719866477671
9,4,9.61383714271012,41.3158362987579,7.12552131495355,142.110471057197
10,4,9.04553135792598,42.5555450040643,5.16989344211974,146.148828347331
1,5,8.09818770761151,47.0880082683372,15.0337127764681,162.419646116051
2,5,9.81108634156387,23.4662106562338,64.5688689207318,71.7561528324009
3,5,8.10190443772508,56.5262021261969,16.0132714832467,200.472820313406
4,5,7.95528448984991,51.7133544928972,14.0853279395967,179.370342199241
5,5,8.11334946608551,49.03259889862,13.3631630085727,167.121364699587
6,5,7.57395381180489,50.1332882254878,11.4881260222669,176.348475932681
7,5,8.2074980658331,53.3721321601551,12.3373152325202,187.048677778396
8,5,8.56302507816256,44.0566799584867,13.1963203141116,147.594488962432
9,5,9.20761776766283,22.7022591698484,56.998874896964,66.2709442491874
10,5,7.74602916478582,52.4069120793417,11.2103618645774,179.917773809405
1,6,12.3475486248166,30.4360680563248,98.4054698677631,96.5223362929599
2,6,12.0570284153155,29.8985345441222,120.508768109112,90.3161842836062
3,6,12.0856417458551,30.9984188252555,120.942405458737,95.7500781929522
4,6,11.8321600701094,34.6941133694156,107.483956153396,110.492734283671
5,6,9.90459389694405,78.1381446066364,23.7611065001873,306.5413745537
6,6,12.079391918883,29.9234654418499,85.1226524448987,95.0703544835739
7,6,11.883031138339,30.6410109251663,124.209296018559,96.7108164719742
8,6,11.9993397332679,30.4454829089403,74.6475820887945,97.5270000521066
9,6,9.26783394087607,83.3134656330326,18.6639835265541,322.661255195061
10,6,12.4986015996175,31.9859669892015,92.9774937069267,100.455670083209
1,7,11.3980034862815,25.3902870933661,4.52267418096311,78.7452434106678
2,7,11.3171819198331,26.0298947153395,4.94065278768506,78.9831307119401
3,7,11.0995372376427,24.542241750789,5.00533459756418,74.4243359320215
4,7,11.6469383871395,27.001811114183,5.06869040706448,84.1696579993411
5,7,11.2732847395515,24.0828048070886,4.95202128260988,74.3226369852545
6,7,10.9810156287733,25.9382693492082,4.3251415609698,79.334294357178
7,7,11.4506085008398,26.4495782383714,5.19349676072478,82.5690392752217
8,7,11.2364033621416,28.5842341558095,4.52575046186332,89.7756048720218
9,7,11.1824999160862,24.5490041542038,4.86020384477099,76.004831898214
10,7,10.8442898727171,26.9650890328388,3.73079686907623,83.8113482016583
1,8,12.6497396107493,47.1596336397704,9.75534489377035,163.30665140623
2,8,13.2937709659133,18.5643275224994,45.4190214552865,53.1348561667064
3,8,12.6245824792077,49.0655807669422,8.42497033955038,173.626632253567
4,8,12.3409544400977,42.2240934447473,8.02119671931046,145.517449510373
5,8,12.4366235826131,41.0608991904136,9.0407866826327,139.639466583454
6,8,13.8960978592201,19.3654677159408,68.8592031996958,55.2577854773121
7,8,12.5541647297928,50.5204566863881,7.97885620842644,174.88800117852
8,8,12.4627304987456,42.6842853247775,8.7673437658649,140.405742131208
9,8,12.3618672998775,43.3941646407108,7.77394551063587,144.145578096077
10,8,14.0412233279956,20.399804397065,44.6547858583127,58.4620684193399
1,9,10.294599688731,23.6732816877234,42.445856256478,70.6351132882599
2,9,10.4550530797666,21.0554891831177,38.0425146822557,64.1555086971504
3,9,9.88479203768849,23.832698393822,33.0853498871897,70.381006684113
4,9,9.36443166829713,43.7768091503001,14.6936653966642,149.304744906382
5,9,10.0373305649651,22.7954523466098,44.2583895943515,68.2223044323596
6,9,9.84869292891101,23.5245817635285,30.876956686873,69.5451928015018
7,9,10.0561620534863,23.5391153964905,32.4580216687344,70.3182745581451
8,9,9.40895278529912,42.967669273365,16.1814791053047,145.451001711841
9,9,10.2837148515362,22.6740671445393,44.7953860438161,66.7697794818714
10,9,10.111299649798,21.9176787324526,50.2395840667021,65.0081176662566
1,10,6.41889459329449,33.2008539358835,8.19145387921809,103.922257155711
2,10,5.97912587263545,32.0166649092406,4.05108554065261,99.0904898962178
3,10,5.78157209741308,39.3837207765571,4.29819912466518,129.395653468582
4,10,5.79595011126265,33.3116899950335,3.4360005524553,110.582699693906
5,10,6.10856764132773,32.0916251923318,5.51906846943168,100.560038964211
6,10,5.97448262612757,36.7459909459705,4.63161677029937,121.304282308452
7,10,6.11721369178784,36.0098208210989,4.89567668513841,116.546147446591
8,10,6.31116778644322,34.6097594036358,9.04410152154331,111.001870735172
9,10,6.14087758965875,35.8887954342899,4.8505755857976,119.050040230756
10,10,6.29612755794825,35.5032266828241,6.02926763912149,114.932208804265
1,11,11.9471200662493,46.9477729140886,9.55992455738082,159.727548451559
2,11,11.5820753460167,55.9072272094248,9.90299013660426,195.736135085016
3,11,13.1544096612196,21.6759292097482,76.6228397818037,65.2855186051065
4,11,12.0295439216585,50.161434431058,10.3689878063226,173.035015789994
5,11,12.0825638743863,50.8016463669732,11.9353407755969,175.245336426466
6,11,11.412086304557,58.2057651352493,7.52545963560299,209.130926707203
7,11,13.0476699929244,20.5066730961712,47.006162938228,61.0935496825883
8,11,11.59720290714,52.2329156086525,8.35874342359404,176.911856568309
9,11,11.2830111809382,50.6435858383664,7.69928250454907,176.167893209263
10,11,11.8727332228622,52.1615661508229,11.0668610772089,177.69118505075
1,12,8.81869962127275,52.0536897267206,14.8999400794104,187.817269339334
2,12,10.1003719899897,26.5988348255493,70.9681369436372,80.2045529247753
3,12,9.94928551857993,25.196996951685,34.2988909867698,75.8696850419644
4,12,10.6454756949568,26.3316329025213,49.3160602654588,79.2307968920248
5,12,8.54759866523662,62.8076478679239,13.2039735080569,227.158352271203
6,12,10.0356184697407,24.3109293982322,44.1324979849214,75.4847679035078
7,12,9.78952794714866,23.1485755682515,53.1679891356471,70.4530745487903
8,12,10.3066857499671,27.6533961440587,47.6121276868999,89.2665461861103
9,12,9.8136003403161,24.3057106841259,43.3273151146374,72.4146394066496
10,12,10.1843882855908,26.7903843738471,50.4496219411422,83.4622461719232
1,13,9.54916340585501,51.0870972877336,7.49363895031138,175.957308662563
2,13,9.90511293140028,54.0846222811453,11.5880581879757,190.333692961685
3,13,9.63701886733346,53.8063530132613,10.1987792324914,185.843809830939
4,13,10.8343588011009,21.4644302233818,78.2549134719931,61.8136670230338
5,13,9.33791181414947,49.6171534106413,11.4313126942174,177.557319063074
6,13,9.71583215766609,53.2370105109069,8.9312801593867,179.880539398888
7,13,9.62295362171108,47.694982942099,9.71631271381439,161.745709828419
8,13,10.4373622288223,19.4413502258935,56.6822698141861,57.2863506247605
9,13,9.82034016162627,47.1825996880446,11.0571351191223,159.36267548733
10,13,9.59652670051964,54.0465021766431,8.89621244305981,186.871686997497
1,14,11.205381759234,48.8248458174122,5.20988861530491,168.000926226854
2,14,11.261280213569,47.7478679972918,3.98424548826656,161.734403127182
3,14,12.579159346558,15.3057059767288,123.980203764535,41.4506454558749
4,14,10.4752463194836,43.6390253220312,3.58565267821441,148.195673067829
5,14,11.2117658324079,48.1862563092193,4.40740557666813,165.259188958
6,14,11.7699175790261,49.4825476563707,5.57420506501805,166.169599236675
7,14,12.1706970202386,15.2102646020088,154.091244678052,41.7889064958426
8,14,11.4865048523708,51.3085299311486,5.90046875383106,178.245163688803
9,14,11.4061986057462,51.403387761374,4.07104948323957,174.324496770707
10,14,11.1347571692648,50.3148868371687,3.7062749367821,171.076728958725
