iteration,convergenceIndicator,phase,Cl_pop,V1_pop,Q_pop,V2_pop,omega_Cl,omega_V1,omega_Q,omega_V2,a1,a2
1,1573.58,1,10.2275,43.2233,11.1604,60.344,1,1,1,1,1,1
2,1539.57,1,10.2055,53.1823,16.15,68.0231,0.974679,0.974679,0.982411,0.974679,0.974679,0.974679
3,1530.25,1,11.286,58.0856,16.953,81.6053,0.95,0.95,1.01335,1.05503,0.95,0.95
4,1522,1,10.1047,59.3588,22.3613,96.7946,0.925945,0.925945,1.02087,1.05417,0.925945,0.925945
5,1507.38,1,10.552,66.4769,20.1666,95.4539,0.9025,0.9025,0.995025,1.02748,0.9025,0.9025
6,1505.39,1,10.4497,58.8364,17.7619,99.4792,0.879648,0.930112,1.00082,1.03928,0.879648,0.879648
7,1479.92,1,10.3012,65.0294,17.1612,99.6298,0.857375,0.906561,0.975479,1.01297,0.857375,0.857375
8,1469.05,1,9.92029,61.2847,18.4497,104.551,0.835666,0.883606,0.950779,1.03489,0.835666,0.835666
9,1479.33,1,10.4977,58.7823,16.7955,110.399,0.814506,0.861233,1.02588,1.1526,0.814506,0.814506
10,1471.99,1,9.86643,65.8523,18.1116,128.033,0.793882,0.839426,1.2013,1.26393,0.793882,0.793882
11,1451.97,1,10.8716,60.7653,18.5578,114.879,0.773781,0.818171,1.17088,1.23192,0.773781,0.773781
12,1440,1,10.0404,56.5336,21.1888,119.274,0.754188,0.797454,1.14123,1.28869,0.754188,0.754188
13,1427.81,1,9.75332,48.9154,24.5806,135.883,0.735092,0.777262,1.11234,1.25606,0.735092,0.735092
14,1426.72,1,9.1887,51.6289,24.1481,140.929,0.716479,0.757582,1.09269,1.36097,0.716479,0.716479
15,1417.97,1,9.56135,48.6548,29.4106,136.518,0.698337,0.738399,1.1129,1.33161,0.698337,0.698337
16,1410.06,1,10.4117,51.354,29.0754,116.396,0.680655,0.719703,1.08472,1.29789,0.680655,0.680655
17,1390.17,1,10.4452,42.0214,26.451,125.17,0.66342,0.705387,1.10983,1.26503,0.66342,0.66342
18,1369.7,1,10.376,43.054,22.4216,104.626,0.646622,0.687526,1.08173,1.23299,0.646622,0.646622
19,1363.93,1,10.5173,46.0693,22.4947,127.769,0.630249,0.670118,1.05434,1.20177,0.630249,0.630249
20,1346.69,1,9.9782,47.7594,20.7571,130.289,0.614291,0.65315,1.02764,1.17134,0.614291,0.614291
21,1335.91,1,10.4318,46.1697,21.8166,139.081,0.598737,0.636612,1.00162,1.14169,0.598737,0.598737
22,1315.93,1,10.2287,50.9259,18.7145,154.808,0.583577,0.620492,0.976257,1.11278,0.583577,0.583577
23,1307.83,1,10.3573,50.6472,17.2496,115.073,0.5688,0.604781,0.951538,1.0846,0.5688,0.5688
24,1303.95,1,10.1056,51.6682,16.6049,133.617,0.554398,0.589468,0.927444,1.16875,0.554398,0.554398
25,1283.49,1,10.6243,50.0702,15.7138,128.374,0.54036,0.574542,0.903961,1.13916,0.54036,0.54036
26,1270.08,1,10.4227,54.1362,14.9352,122.993,0.526678,0.559994,0.881072,1.11031,0.526678,0.526678
27,1271.54,1,10.3632,51.9221,16.2427,140.019,0.513342,0.545815,0.858763,1.0822,0.513342,0.513342
28,1249.09,1,10.8315,53.5323,14.5472,106.365,0.500344,0.531995,0.837019,1.0548,0.500344,0.500344
29,1232.11,1,10.3311,54.4608,16.0999,137.822,0.487675,0.518524,0.815825,1.02809,0.487675,0.487675
30,1224.62,1,10.7752,54.9725,14.5602,132.936,0.475327,0.505395,0.795168,1.00206,0.475327,0.475327
31,1216.89,1,10.3796,51.7973,11.806,122.503,0.463291,0.492598,0.775034,0.976685,0.463291,0.463291
32,1203.48,1,10.5894,51.1513,12.5032,99.4682,0.45156,0.480125,0.755409,0.957529,0.45156,0.45156
33,1195.59,1,10.4955,50.6204,11.2094,89.2225,0.440127,0.467968,0.736282,0.992362,0.440127,0.440127
34,1193.18,1,10.5843,53.2661,12.3379,89.2573,0.428982,0.456119,0.749848,0.967235,0.428982,0.428982
35,1177.29,1,10.591,49.8953,11.8149,89.8272,0.41812,0.44457,0.730861,0.942744,0.41812,0.41812
36,1171.3,1,10.7352,51.7767,13.0539,90.3534,0.407533,0.433313,0.751937,0.918873,0.407533,0.407533
37,1157.42,1,10.5612,51.0602,11.4367,98.385,0.397214,0.422341,0.791532,0.895607,0.397214,0.397214
38,1144.77,1,10.5492,49.8389,10.6296,99.1994,0.387157,0.411647,0.77149,0.87293,0.387157,0.387157
39,1127.11,1,10.6579,54.0396,10.9782,126.193,0.377354,0.401224,0.751956,0.850827,0.377354,0.377354
40,1124.92,1,10.7231,56.4571,11.3972,116.632,0.367799,0.391065,0.732916,0.829283,0.367799,0.367799
41,1122.29,1,10.9348,56.6247,11.9958,105.292,0.358486,0.381163,0.714358,0.808285,0.358486,0.358486
42,1107.26,1,11.1229,57.1457,12.4627,95.0334,0.349409,0.379247,0.703756,0.787819,0.349409,0.349409
43,1092.25,1,11.1214,55.4347,12.1266,80.963,0.340562,0.369645,0.685936,0.767871,0.340562,0.340562
44,1077.58,1,10.9803,51.2773,12.4764,81.2658,0.331938,0.360285,0.668568,0.748428,0.331938,0.331938
45,1083.78,1,10.8508,49.0103,12.3879,82.446,0.323534,0.351162,0.761191,0.78764,0.323534,0.323534
46,1069.48,1,11.0079,51.821,11.0686,78.1303,0.315341,0.342271,0.792415,0.787373,0.315341,0.315341
47,1064.53,1,10.8977,52.6747,11.1703,81.3357,0.307357,0.333604,0.77235,0.814908,0.307357,0.307357
48,1049.16,1,10.8038,53.4329,11.6282,89.3156,0.299574,0.325157,0.789771,0.794274,0.299574,0.299574
49,1030.37,1,11.0486,55.0017,11.2087,94.1286,0.291989,0.316924,0.769774,0.774163,0.291989,0.291989
50,1028.41,1,11.2474,54.4129,11.1397,81.5554,0.284596,0.308899,0.750283,0.75456,0.284596,0.284596
51,1015.53,1,11.3754,56.2095,11.0189,74.4191,0.27739,0.301078,0.731285,0.735454,0.27739,0.27739
52,1008.43,1,11.1009,53.7925,12.2447,70.6118,0.270366,0.293454,0.712768,0.716832,0.270366,0.270366
53,998.975,1,11.0884,50.1749,11.5608,66.5796,0.26352,0.286024,0.694721,0.698682,0.26352,0.26352
54,988.451,1,11.1581,52.188,9.91531,58.5113,0.256848,0.278782,0.67713,0.680991,0.256848,0.256848
55,976.479,1,11.2784,54.5533,10.0856,60.0586,0.250344,0.271723,0.659985,0.663748,0.250344,0.250344
56,978.138,1,11.1987,52.9331,9.84483,58.3117,0.244005,0.264843,0.687495,0.650161,0.244005,0.244005
57,966.93,1,11.1875,51.8446,10.3483,62.9387,0.237827,0.258137,0.670087,0.633699,0.237827,0.237827
58,960.874,1,10.9817,51.857,10.0501,68.7456,0.231805,0.251601,0.685465,0.624734,0.231805,0.231805
59,955.761,1,11.0222,52.0001,10.3501,71.951,0.225936,0.253125,0.689583,0.608915,0.225936,0.225936
60,945.409,1,11.0454,51.9159,10.6861,71.9852,0.220215,0.246716,0.672122,0.593497,0.220215,0.220215
61,942.569,1,11.0994,51.4938,11.3324,78.4603,0.214639,0.240469,0.730507,0.578469,0.214639,0.214639
62,938.118,1,11.0239,51.2846,12.2118,84.0617,0.214134,0.23438,0.72632,0.572219,0.209204,0.209204
63,920.334,1,11.2581,52.4156,11.2254,79.1474,0.208712,0.228445,0.707929,0.55773,0.203907,0.203907
64,912.437,1,11.1249,53.799,10.239,89.1377,0.207328,0.222661,0.690004,0.54607,0.198744,0.198744
65,908.32,1,10.9942,53.1591,10.7949,89.9127,0.213729,0.217023,0.672533,0.532243,0.193711,0.193711
66,898.796,1,11.0981,52.1991,11.8911,81.447,0.218218,0.217128,0.655504,0.518766,0.188807,0.188807
67,899.507,1,11.2441,53.5204,11.0347,79.1066,0.214604,0.221712,0.669843,0.505631,0.184026,0.184026
68,899.758,1,11.3171,52.8628,11.7335,74.9041,0.221489,0.243039,0.652882,0.522877,0.179366,0.179366
69,895.255,1,11.1956,51.8917,11.2491,75.4941,0.215881,0.241792,0.647809,0.532978,0.174825,0.174825
70,885.095,1,11.2668,52.2671,12.1046,81.6044,0.210414,0.239679,0.631406,0.564698,0.170398,0.170398
71,886.08,1,11.3262,52.1582,11.8031,86.9769,0.21238,0.237568,0.615418,0.5504,0.166083,0.166083
72,879.81,1,11.2494,52.7064,10.7816,83.6519,0.207003,0.231553,0.599836,0.565255,0.170331,0.161878
73,888.162,1,11.079,52.8144,10.9077,77.461,0.201761,0.248368,0.643902,0.563609,0.166019,0.157779
74,884.394,1,11.0219,50.9143,12.0764,79.5988,0.196653,0.246436,0.627598,0.59159,0.166316,0.153784
75,879.838,1,11.1351,50.3543,12.1726,81.7447,0.199216,0.252312,0.630718,0.57661,0.167817,0.14989
76,869.224,1,11.2547,51.0254,12.0762,77.636,0.194172,0.278988,0.614747,0.56201,0.172935,0.146095
77,870.15,1,11.2342,51.7408,12.0189,73.0231,0.189255,0.271924,0.614525,0.54778,0.177386,0.142396
78,865.845,1,11.3373,51.7531,11.86,73.2897,0.187091,0.265039,0.623764,0.53391,0.183676,0.13879
79,865.815,1,11.1995,50.5466,12.6117,73.0565,0.194061,0.258328,0.60797,0.520391,0.188644,0.135276
80,864.52,1,11.2498,50.6958,12.2472,76.1081,0.189148,0.251787,0.600746,0.507214,0.193926,0.131851
81,860.961,1,11.2159,48.9421,11.4152,70.0879,0.186245,0.263095,0.585535,0.494371,0.195969,0.128512
82,854.218,1,11.2222,48.9185,11.9191,67.9529,0.188616,0.262732,0.605154,0.481854,0.191724,0.125258
83,851.074,1,11.2541,49.4912,12.6698,67.3658,0.18384,0.25608,0.589831,0.469653,0.202489,0.122087
84,844.331,1,11.4054,48.3486,13.4401,61.6707,0.179185,0.249596,0.620427,0.457761,0.20572,0.118995
85,847.161,1,11.3212,48.019,14.0542,62.0055,0.191021,0.261875,0.604718,0.44617,0.20616,0.115982
86,848.368,1,11.364,47.4588,14.0453,59.4285,0.186366,0.271265,0.630444,0.434873,0.202421,0.113045
87,834.226,1,11.3261,47.9076,13.1826,57.9056,0.186607,0.264396,0.624969,0.423862,0.197717,0.110183
88,836.875,1,11.3486,47.0745,13.1825,61.067,0.186663,0.257702,0.624258,0.413129,0.20147,0.107393
89,842.712,1,11.4183,47.2802,14.7891,59.2853,0.182071,0.267324,0.710332,0.402669,0.207631,0.104674
90,826.881,1,11.2807,46.01,14.0919,58.1331,0.177461,0.260556,0.692346,0.406031,0.212115,0.102024
91,830.482,1,11.3707,47.3216,13.5666,55.0369,0.172967,0.266833,0.674815,0.39575,0.208485,0.0994403
92,819.415,1,11.3208,46.7195,13.9856,54.3083,0.178537,0.2687,0.657729,0.385729,0.206351,0.0969224
93,820.129,1,11.3003,46.997,13.4854,52.3467,0.1769,0.265853,0.641075,0.375963,0.20998,0.0944682
94,818.321,1,11.3204,45.8675,14.5755,50.4003,0.180875,0.259121,0.686271,0.366443,0.211298,0.0920763
95,824.064,1,11.3466,46.0977,15.1278,54.2912,0.177337,0.256077,0.692974,0.383106,0.215699,0.0897448
96,816.297,1,11.4162,45.2455,15.9504,55.8161,0.172847,0.280058,0.68502,0.373406,0.217678,0.0874724
97,801.156,1,11.2538,44.9274,15.6836,58.0398,0.178943,0.272967,0.700936,0.363951,0.222302,0.0852576
98,806.371,1,11.2727,44.7678,15.4613,58.7408,0.183471,0.277163,0.734729,0.354735,0.221234,0.0830988
99,796.866,1,11.3055,44.9671,15.8002,57.0288,0.178826,0.270145,0.716125,0.345753,0.224309,0.0809947
100,804.2,1,11.3015,44.7555,15.3056,55.7428,0.186897,0.263304,0.697992,0.338034,0.223546,0.0789439
101,803.249,1,11.2908,44.8415,15.0724,55.6841,0.183291,0.256637,0.694558,0.368775,0.227387,0.076945
102,793.481,1,11.3038,45.4944,14.6292,56.7403,0.180416,0.250139,0.676971,0.359438,0.231382,0.0749967
103,791.693,1,11.263,44.8288,15.4906,60.9823,0.179803,0.253318,0.65983,0.350336,0.232806,0.0730977
104,791.39,1,11.2854,44.1912,15.2221,60.1561,0.179409,0.246904,0.643122,0.35908,0.229587,0.0712469
105,788.282,1,11.2609,44.3974,15.4935,58.0937,0.176003,0.258135,0.667334,0.349988,0.228993,0.0694428
106,789.319,1,11.2025,44.0419,15.1594,59.5636,0.180565,0.264552,0.695943,0.390225,0.229057,0.0676845
107,792.237,1,11.2587,44.2331,14.7035,58.8466,0.175993,0.272527,0.713583,0.38433,0.234695,0.0659707
108,790.707,1,11.1157,44.227,14.2524,59.6095,0.175209,0.298176,0.695514,0.374599,0.228753,0.0670995
109,785.642,1,11.1718,44.7794,13.9147,56.4272,0.173593,0.297499,0.677904,0.388783,0.228173,0.0654005
110,782.337,1,11.1628,45.2585,13.2201,55.8087,0.172956,0.308272,0.660739,0.378939,0.232128,0.0637445
111,782.113,1,11.1951,45.7092,13.429,55.4206,0.173652,0.308033,0.644008,0.370245,0.227599,0.0637631
112,783.13,1,11.2294,45.2265,13.6799,57.4048,0.172593,0.300234,0.627702,0.36087,0.23131,0.0648037
113,776.665,1,11.2189,45.0335,13.7942,54.3987,0.170958,0.292632,0.616747,0.351733,0.235418,0.0631628
114,781.966,1,11.2112,45.313,13.4164,54.2149,0.174785,0.285222,0.624351,0.342827,0.234016,0.0634015
115,782.423,1,11.2141,44.4771,13.9601,52.4871,0.170359,0.285492,0.661289,0.342686,0.23021,0.0643154
116,787.728,1,11.2559,44.8127,14.0516,50.3791,0.167257,0.292464,0.710816,0.334009,0.232601,0.065398
117,778.437,1,11.2696,45.1867,14.3879,52.3837,0.172674,0.306387,0.692818,0.325552,0.234725,0.0637421
118,784.28,1,11.2452,44.6139,14.4208,51.8625,0.17292,0.313844,0.675276,0.317309,0.232243,0.0646711
119,774.685,1,11.286,45.391,14.2126,52.1177,0.175122,0.305897,0.658177,0.309274,0.2308,0.0630336
120,766.825,1,11.3079,44.7785,14.514,49.9946,0.172647,0.298152,0.641512,0.301443,0.228653,0.0622551
121,773.104,1,11.2872,43.6824,15.2913,54.0831,0.168341,0.290602,0.658745,0.31002,0.234571,0.0617026
122,778.228,1,11.2507,44.3832,14.6281,52.756,0.174922,0.283244,0.642065,0.360648,0.231951,0.0626144
123,776.242,1,11.3056,45.2725,14.7248,54.0495,0.174201,0.277847,0.625808,0.353492,0.230813,0.062364
124,789.114,1,11.246,45.142,14.1594,51.3367,0.177934,0.278628,0.653665,0.375133,0.231542,0.065156
125,787.048,1,11.2314,44.8868,14.0042,51.8514,0.173428,0.297227,0.637113,0.365635,0.233586,0.0652831
126,777.338,1,11.2264,45.8163,13.5359,51.1999,0.178711,0.29846,0.620981,0.356377,0.232084,0.0636301
127,776.514,1,11.3008,45.6783,13.253,52.1138,0.182713,0.310308,0.605258,0.350146,0.234075,0.0620189
128,772.222,1,11.3143,45.6386,13.8623,54.1725,0.178086,0.31873,0.614287,0.34128,0.231013,0.0604486
129,770.032,1,11.3413,45.568,14.5815,53.0356,0.173577,0.320822,0.598733,0.363811,0.230228,0.0598327
130,766.727,1,11.3004,45.35,14.7797,51.5139,0.171187,0.312699,0.583573,0.354599,0.235663,0.0592345
131,762.457,1,11.26,45.4403,14.6513,54.2703,0.170307,0.323355,0.568796,0.34562,0.233923,0.0579392
132,764.96,1,11.2439,45.1266,13.677,53.1806,0.172564,0.315168,0.554394,0.341516,0.235273,0.05857
133,768.574,1,11.269,46.618,13.2204,53.3017,0.176416,0.307187,0.59345,0.356022,0.237127,0.0578464
134,768.585,1,11.2866,47.0134,13.2443,53.1326,0.177318,0.299409,0.594639,0.359492,0.23219,0.0596077
135,766.416,1,11.3183,45.8414,13.7184,53.8506,0.179156,0.303551,0.616533,0.35039,0.233625,0.0581964
136,771.598,1,11.194,44.3263,14.2486,53.5452,0.181085,0.306131,0.616124,0.366693,0.236067,0.0581954
137,765.172,1,11.2401,44.138,14.1628,54.2159,0.176499,0.315056,0.634282,0.357408,0.233559,0.0577673
138,773.605,1,11.2564,44.9315,13.5057,53.0354,0.17203,0.307079,0.618222,0.348358,0.234896,0.0629183
139,775.727,1,11.1941,45.2838,13.1492,54.1729,0.178537,0.307512,0.625586,0.339537,0.229617,0.0633576
140,781.33,1,11.2574,44.8851,13.4896,54.8123,0.174981,0.325372,0.616355,0.33094,0.23413,0.0634077
141,781.759,1,11.2262,46.4705,12.8149,53.62,0.176843,0.317133,0.604548,0.347966,0.229062,0.0642457
142,779.164,1,11.16,46.0364,12.1752,53.4604,0.173411,0.309103,0.589241,0.339155,0.231863,0.0645035
143,783.117,1,11.1934,46.8745,12.7491,56.3517,0.177437,0.301277,0.609326,0.330568,0.2319,0.065064
144,770.004,1,11.1837,46.4688,12.2491,55.8582,0.173437,0.293648,0.593898,0.322198,0.234152,0.0634165
145,771.906,1,11.2704,46.6069,13.3522,55.1695,0.178386,0.286466,0.621374,0.314039,0.236884,0.0620443
146,769.703,1,11.2396,46.4351,13.1306,55.3337,0.176394,0.279213,0.60564,0.306088,0.235409,0.0615515
147,772.58,1,11.2158,45.8903,13.2983,55.9151,0.172385,0.283794,0.594599,0.298337,0.229461,0.0639657
148,772.691,1,11.3012,45.5527,13.4718,54.3534,0.17399,0.28214,0.592054,0.290783,0.234392,0.0629902
149,766.804,1,11.2861,45.2371,14.1059,54.831,0.176276,0.292395,0.577062,0.289791,0.229854,0.0616183
150,771.967,1,11.1856,44.1482,14.2503,52.2622,0.177619,0.316308,0.628061,0.292882,0.232301,0.0608997
151,767.831,1,11.34,44.5592,14.7251,52.5148,0.173122,0.308299,0.626925,0.296146,0.232691,0.0604761
152,775.416,1,11.2884,45.3709,14.7661,54.8858,0.168738,0.300493,0.638752,0.297295,0.229306,0.0642853
153,774.47,1,11.2627,44.5978,15.0179,54.7261,0.170324,0.292884,0.656144,0.299451,0.229197,0.0638966
154,777.747,1,11.3089,44.1368,14.4168,53.2342,0.176745,0.285468,0.681987,0.298944,0.231759,0.0633422
155,771.379,1,11.2634,44.7484,14.8036,52.7098,0.180983,0.27824,0.673125,0.291375,0.226821,0.0641625
156,760.84,1,11.2769,44.3597,15.0775,50.9162,0.177984,0.280551,0.656937,0.283997,0.231931,0.0625379
157,768.916,1,11.2771,44.6687,14.5599,52.2167,0.179764,0.273447,0.640303,0.276806,0.229646,0.0636477
158,765.398,1,11.266,44.9193,14.4888,53.1742,0.175212,0.266523,0.663916,0.269797,0.232687,0.0620361
159,758.61,1,11.2271,44.4725,14.6224,53.6798,0.177746,0.27545,0.647106,0.262966,0.235141,0.0604653
160,761.093,1,11.2275,44.0043,14.9277,53.216,0.173245,0.276964,0.668504,0.256307,0.236924,0.0595224
161,763.751,1,11.2159,44.6881,14.1923,53.7813,0.171846,0.269951,0.651577,0.249817,0.236867,0.0606847
162,763.094,1,11.2927,45.2381,14.7524,54.8718,0.17465,0.272648,0.656641,0.262882,0.23775,0.0591482
163,764.302,1,11.2823,45.1247,13.8118,54.6961,0.170228,0.293242,0.640015,0.257679,0.23586,0.0601556
164,764.308,1,11.2521,45.1565,13.98,56.3331,0.169857,0.297621,0.623809,0.251154,0.236816,0.0600846
165,757.675,1,11.2329,45.9988,12.7404,54.289,0.172373,0.290085,0.608891,0.244795,0.234173,0.0593834
166,755.59,1,11.203,45.9936,13.1426,53.7421,0.171473,0.28274,0.645541,0.242333,0.231004,0.0595342
167,753.439,1,11.1709,45.6289,13.1414,54.7488,0.178116,0.275581,0.649742,0.236197,0.227442,0.0601582
168,751.169,1,11.2139,45.502,13.0626,53.4612,0.173938,0.268603,0.63329,0.230216,0.233527,0.0602368
169,749.063,1,11.2134,45.0859,13.6667,53.1858,0.179384,0.275087,0.617255,0.224387,0.233069,0.0587994
170,749.699,1,11.2699,45.5103,13.6923,53.2535,0.174842,0.285734,0.601626,0.219698,0.233548,0.0577906
171,748.951,1,11.2441,45.9346,13.5519,53.5183,0.174946,0.282771,0.586392,0.215966,0.23439,0.0578235
172,750.555,1,11.2315,45.1526,13.5277,55.5268,0.178542,0.275611,0.571544,0.210497,0.234889,0.0592557
173,754.856,1,11.1895,46.0565,13.2615,55.0644,0.179261,0.277589,0.557073,0.22232,0.235931,0.0592784
174,757.782,1,11.2372,45.8298,13.2121,55.239,0.179476,0.27056,0.578392,0.256544,0.231224,0.0599852
175,771.481,1,11.2338,45.7835,13.0244,56.7238,0.178458,0.283982,0.592748,0.265653,0.234553,0.0624292
176,767.897,1,11.2366,45.8414,13.6432,56.2334,0.179386,0.284167,0.607255,0.266083,0.229455,0.0623773
177,759.964,1,11.2449,46.8595,13.241,55.6872,0.175179,0.280118,0.615834,0.259346,0.238636,0.0607979
178,760.375,1,11.2386,45.6247,13.1594,57.3524,0.176878,0.273475,0.600241,0.252779,0.232593,0.0615364
179,762.1,1,11.2424,45.644,13.3001,57.5891,0.181326,0.280465,0.620584,0.246378,0.232158,0.0612671
180,770.574,1,11.2185,45.338,13.2596,57.2399,0.176735,0.280067,0.650833,0.281279,0.232631,0.0615325
181,769.261,1,11.1918,46.5237,13.2453,57.9119,0.172992,0.305211,0.637849,0.277406,0.23139,0.0611765
182,768.482,1,11.1558,44.4735,12.7936,57.2279,0.174229,0.307696,0.63331,0.270382,0.232897,0.0612226
183,757.669,1,11.2429,45.2996,13.7901,58.5709,0.171579,0.299905,0.638066,0.263535,0.232435,0.0596724
184,752.085,1,11.2489,45.0035,13.5378,56.397,0.178565,0.292312,0.662334,0.256862,0.234466,0.0581614
185,763.272,1,11.2257,45.3924,13.6309,56.6384,0.17805,0.28491,0.672585,0.262434,0.23236,0.0597036
186,761.379,1,11.2742,45.082,13.8814,56.0512,0.181129,0.277696,0.708085,0.255789,0.229446,0.0610336
187,757.652,1,11.2881,45.843,13.7656,55.7289,0.176543,0.270665,0.690155,0.249312,0.227058,0.061112
188,755.838,1,11.2833,46.2938,13.983,54.1426,0.173132,0.270055,0.67268,0.243,0.231908,0.0595646
189,752.285,1,11.2613,45.245,14.1815,54.3189,0.175494,0.272986,0.691806,0.236847,0.230733,0.0590693
190,747.377,1,11.247,45.3325,14.0944,54.9791,0.172187,0.267129,0.674289,0.23085,0.23224,0.0575737
191,748.182,1,11.231,44.7236,14.2526,53.456,0.172953,0.274856,0.657216,0.235551,0.235659,0.0561159
192,748.945,1,11.2004,44.5099,13.6809,53.5207,0.173081,0.271717,0.667973,0.241259,0.237774,0.0553005
193,753.53,1,11.2538,44.5686,13.8919,52.8725,0.176868,0.278015,0.656361,0.23515,0.231805,0.0580866
194,754.249,1,11.2196,44.538,13.8123,51.4485,0.177828,0.276745,0.653669,0.251363,0.231457,0.0578307
195,762.837,1,11.2084,44.9317,14.4171,52.1567,0.175356,0.294621,0.711712,0.249409,0.237772,0.0577681
196,764.278,1,11.2219,45.2663,13.7661,54.641,0.170916,0.287161,0.693691,0.246463,0.231857,0.0610034
197,765.107,1,11.2572,46.0811,13.1617,56.4236,0.176582,0.28111,0.676127,0.240223,0.231706,0.0615844
198,757.502,1,11.2748,45.6477,13.8131,56.1118,0.181726,0.273992,0.659007,0.23414,0.232673,0.060025
199,751.497,1,11.2366,45.2424,14.4595,55.9669,0.184009,0.284273,0.669506,0.228212,0.234793,0.0585051
200,757.645,1,11.2867,45.0712,14.1189,53.9295,0.188312,0.28374,0.667281,0.222433,0.235041,0.0599625
201,753.239,1,11.2898,44.9007,14.7007,54.3075,0.184015,0.276556,0.657186,0.216801,0.233833,0.0598264
202,760.584,1,11.3156,44.941,14.5198,51.7995,0.179356,0.269553,0.665338,0.211311,0.22963,0.0624511
203,753.935,1,11.2971,44.9565,14.352,50.901,0.17737,0.262728,0.648491,0.205961,0.23086,0.0617099
204,755.75,1,11.2026,44.6984,14.4859,51.4692,0.172879,0.256075,0.683764,0.200746,0.237099,0.0604435
205,753.717,1,11.2146,44.6037,14.4701,52.2309,0.172579,0.249591,0.668166,0.195663,0.234142,0.0602199
206,752.921,1,11.2573,44.7964,14.0577,52.239,0.175896,0.255363,0.656797,0.198845,0.234093,0.0594576
207,760.914,1,11.3323,45.074,14.8805,53.3121,0.176108,0.283356,0.646047,0.20393,0.232675,0.0613038
208,753.247,1,11.3092,44.9129,14.6177,52.2948,0.176626,0.276181,0.638121,0.198766,0.230823,0.0603564
209,753.585,1,11.3164,44.8166,14.46,53.9557,0.177316,0.270124,0.64134,0.210771,0.233898,0.0588735
210,758.999,1,11.2877,44.9833,14.7705,55.3015,0.178296,0.267618,0.637042,0.207372,0.22974,0.0618541
211,755.751,1,11.2989,45.0057,14.1094,55.3694,0.181023,0.260842,0.620912,0.21065,0.229281,0.0617189
212,761.044,1,11.2729,45.0584,14.1311,52.6812,0.181706,0.261882,0.645685,0.212761,0.231592,0.0616813
213,762.935,1,11.2571,45.675,13.7265,57.4806,0.184894,0.255251,0.712233,0.213593,0.226991,0.0627776
214,765.44,1,11.227,45.5748,13.8209,56.2699,0.184531,0.262861,0.763496,0.210211,0.227282,0.0626924
215,769.539,1,11.2419,44.4168,14.2776,55.0044,0.184821,0.26169,0.77231,0.204888,0.227996,0.0644393
216,771.668,1,11.203,43.3586,15.102,54.0849,0.184528,0.285923,0.752755,0.200701,0.226508,0.0648908
217,768.158,1,11.2538,43.87,14.7666,55.9644,0.179856,0.278684,0.733695,0.195619,0.234568,0.0632477
218,767.031,1,11.2783,43.7079,15.0451,56.2931,0.175302,0.271627,0.748982,0.190666,0.234626,0.0640439
219,765.505,1,11.2916,44.3237,14.9029,57.4939,0.175392,0.264749,0.735681,0.197177,0.229279,0.0635909
220,761.265,1,11.2805,43.9908,15.1723,55.4274,0.176406,0.279481,0.729589,0.208589,0.235052,0.0619807
221,760.939,1,11.2815,44.5973,14.6189,54.4946,0.176546,0.275043,0.711115,0.21602,0.232216,0.0604288
222,760.431,1,11.2976,43.9966,15.0227,54.7261,0.173805,0.285657,0.710004,0.234175,0.233285,0.0590414
223,759.856,1,11.2677,44.6512,15.5304,54.2889,0.179061,0.278424,0.707014,0.228246,0.229709,0.060655
224,761.077,1,11.2421,44.3521,15.4608,54.7812,0.180974,0.277737,0.721833,0.222467,0.232727,0.0605522
225,749.84,1,11.2717,45.1967,14.9402,54.6144,0.178775,0.277865,0.703556,0.247153,0.232308,0.059019
226,764.785,1,11.3162,44.7618,14.839,58.3373,0.180796,0.270829,0.723996,0.266119,0.234732,0.0592005
227,759.222,1,11.2754,43.8482,14.6182,55.9945,0.180385,0.263972,0.733648,0.259381,0.236171,0.0587822
228,754.373,1,11.2785,43.4696,14.8025,55.7231,0.180299,0.261621,0.759032,0.252813,0.231961,0.058674
229,755.154,1,11.2237,43.8285,14.8095,54.3524,0.179271,0.254996,0.739813,0.246412,0.231915,0.0596024
230,756.048,1,11.2711,44.855,14.4937,55.079,0.182597,0.265061,0.721081,0.240173,0.231479,0.0583683
231,755.324,1,11.3241,44.8214,15.1739,54.5754,0.177973,0.258349,0.721823,0.234091,0.231761,0.0588051
232,758.695,1,11.2835,44.7709,14.5042,52.8323,0.181603,0.264548,0.713776,0.228164,0.233315,0.0597819
233,764.551,1,11.2201,44.5845,14.0685,52.7715,0.178869,0.26195,0.715186,0.222387,0.235043,0.0615123
234,758.098,1,11.2367,43.9148,15.1154,53.233,0.178221,0.255317,0.71713,0.221403,0.235813,0.0599548
235,759.81,1,11.2052,43.1145,15.1121,53.8707,0.174013,0.248852,0.699761,0.244789,0.237901,0.0592043
236,766.489,1,11.2182,43.0608,15.4277,53.1481,0.177958,0.259308,0.712407,0.238591,0.234472,0.0617771
237,763.876,1,11.2091,43.2263,15.5751,54.3467,0.184505,0.271034,0.694369,0.23255,0.232536,0.0607778
238,763.321,1,11.2368,44.134,15.1919,53.7996,0.18,0.290122,0.676787,0.24151,0.234856,0.0595583
239,759.453,1,11.1987,44.6356,14.5784,53.3048,0.177135,0.283501,0.65965,0.259249,0.240027,0.0580502
240,759.221,1,11.1795,44.7104,14.083,54.2968,0.18438,0.287801,0.642947,0.252685,0.233949,0.05993
241,753.764,1,11.2271,44.1116,14.0191,53.5022,0.182846,0.29182,0.626668,0.246287,0.234342,0.0584126
242,753.461,1,11.222,44.232,13.7347,53.371,0.180832,0.291946,0.624107,0.240051,0.241035,0.0569335
243,753.638,1,11.2311,44.4702,14.819,52.0969,0.176253,0.284554,0.685155,0.233972,0.235247,0.057296
244,764.304,1,11.2692,44.1222,14.6313,53.0739,0.171865,0.28475,0.686955,0.274947,0.235514,0.0586937
245,761.881,1,11.2624,43.9645,15.0954,55.51,0.175672,0.283301,0.683834,0.267985,0.234202,0.0593672
246,759.676,1,11.2524,43.9112,15.2293,54.4875,0.178857,0.292894,0.701001,0.2612,0.23227,0.0593172
247,769.048,1,11.2004,42.4391,15.8978,54.5659,0.181688,0.285478,0.74773,0.254586,0.232308,0.0612566
248,773.94,1,11.2409,42.4715,15.7688,52.9253,0.17754,0.281089,0.750378,0.268934,0.234441,0.0611795
249,770.886,1,11.2628,43.2892,14.7357,52.947,0.179927,0.277855,0.732284,0.274971,0.231475,0.0610093
250,768.582,1,11.2764,44.1981,14.6769,51.4388,0.178714,0.273905,0.713742,0.276412,0.236332,0.0594645
251,765.6,1,11.2903,44.2537,15.4786,53.6236,0.178404,0.298022,0.69567,0.277904,0.232501,0.0594243
252,764.624,1,11.2821,43.9324,16.4343,51.5815,0.173887,0.291197,0.678055,0.285252,0.231788,0.0599615
253,767.551,1,11.2975,44.2447,14.8727,51.2806,0.173163,0.283824,0.660886,0.278029,0.233713,0.0611681
254,772.893,1,11.2723,44.0914,15.2498,50.3627,0.177118,0.282842,0.65429,0.270989,0.235803,0.0624565
255,772.566,1,11.2929,44.972,15.7756,52.8759,0.176763,0.290301,0.637723,0.264127,0.233799,0.0627594
256,771.094,1,11.2962,44.2372,15.5627,52.1134,0.172287,0.282951,0.673712,0.260221,0.234912,0.061777
257,771.762,1,11.2157,44.043,15.0522,51.653,0.172825,0.278907,0.656654,0.257938,0.23341,0.0632594
258,759.848,1,11.2734,44.9379,14.8247,51.5185,0.168449,0.285334,0.640027,0.251407,0.233254,0.0616576
259,764.079,1,11.2242,44.9564,14.3827,51.5086,0.172691,0.278109,0.642796,0.245041,0.232591,0.061269
260,764.74,1,11.2209,44.7013,14.1739,51.6084,0.176011,0.271067,0.647162,0.238837,0.239326,0.0601365
261,760.779,1,11.2586,44.6564,14.6128,52.057,0.179416,0.268067,0.675372,0.235799,0.233266,0.0609426
262,761.627,1,11.2623,44.1459,15.4507,52.8896,0.179217,0.263373,0.705968,0.229828,0.231469,0.0623035
263,753.557,1,11.3031,43.8156,15.3187,53.2726,0.179823,0.256704,0.741172,0.224009,0.232046,0.0607259
264,756.877,1,11.3095,44.7096,14.9648,53.3618,0.176653,0.26182,0.722405,0.218337,0.237971,0.0593634
265,753.105,1,11.2619,43.9022,15.7005,50.0763,0.176666,0.25519,0.73778,0.212808,0.236356,0.0578602
266,759.076,1,11.2886,43.7927,15.6058,50.3804,0.176818,0.248729,0.720328,0.20742,0.234356,0.0609089
267,764.368,1,11.3277,43.9993,15.6512,51.6187,0.176925,0.257318,0.741903,0.202168,0.235156,0.0623609
268,764.792,1,11.2377,43.6197,15.285,52.825,0.173004,0.250802,0.744146,0.227339,0.235532,0.0610789
269,759.941,1,11.2961,44.2845,15.1602,52.7906,0.168643,0.257935,0.725304,0.221582,0.236368,0.0597389
270,767.552,1,11.2703,44.6102,15.3154,53.8444,0.170186,0.266725,0.710177,0.22484,0.235802,0.0617084
271,758.68,1,11.3544,44.5614,15.2758,55.0029,0.174868,0.271456,0.692195,0.219147,0.233079,0.0606357
272,753.816,1,11.3288,43.8637,15.4192,54.7579,0.175519,0.269217,0.674668,0.213598,0.236616,0.0591004
273,750.295,1,11.3064,43.9801,14.7568,53.8293,0.172341,0.262401,0.657585,0.20819,0.23453,0.0598455
274,759.05,1,11.2407,44.4139,14.8401,53.0023,0.169217,0.266845,0.685793,0.202918,0.234969,0.060904
275,762.581,1,11.2598,44.4203,14.7485,53.5726,0.173315,0.287592,0.694298,0.19778,0.234541,0.0615912
276,757.277,1,11.285,44.5334,14.8988,51.6649,0.175347,0.28031,0.703989,0.193743,0.232862,0.0600317
277,761.233,1,11.224,44.2874,14.6313,52.2327,0.176178,0.273213,0.719041,0.193602,0.22975,0.0624258
278,771.464,1,11.2448,44.7794,14.4855,52.6151,0.174932,0.266295,0.709658,0.208057,0.229187,0.0656084
279,766.31,1,11.1991,44.8536,14.1309,51.9836,0.176683,0.259552,0.691689,0.202789,0.234707,0.0639472
280,748.37,1,11.2442,45.4225,13.8255,51.2009,0.178229,0.296081,0.674175,0.197654,0.232461,0.062328
281,754.618,1,11.3153,46.2126,13.9339,53.0145,0.180359,0.309619,0.657105,0.19265,0.228432,0.0618582
282,758.611,1,11.2906,45.2359,14.2907,52.5978,0.179677,0.301779,0.680438,0.187772,0.233277,0.060292
283,760.818,1,11.2769,46.2494,13.3489,54.1689,0.175128,0.294138,0.663209,0.190897,0.233992,0.0622368
284,754.21,1,11.2221,45.8314,13.8326,54.9212,0.17343,0.28669,0.659879,0.186063,0.232808,0.060661
285,754.115,1,11.1915,46.0042,13.0938,55.6678,0.17583,0.279431,0.643171,0.181352,0.232489,0.0615721
286,761.291,1,11.2401,45.354,13.0914,55.0815,0.172359,0.277411,0.62757,0.200854,0.232352,0.0622756
287,761.614,1,11.2367,45.3041,13.4185,54.1057,0.17548,0.283272,0.61168,0.195768,0.233085,0.0636916
288,749.815,1,11.2739,45.484,14.1261,53.6375,0.178239,0.277289,0.618256,0.190811,0.23316,0.0620789
289,758.412,1,11.2635,45.4286,13.777,53.3463,0.174155,0.287268,0.602601,0.187369,0.235118,0.0614044
290,763.161,1,11.2602,46.5646,13.6288,52.2588,0.175031,0.296626,0.587343,0.185996,0.231733,0.063761
291,770.855,1,11.2501,46.546,13.309,52.1555,0.173023,0.295771,0.572471,0.194609,0.23003,0.0666885
292,760.872,1,11.2585,47.4097,12.5819,53.687,0.173587,0.288282,0.56171,0.189681,0.228807,0.0651086
293,764.1,1,11.2264,47.2117,12.4798,53.8398,0.169192,0.280983,0.551518,0.184878,0.23226,0.0657582
294,755.628,1,11.2821,46.3994,13.1563,54.1209,0.172876,0.290621,0.605159,0.180197,0.230674,0.0640932
295,760.646,1,11.1991,46.3168,13.0631,54.1187,0.168945,0.283262,0.59168,0.193446,0.234051,0.0629265
296,758.538,1,11.2094,46.5874,13.289,55.9869,0.17157,0.27609,0.576699,0.209189,0.232842,0.0618426
297,748.576,1,11.301,45.9043,13.8097,57.2137,0.175429,0.269099,0.614532,0.203892,0.228935,0.0609415
298,756.495,1,11.3259,45.1411,14.3538,56.197,0.174151,0.271589,0.609417,0.198729,0.230831,0.0620565
299,752.925,1,11.2761,44.9071,14.1515,55.77,0.174048,0.264713,0.599773,0.193697,0.231908,0.062078
300,751.515,1,11.2311,44.7637,14.524,55.6344,0.173919,0.25801,0.590564,0.188793,0.232664,0.0615569
301,754.484,1,11.2625,45.0415,14.0203,55.4762,0.176027,0.262669,0.575611,0.200367,0.233591,0.0611543
302,743.373,1,11.288,45.2944,14.1436,54.2856,0.177775,0.274581,0.580623,0.200251,0.227676,0.0596059
303,749.495,1,11.2488,45.6245,13.409,54.4701,0.176615,0.267629,0.565921,0.211496,0.235963,0.0586722
304,759.849,1,11.2683,45.5316,14.3861,56.1585,0.177326,0.260852,0.635585,0.230771,0.230942,0.0612045
305,770.248,1,11.301,45.6888,14.6283,55.2835,0.177453,0.265627,0.640304,0.233125,0.229665,0.0645078
306,757.849,1,11.2744,45.7439,13.6342,56.5526,0.181371,0.269233,0.651164,0.227222,0.231048,0.0628745
307,769.936,2,11.2383,45.389,13.9915,56.9138,0.179312,0.297651,0.683331,0.245438,0.22999,0.0621398
308,765.778,2,11.3022,44.9809,14.2503,55.4149,0.174771,0.290114,0.706062,0.266184,0.233761,0.0605664
309,765.439,2,11.2769,44.5443,14.6585,52.8329,0.174583,0.282047,0.670674,0.245007,0.231997,0.0610804
310,764.502,2,11.32,45.2102,13.6784,54.8492,0.176008,0.266119,0.629397,0.260752,0.232421,0.0611315
311,761.789,2,11.2873,44.6802,14.307,57.7656,0.174039,0.254063,0.656829,0.261818,0.232945,0.0602816
312,765.901,2,11.207,45.5331,13.8724,57.0586,0.179685,0.289655,0.640404,0.298851,0.23562,0.058456
313,759.998,2,11.2728,45.9254,14.2409,55.0553,0.172174,0.284996,0.593216,0.293816,0.233587,0.0587277
314,756.163,2,11.2697,45.3373,13.9787,55.2148,0.172033,0.283973,0.6086,0.26704,0.230697,0.0589449
315,761.744,2,11.2211,44.8813,13.6466,53.9847,0.171291,0.279229,0.654121,0.249664,0.233207,0.059687
316,758.064,2,11.2568,45.6961,13.9371,56.3375,0.1719,0.292547,0.682762,0.242069,0.232194,0.0587408
317,758.024,2,11.2258,45.7604,13.835,55.4861,0.172654,0.28524,0.692627,0.235254,0.234887,0.058213
318,751.767,2,11.2075,45.1059,13.8857,55.7375,0.175244,0.284396,0.714854,0.214802,0.234476,0.0573559
319,761.287,2,11.2073,44.8893,13.7139,55.5426,0.176475,0.280043,0.701256,0.216004,0.238307,0.0581712
320,764.046,2,11.1785,45.3133,13.489,55.8651,0.179164,0.280039,0.70347,0.218362,0.238451,0.0588976
321,761.664,2,11.2401,45.0939,13.978,56.6635,0.180074,0.27105,0.729071,0.205998,0.238892,0.0591055
322,756.943,2,11.2635,44.5383,14.2292,56.9707,0.179144,0.270272,0.73306,0.192867,0.234642,0.0598726
323,757.29,2,11.3012,45.1898,14.3089,56.6379,0.177077,0.265562,0.727586,0.178905,0.234363,0.0606258
324,757.593,2,11.2703,44.6724,14.4595,56.5992,0.179098,0.264009,0.754963,0.179853,0.234566,0.0600785
325,760.947,2,11.2806,43.9599,15.3449,56.2964,0.180962,0.266536,0.798575,0.185725,0.236065,0.0592764
326,750.755,2,11.2991,43.5344,15.7436,55.4544,0.182433,0.269414,0.811082,0.170858,0.235926,0.0584917
327,752.453,2,11.2887,43.3287,15.6479,55.9984,0.182121,0.267562,0.785866,0.176228,0.232558,0.0590261
328,755.121,2,11.2807,43.2893,15.5538,56.7554,0.179325,0.25663,0.785205,0.175279,0.232393,0.0597516
329,753.969,2,11.2566,43.2619,15.3839,56.6969,0.178807,0.257027,0.775226,0.177168,0.232609,0.0596477
330,756.137,2,11.2272,43.4053,15.2325,56.6427,0.177914,0.249676,0.762653,0.183662,0.233432,0.0597827
331,757.272,2,11.2368,43.3195,15.341,56.6417,0.178217,0.252901,0.772621,0.183907,0.234505,0.0595094
332,760.67,2,11.2699,43.2193,15.6204,56.4375,0.179643,0.255039,0.765442,0.187248,0.232587,0.0603012
333,758.897,2,11.2887,43.1204,15.7246,56.2617,0.179878,0.259933,0.756575,0.192682,0.233892,0.0597888
334,763.91,2,11.2891,43.1258,15.7646,56.2065,0.180193,0.258194,0.758443,0.195113,0.235079,0.0599497
335,760.832,2,11.2797,43.1721,15.8397,55.9739,0.18234,0.255499,0.764706,0.195236,0.234104,0.0602026
336,758.698,2,11.2773,43.5002,15.6235,55.0295,0.180816,0.252203,0.759239,0.190688,0.234273,0.0604947
337,757.608,2,11.2826,43.5846,15.4982,54.9156,0.180584,0.254373,0.755869,0.194569,0.233018,0.0604554
338,752.9,2,11.2803,43.7308,15.4649,54.5871,0.17926,0.25242,0.748335,0.192355,0.233006,0.0603086
339,756.306,2,11.2813,43.787,15.4359,55.1127,0.177767,0.257884,0.749905,0.197927,0.23424,0.0595381
340,761.363,2,11.2686,43.6786,15.5215,55.0833,0.177344,0.255092,0.761348,0.198601,0.233799,0.0598611
341,757.954,2,11.2818,43.6405,15.6146,55.0679,0.1769,0.255048,0.763117,0.197354,0.232871,0.0601378
342,758.485,2,11.2815,43.6276,15.6692,54.8113,0.176309,0.254295,0.762056,0.198934,0.231829,0.0604225
343,756.109,2,11.276,43.5598,15.6467,54.5866,0.175923,0.253107,0.754272,0.198292,0.232151,0.0603975
344,756.251,2,11.2807,43.4809,15.7291,54.2488,0.175855,0.252311,0.750201,0.195911,0.232602,0.0603791
345,760.307,2,11.2786,43.3898,15.8935,54.3196,0.176157,0.249731,0.753211,0.197126,0.232092,0.0606268
346,761.935,2,11.279,43.3113,15.9476,54.5143,0.176948,0.251754,0.761067,0.194848,0.232587,0.0605751
347,759.538,2,11.2793,43.2362,15.9737,54.4503,0.177453,0.252959,0.759049,0.194261,0.232511,0.0606166
348,755.948,2,11.2795,43.2917,15.9804,54.3588,0.177446,0.254876,0.754115,0.192892,0.23241,0.0605867
349,752.677,2,11.2829,43.4828,15.9066,54.3843,0.177514,0.25602,0.749133,0.188604,0.232427,0.0605866
350,763.739,2,11.2885,43.5323,15.9457,54.5264,0.17776,0.256842,0.750223,0.188918,0.232771,0.0606365
351,764.378,2,11.2896,43.645,15.8425,54.6627,0.178137,0.257412,0.750477,0.190784,0.232667,0.0607308
352,758.875,2,11.2886,43.6992,15.7117,54.8147,0.178198,0.257335,0.750592,0.192645,0.232935,0.0605719
353,756.438,2,11.2863,43.8263,15.5388,54.9421,0.177877,0.256354,0.749919,0.191799,0.233138,0.0605415
354,760.964,2,11.2793,43.9467,15.3849,55.0486,0.178059,0.257196,0.746828,0.190652,0.232917,0.0607077
355,757.855,2,11.277,44.0096,15.2508,55.1821,0.178179,0.257517,0.746628,0.191137,0.232844,0.0606631
356,753.431,2,11.2751,44.0716,15.1585,55.3088,0.178287,0.257778,0.74681,0.191402,0.23261,0.0605711
357,755.904,2,11.276,44.1249,15.1235,55.4871,0.17838,0.258222,0.744775,0.191852,0.232452,0.060541
358,767.443,2,11.2764,44.1338,15.116,55.5413,0.178508,0.258341,0.744727,0.192013,0.232369,0.0606024
359,757.529,2,11.277,44.1479,15.1221,55.5867,0.178527,0.258264,0.744214,0.19191,0.232339,0.0606166
360,748.739,2,11.2767,44.1494,15.1146,55.5653,0.178489,0.258387,0.742997,0.19129,0.232426,0.0605761
361,750.48,2,11.2764,44.152,15.099,55.5692,0.178399,0.258923,0.742066,0.190935,0.232481,0.0605298
362,762.352,2,11.2764,44.1603,15.0936,55.5717,0.178247,0.259382,0.741657,0.190827,0.232545,0.0605392
363,754.116,2,11.2772,44.1679,15.0841,55.5323,0.178147,0.259267,0.740744,0.190567,0.232515,0.0605551
364,754.992,2,11.2779,44.1815,15.0765,55.5111,0.178089,0.25937,0.739673,0.190545,0.232439,0.0605704
365,757.281,2,11.2787,44.197,15.0697,55.5057,0.177994,0.259512,0.739179,0.190704,0.232461,0.0605589
366,759.683,2,11.2793,44.2068,15.071,55.4873,0.17796,0.259472,0.739221,0.191571,0.232462,0.0605307
367,755.758,2,11.2794,44.2001,15.0725,55.4855,0.177881,0.259378,0.739367,0.191073,0.232477,0.0605423
368,762.114,2,11.2785,44.1906,15.0679,55.4858,0.177843,0.259646,0.739594,0.190823,0.232472,0.0605662
369,755.151,2,11.2782,44.1756,15.0764,55.4679,0.177706,0.259548,0.740097,0.190565,0.232473,0.0605666
370,755.905,2,11.278,44.1631,15.0916,55.4474,0.177715,0.259389,0.74072,0.190734,0.232439,0.0605545
371,753.818,2,11.2774,44.1514,15.104,55.4373,0.177705,0.259246,0.7409,0.190805,0.232465,0.0605271
372,749.354,2,11.2769,44.1324,15.1154,55.453,0.177707,0.258634,0.741937,0.190744,0.232538,0.0604776
373,752.664,2,11.2775,44.1298,15.1237,55.4451,0.177717,0.258243,0.741882,0.190841,0.232539,0.0604615
374,756.564,2,11.2785,44.1223,15.1312,55.4245,0.177736,0.257751,0.742092,0.191003,0.232553,0.060458
375,754.814,2,11.2802,44.1271,15.1445,55.3865,0.177745,0.257361,0.742459,0.191201,0.232526,0.0604512
376,761.848,2,11.2806,44.1243,15.156,55.3699,0.177829,0.256872,0.742968,0.1907,0.232454,0.0605179
377,760.382,2,11.2811,44.1217,15.1578,55.3726,0.177838,0.256545,0.742826,0.190605,0.23239,0.060563
378,765.301,2,11.2814,44.1247,15.1644,55.3526,0.177777,0.256517,0.74269,0.190547,0.23247,0.0605834
379,749.982,2,11.2815,44.1189,15.1788,55.3362,0.177722,0.25667,0.742163,0.190378,0.232503,0.0605517
380,749.684,2,11.281,44.117,15.1877,55.3108,0.177662,0.256908,0.741437,0.190241,0.232542,0.0605164
381,756.5,2,11.2811,44.1137,15.1888,55.3066,0.177627,0.257057,0.740324,0.190469,0.23253,0.0605138
382,758.914,2,11.2816,44.11,15.1959,55.3033,0.177562,0.257378,0.739007,0.190455,0.232504,0.0605343
383,759.39,2,11.2823,44.1109,15.1986,55.3,0.177567,0.257915,0.738163,0.190668,0.232538,0.0605145
384,755.373,2,11.2822,44.116,15.19,55.2676,0.177511,0.258293,0.73731,0.190557,0.232574,0.0605008
385,758.697,2,11.2824,44.1231,15.1851,55.2666,0.177557,0.25869,0.736885,0.190534,0.232557,0.0604999
386,757.947,2,11.2828,44.1245,15.1808,55.2725,0.177598,0.259035,0.736342,0.190442,0.232523,0.0605067
387,758.902,2,11.2826,44.1255,15.1753,55.2834,0.177656,0.259071,0.735663,0.190827,0.232528,0.0604968
388,759.968,2,11.2824,44.1344,15.1606,55.2925,0.177708,0.259008,0.73537,0.190871,0.232532,0.0605056
389,762.236,2,11.2818,44.1361,15.1553,55.3223,0.177786,0.258849,0.735979,0.19084,0.232535,0.0605177
390,761.396,2,11.2815,44.1423,15.1466,55.3165,0.17781,0.258594,0.735554,0.1907,0.232575,0.0605396
391,751.052,2,11.282,44.1461,15.1486,55.3024,0.17785,0.258313,0.735635,0.190606,0.232575,0.060525
392,744.612,2,11.2825,44.1463,15.1477,55.2907,0.17785,0.258226,0.73521,0.190211,0.232587,0.0604994
393,751.966,2,11.2834,44.153,15.1481,55.2751,0.177824,0.258248,0.734701,0.190139,0.232601,0.0604853
394,758.713,2,11.2836,44.154,15.1514,55.2686,0.177873,0.258435,0.735185,0.189947,0.232533,0.0605017
395,772.593,2,11.2836,44.1469,15.1538,55.2867,0.177886,0.258498,0.735528,0.1899,0.232586,0.0605366
396,753.833,2,11.2836,44.1541,15.1491,55.2959,0.177907,0.258448,0.735477,0.189881,0.232554,0.0605335
397,755.752,2,11.283,44.159,15.1389,55.2958,0.17792,0.258701,0.735277,0.189899,0.232571,0.0605149
398,759.054,2,11.2823,44.1675,15.1213,55.3106,0.177895,0.259052,0.73464,0.189841,0.232614,0.060508
399,755.319,2,11.2823,44.166,15.1233,55.3235,0.177836,0.259027,0.734537,0.189701,0.232616,0.0605109
400,762.278,2,11.2821,44.167,15.1188,55.3176,0.177788,0.25909,0.734954,0.18949,0.232584,0.0605397
401,754.745,2,11.2819,44.1625,15.1241,55.3117,0.177667,0.259118,0.735529,0.18921,0.232614,0.0605331
402,760.355,2,11.2817,44.154,15.1226,55.3196,0.177652,0.259369,0.736006,0.18902,0.232632,0.0605327
