rep,id,eta_Cl,eta_V1,eta_Q,eta_V2
1,1,-0.653332789269753,-0.500585366433006,-0.267922572033631,-2.98454287716044
2,1,-0.556592853925057,-0.534851341798402,-0.450747074889751,-0.892514906078658
3,1,-2.40419750434949,-0.165167918841035,-1.47337059014404,2.79280139889091
4,1,-1.01611767718663,0.141552710594976,-1.58132256465667,0.33597786754003
5,1,-0.711166210231641,-1.22588536133074,0.491680947164101,-0.623107073790535
6,1,-2.1916045296746,-0.504125935727316,-0.264305618858017,0.485434524931543
7,1,-1.61662463251764,0.113321860632227,0.183431175747122,0.266316901773773
8,1,-1.1783304602585,-1.91982966104825,0.299570414114962,0.0554260884538611
9,1,-0.6953748096154,0.556365914709105,-1.55553765173665,-1.32822327771396
10,1,-0.970216877760812,-0.18832091968071,-1.09857521980641,-0.513856948998721
1,2,0.280228061835151,-1.6249966619895,-0.37813332266577,-1.35290927325668
2,2,-0.890551927358353,0.110095860664035,-0.981709148226032,2.10215386996951
3,2,0.140293142746738,0.222863949054285,-0.453920302619201,0.0913516969329566
4,2,0.174239911114417,-0.21805027765984,-1.22322457382065,-2.37468770169195
5,2,0.461918181551944,0.453261879602307,-0.488775762467465,-2.20765584283131
6,2,0.406503169324212,0.594242932753267,-0.408161339466618,0.0816549286216937
7,2,0.244227618314829,-0.0143595885653751,-1.52156449058065,-1.5909242048942
8,2,0.37662356829007,-1.08820676208174,0.800267683785789,-0.97410734621543
9,2,0.321817398085873,-0.847760492158804,2.23880190737244,-1.1993367029483
10,2,-0.332242789047299,0.039195489885114,-2.05166171433007,1.68627486136688
1,3,0.363377678852707,-1.14341313997564,0.32745895786942,-0.593216823596015
2,3,0.246505479402359,1.04747988258619,-0.158243741530839,-1.35918500250496
3,3,-0.122714873518393,-0.0320505206581255,-0.822354407688737,0.901573243923226
4,3,-1.9749648971909,0.302936516488443,-0.117876388407265,2.22015871483081
5,3,-0.00362213062331657,0.14117285598459,-0.944643084534491,0.539122329553725
6,3,-0.0421732045535783,-0.125012032923181,-0.991933127668837,-0.0906509256841751
7,3,0.154185556091573,0.248631705899737,-1.25061625648496,-0.21852576934993
8,3,-0.341029775824898,0.225195834570289,-1.1235713062818,1.19667515285789
9,3,-0.143834439655447,-0.128934709275946,-0.0582589367505377,0.927130540407073
10,3,-1.17734425485528,0.608835279500957,-0.0980828942217272,1.76391607238565
1,4,-0.420069980202122,0.475168747705183,-0.592482350528821,1.02975467764055
2,4,-0.0326806145826987,-0.0231530955322443,-2.47587994701924,-0.583691552189669
3,4,-0.376944914590383,0.351246161015967,-0.619724660005271,0.733735654433499
4,4,0.134437431102218,0.0063141576615191,-0.338130999402504,-2.44759364519675
5,4,-1.05458418894015,-0.277357875842775,-0.675412028340246,1.44119435692596
6,4,-0.0868882155347765,-0.582184458742352,-1.0911594543734,-2.66778451543181
7,4,0.0545682906840186,0.298396033981058,-2.20470804526018,-2.19072348223987
8,4,0.0364441368710033,-1.0015520770104,0.678982146264387,-1.64862275096671
9,4,-0.0387271154095142,0.396660315792763,-0.734199193445971,-1.09616550181573
10,4,-0.66447617843434,-0.532036284604836,-0.58189775963332,0.932547406410949
1,5,-0.145205691217843,-0.049779250628592,-1.03546394462187,-1.54912456304329
2,5,-0.0185691554563543,-0.404387619938551,0.492270268964994,-0.526829961241709
3,5,-0.0129414086536918,0.647390292513208,0.472008894861192,0.00536142568459019
4,5,-0.284451044928596,-0.0175958744937073,0.6792506940421,-1.86142403656439
5,5,-0.134020458920626,0.393292938136491,-0.693991612720338,-0.355268125211615
6,5,0.0254591833517291,-1.58118972682013,2.43299757381116,-0.830634931347206
7,5,-0.986024098794944,0.0901796121010796,0.0272614505151375,0.890297284082795
8,5,-1.31982906739474,0.471693567739942,-0.650202312266056,1.46433350259889
9,5,0.00509739590758293,-1.36223825038404,2.55005233353365,-1.08514720330247
10,5,-0.55875878242986,-0.0576763017484876,-0.00940254474992053,0.325019774413122
1,6,-1.02114426281402,0.637856454900678,0.545002435546856,1.28066066471947
2,6,0.0553731854542163,0.615996365957506,-0.25667120145657,-0.389225878228816
3,6,0.0576865073925815,0.745555050086655,-1.93453886381167,1.34165791057459
4,6,0.0450885998131695,1.15928292884009,-2.92487439120801,1.35365730177639
5,6,-0.0287266252146603,0.605675631836463,0.125541079834837,0.834624728832625
6,6,0.0849182938719591,0.604298778034162,0.0727986945178174,-0.152427902868907
7,6,0.26137067557848,-0.305348351093679,0.976089841965582,-0.590481555291899
8,6,0.195308185967369,-0.945955501429477,1.91196048999246,-0.995423744773291
9,6,0.230207024091374,0.677085812857555,0.183918499598575,-0.28319719971482
10,6,-0.114522747624431,0.252428720636888,-3.25932264064924,3.94202180164201
1,7,0.113485685791657,0.493064360926173,-4.8523807601909,-1.31859465597848
2,7,0.0563605234310735,0.120483260663779,-3.88468678140123,-0.624559254593805
3,7,0.245538921778569,0.216856207642966,1.47167967168169,-2.89498867616707
4,7,0.0483363586992227,-0.216805448501653,-2.09209222102037,-2.9545416813767
5,7,0.0304219013216818,-0.389803562432518,-2.12571733940893,-1.03901751447705
6,7,0.121425170796117,-0.898720637120001,1.58344804945369,-1.9083766058038
7,7,-0.0972695429609972,0.119985612749302,-1.52865556742406,1.37346068512342
8,7,0.132058537902937,-0.659103874133197,0.632245279246181,-2.01198127896064
9,7,0.080346755491809,-1.84220833048549,1.06071119573284,-1.76638985266846
10,7,0.176385476164264,-1.03024605549454,2.84064576354384,-1.37288673450816
1,8,0.434794419319341,-2.26036161413912,0.884709157553276,-0.860370536895227
2,8,0.103441638632913,0.0169545450423163,-1.25949961001951,0.384635579994426
3,8,0.492468729376746,0.241235282833237,-0.77022917478567,-1.05033357961848
4,8,0.430714830114001,-0.0667538198441507,-0.890346587748683,-0.982438577257528
5,8,-1.42120771029615,0.373977860756381,0.0460031635466211,1.9215366414604
6,8,0.225870767745616,-0.148631524010575,0.221708274302407,-2.2090803102468
7,8,0.105993668083635,0.602665584884624,-1.32841788359618,0.0731196963613732
8,8,0.261188509357101,-2.67625067993469,1.20278046833858,-0.784485906211263
9,8,0.262856466389622,-0.160489837181141,-0.764018291308872,-0.735762095199473
10,8,0.283645001367477,-1.30912903062891,0.685911649767203,-1.36393992830509
1,9,-0.136547837987114,0.256296931012905,0.305387443179288,-1.51758765874133
2,9,-1.50958379382426,-1.21189905936832,-1.031320630151,0.889222532166399
3,9,-0.122778683721178,0.255620668088333,0.961565668112728,-2.40688398901412
4,9,0.240898600837809,-0.789482243091512,1.5046200836586,-0.680408907260247
5,9,-0.59283809558532,0.305260247203663,-1.68608794471545,0.238814990103852
6,9,-0.129871977324652,0.237253838081831,-0.582476090375597,-0.321761885707344
7,9,-0.761377064250567,0.484133172190721,-1.34161991959248,1.89712710658615
8,9,-0.278241295312221,-0.148940939043905,-0.352662769798494,0.34657500488078
9,9,0.206125262004683,-0.937121490637705,1.23191460764293,-0.502034186190081
10,9,-0.0336190221564727,-0.0818899353644905,-0.138348142198486,-1.33544375679335
1,10,-0.242540668675945,-0.203179815408332,1.44517711388147,-2.71803313948866
2,10,-0.749778654928583,0.113904361016098,-0.58695580063241,0.537133291011559
3,10,-0.369154111925583,-0.970119181394816,-0.368790918412474,-1.9267565207072
4,10,-1.31163875581494,0.0682345290870517,-1.06710315386914,1.19953482479658
5,10,-0.334222363523103,-2.46019534946547,2.72325385063903,-1.78290352131783
6,10,-0.625912942867236,-1.70524787999752,2.50869855054805,-1.85534822939491
7,10,-1.33509284342944,-0.4484906045046,-0.429433434385881,0.587351129497972
8,10,-1.010616244995,-0.673094084937708,-0.569807199386451,0.411226698864114
9,10,-0.277295458783615,-0.612780086020647,0.326847317912726,-1.93675592285572
10,10,-0.315018573511673,-0.488740240716415,0.821399869299477,-1.84784568146061
1,11,0.308483318289689,-0.437452879477343,0.25249401674516,-0.953631662861037
2,11,0.255251594510309,-2.35216397330947,0.430304182908702,-0.559118176701418
3,11,0.295046793026284,-0.733528628646467,0.534172618609215,-0.184201170444111
4,11,0.24459514708979,-0.423430801632999,0.234894950710726,-1.15159262157452
5,11,0.410503493464651,0.486385865750364,0.0705187715766366,-0.732911914270783
6,11,-0.148441873410852,-0.163974876344633,-0.58225636870157,0.615462849883841
7,11,0.226340373182831,0.608194101781876,-1.98542833387427,-0.685512453313127
8,11,-1.01944004270067,0.0595391177968419,-0.0520543952238189,1.55928722474961
9,11,0.0172965257282027,-0.500335310710241,-1.08668671840822,-0.905400953618685
10,11,0.178171544888612,-0.101618658286024,-1.15275786301962,-2.35984458440276
1,12,-0.447582155217181,0.51422675031442,0.932712137782781,0.469016216420361
2,12,0.10705179184742,-0.245259118081187,-0.437269886536381,-1.00326753001385
3,12,-0.300630832053564,0.711870278818042,-0.665949243049343,0.658555176573999
4,12,-0.335631113125954,-0.194579315738877,-0.0965751803485752,0.42362654559695
5,12,0.0574980472677106,0.74763331087008,0.264744622821776,-0.425157756894555
6,12,-0.0334188860817565,-0.0812451945803372,-0.664815978870903,0.022208780510528
7,12,-0.135562599681578,0.635947048082362,1.63771259479632,-0.622005588724378
8,12,0.14777634519099,0.484420039624167,0.262185680319645,0.0264918876517367
9,12,-1.17926550764026,-0.135256674590724,0.559391262058554,1.10398515244682
10,12,-0.0526543103228577,0.596003190748321,-1.96662865636446,0.679217246460666
1,13,0.0302926164493878,-0.13041569051573,-1.25473720005775,-1.0620100977887
2,13,0.264827680756442,-1.72958836393347,1.19337088388378,-0.964456271493319
3,13,-0.0829408794988568,0.0409153565979453,1.2018340232188,-2.87239766015356
4,13,-0.036999926717237,0.218819435652847,1.37638624403356,-3.96219387966092
5,13,0.0393780009594471,0.43318531832529,-0.990222553676181,-0.0968231111157884
6,13,-0.0595890886610984,0.196130388304511,-1.07172313309677,-0.393970254592538
7,13,0.236766035047091,0.138811601954942,-0.520606379745978,-1.78929706535636
8,13,0.211561228440527,0.416762252056643,-1.07794507415577,-1.81763061795539
9,13,-0.0368569942049393,0.134695944120301,-1.67851958067535,-1.06749885537497
10,13,0.097491569285188,0.104408146643967,-0.429069764431503,-2.43603258220385
1,14,-0.265645238064934,0.651656233377355,-1.47274976955215,3.15482858185736
2,14,-2.06318771630398,-0.11313070342606,-0.421238569318468,2.0782788837326
3,14,0.221770339369831,-0.0869757699224149,-1.13059554149812,-2.86884530053562
4,14,0.193439769580337,-1.13555947444043,2.4816973071433,-1.63251401773132
5,14,-1.75109743365458,-0.159355223998248,-0.92605509635687,2.94768277666294
6,14,-0.205962464386243,0.432309540141649,-0.892343389378467,1.20832997676794
7,14,0.349860340776767,0.2067073363057,-0.194735213577776,-0.872755184723959
8,14,0.294719266320584,0.00396713496068329,-1.38771768804787,-1.54192836088001
9,14,-0.200631153384929,0.722923930340995,-0.906642390969837,1.73031203142652
10,14,0.125185684584831,-0.999095170671117,2.0838060417228,-1.79452175678776
