rep,id,Cl,V1,Q,V2
1,1,5.37522314085142,36.2503420253646,11.5157806343408,42.0733527664657
2,1,5.48406767553004,36.3943817298062,11.1095841676719,42.2290439020289
3,1,5.34592171524544,26.611328539544,19.0512484677521,28.0181667784064
4,1,5.49734814045014,23.6412478518307,14.5570314394173,25.3739176210947
5,1,5.3553905732702,34.5099032723042,12.8716817344575,38.626213475945
6,1,5.42023206544074,36.240755278104,5.85141068379479,42.9594790913913
7,1,5.58954158007895,25.313787171894,17.5388701583817,27.4101569315847
8,1,5.38957103011951,29.0708391966497,13.9849370535433,32.2120334590251
9,1,5.28968678096882,26.9995439443537,14.7902754707434,29.4220513180053
10,1,5.29472955218102,36.0859601547227,14.1104647637206,40.7177346799901
1,2,12.6609469893439,40.8808374547889,11.1588651237488,48.0736209132447
2,2,13.5720602299686,54.6693757198103,9.59661985116172,68.775939361038
3,2,12.9535102445887,54.5247310864831,7.48625023885132,68.1784039858534
4,2,12.8232207001266,44.9826486571648,11.7308977264631,53.8501391453447
5,2,13.4800151325013,54.8445835381371,10.1521608985375,68.3378914407075
6,2,13.9297913406677,39.1454454438761,29.6324333677875,45.8582078584208
7,2,12.9512285105077,54.5445604108278,7.21356681427137,66.9212321701845
8,2,12.9686257029125,49.9665258617425,6.90530642301849,60.6292799006613
9,2,13.016774656109,54.5223063855155,6.81170421374177,67.4781530044318
10,2,13.4544232637848,39.9166764009281,16.0405653879255,47.1330353505817
1,3,12.5799394872635,52.6107280779029,10.254152303924,65.2223859050755
2,3,12.3463390574876,50.37514108937,12.4780661242821,63.7789153765095
3,3,12.4336616308206,53.8877105335525,9.55307673556033,68.9470799774894
4,3,11.7944632671227,45.1198838685634,7.36941015353209,54.434029149186
5,3,12.5512844521829,44.1287545877171,15.2420734244628,54.8460100329527
6,3,12.6126015983062,41.5901862475124,17.3382412360104,49.1491450055067
7,3,13.1317504454871,55.5542171441251,13.1746677090171,69.4629700897512
8,3,12.6008773968,43.1649049936398,17.2547826550887,51.4948072249305
9,3,12.6466555251857,48.2461543730421,14.5986477384179,59.9667306459051
10,3,13.0496804435411,44.0688204930197,17.290442388596,53.2454718280639
1,4,9.96808700283006,40.4839497376137,6.81043635246277,46.8512205997388
2,4,9.96670792321693,37.7867273002949,4.48914024072335,44.3468182485202
3,4,9.976787684904,42.0598571224832,6.6044764381064,49.9289776165091
4,4,10.2945847734028,24.8017360117025,24.3486399104163,26.6508913958508
5,4,10.3795741166033,42.3751853663106,6.04747747050117,51.8975043465762
6,4,10.0447914466031,34.8790638816178,9.55427801672545,39.7864401219818
7,4,10.5496558861441,30.1735620803973,26.633667967333,34.425277852534
8,4,9.98228507967222,23.5594006275672,26.1659273621832,25.0531828570597
9,4,10.4572303386656,48.2424247837369,4.55871941557405,58.299569540179
10,4,9.80796656470531,38.5599522998447,5.15137338919385,44.6693128188089
1,5,9.1503026289439,51.0704731276463,12.9514723304477,63.3373723194076
2,5,8.98123768080909,38.6345509301477,21.7463371209532,45.59481749303
3,5,9.28786849689631,40.2139597809235,18.4769382228776,48.7736857778185
4,5,9.03890659490174,37.9745878859357,20.7593490197165,42.6567992458616
5,5,9.1741573268294,50.5223685835689,12.687136777293,62.0007210177552
6,5,9.53954919977768,38.306858944893,29.0779859236546,46.1619796650055
7,5,9.11252086087891,53.7488338920544,14.8640846769731,67.0712151571035
8,5,9.12964282457849,40.0920786953981,32.5424190044163,46.4996055252464
9,5,9.23712538312885,41.3046288489908,16.4027533873457,48.677357519378
10,5,9.17715003515696,44.2662628753151,21.7868566449901,53.7047655761802
1,6,12.4123676894981,72.7623259587874,33.503103764592,95.2132151408598
2,6,12.1899196562717,62.1041820525471,42.0589847327114,82.1795659376613
3,6,11.9375646340907,57.7314307146024,45.8456029105416,73.5156612726293
4,6,11.7847122304589,60.2701839103986,30.6446387299447,76.2871998386234
5,6,11.9609334206522,64.5353686049342,39.3484059188709,83.8625453287907
6,6,11.9174626599204,71.1314776319845,22.8372475459706,89.9340598052305
7,6,12.0095260486523,56.4542222750352,49.4780815256301,69.7961225268992
8,6,11.8497807335696,59.0667352501677,45.1258909106971,73.8553646729132
9,6,11.7025185291168,68.4458390768561,21.8100841532682,92.1463720060983
10,6,11.3221263355271,60.1594676387173,25.1820542654621,76.7856772419451
1,7,11.9468770788796,21.2562498994884,8.80186261748679,21.3475523402523
2,7,12.1477109775861,29.5535781041367,4.87557986653445,33.6808922382311
3,7,11.6830935817497,24.1283817391868,5.71113058648397,25.8566785374444
4,7,11.6272948868186,26.8580486788269,4.61450976015159,29.2350420799285
5,7,11.8955373865664,20.6232679640083,10.9595207760183,21.5298370638563
6,7,11.3115489533983,23.5865778450829,5.7566706024099,24.7538903903877
7,7,11.4640152280854,21.0645649479235,8.71211596212662,22.3703084444518
8,7,11.92175623791,25.8568027698348,5.55247587036501,28.1558724251491
9,7,11.7087976302204,21.8604955733469,7.48183298987265,23.2746709581042
10,7,10.9298115303182,23.0905434076547,4.75671172460911,24.4531337722769
1,8,13.4708887311054,44.4479824488186,11.1789764749802,54.7086990578871
2,8,13.1437659804706,42.1298323423216,8.48336193084319,50.1037111214732
3,8,12.9319224922257,37.1371678530374,13.4773001953797,43.7819412338152
4,8,13.1126080368291,48.2198201882493,8.77224521124421,59.7868501466111
5,8,13.1834167083932,49.9129838490163,8.1518663463747,62.0967743114022
6,8,12.1160315761091,40.0235589616854,8.26961954475109,47.7115774644188
7,8,13.519564013044,46.9743900831214,7.88923228059654,58.8322847368798
8,8,12.8952100165127,37.9793464930942,9.2689603371038,43.7714613409365
9,8,13.1955695619511,39.6648031801774,12.1458941090921,47.7296479412939
10,8,13.1433004056062,42.2664872295024,9.8357093255948,49.5414432632415
1,9,9.78779869128313,46.3365994364449,15.7706589386259,55.8214052120259
2,9,9.79645412934042,39.1536458108047,16.2513151100334,46.2470163562898
3,9,9.70146301609708,37.0799893243172,16.0714555446107,43.4076795576973
4,9,9.58075872869589,43.3319419011677,14.3277671659627,52.9072075673496
5,9,10.4421812856668,43.7573795056149,20.3317026165042,51.4743593650745
6,9,9.52277686539797,36.2904789760756,16.5220764169488,43.0267808872998
7,9,9.40272526594027,39.9582052918815,11.4210126584937,47.8613686779243
8,9,9.752934193714,48.331172880633,11.3143152545248,57.8746178681452
9,9,9.68728898894703,35.81938077931,20.1298881413732,41.1041096609009
10,9,10.1062266094942,41.289960391269,15.5799442815521,47.9570842285459
1,10,7.02862909906617,32.8617290940595,8.31295968202342,37.4333645011195
2,10,6.79851669469481,37.790075879681,5.8611188377533,44.1578138782889
3,10,6.74735499320053,37.4776275654693,4.86761417557143,42.3569201642002
4,10,7.10918058995118,28.5542299363183,12.4575663972883,32.5068340671951
5,10,6.76382819197938,25.5861345491099,16.8107904288238,27.6042337511016
6,10,6.45626216202005,31.836300038286,4.02689946661916,36.4121865037403
7,10,6.60041990046772,40.1969984626272,4.96339668520437,46.1252075993727
8,10,6.7422119284561,23.1421278871158,16.8368663408701,25.2835998202076
9,10,6.78270201412968,22.2804889920253,29.9005639550734,22.7151702939302
10,10,6.74479709909897,37.3324866029576,3.78533527628492,43.8101345170565
1,11,12.8276158084718,39.3424532576033,24.8044619146685,46.1138809476599
2,11,13.204928503568,53.3292582132962,9.10396116551202,67.0439010234244
3,11,13.0870597991026,42.5175631702036,22.0930577505473,49.8689131405318
4,11,12.8523030184675,55.5179851432459,9.70458967497187,68.1312610581895
5,11,12.6051312953473,48.850042420867,11.7693311218918,59.44774678039
6,11,12.7799554869356,51.721618582544,10.3565776363578,63.0933279418718
7,11,12.3918016765679,52.3020719933085,5.74372449661139,63.8564376043752
8,11,12.7479073778851,51.7528624904151,10.8189657728516,64.2128481310125
9,11,12.8764247968752,37.1282034177413,26.1657502599624,42.436613392335
10,11,12.5486658531792,57.6712809658127,6.70381652537028,73.163522763197
1,12,9.93419654406348,54.6736420660823,13.180897368018,70.2193489208417
2,12,9.66152415154657,53.5386029784771,12.1474069914885,65.8228053521597
3,12,9.79372351992478,52.3124295017709,15.1412263350462,64.4920219422894
4,12,10.0200550569725,47.9830051756536,20.4093847246225,59.6230925477481
5,12,9.65293512190605,47.8908968437051,13.2313220843493,59.3048309955895
6,12,9.77862481885944,48.0740684766008,23.5575007709997,57.8296970390466
7,12,9.705718456121,52.8202175625667,13.2614760414447,64.6825895663046
8,12,9.80884821075047,49.7095376999902,17.3671632075927,59.5047803469773
9,12,9.98775715823666,58.8347730792617,12.0247503683734,74.0469156441282
10,12,10.0203029207559,52.6774829501379,16.0921992618504,66.9874828359538
1,13,10.6299381253524,32.9403408376713,46.4456222438968,37.0692288234393
2,13,10.5313325780562,54.7234988884695,9.33427511528994,68.4182626151839
3,13,10.5807752351404,40.5616944569844,18.5277539180754,47.9232222159659
4,13,10.9835647916352,43.3492543297991,22.0963197115987,50.6787226655662
5,13,10.7166752625593,34.4946635330234,27.546410908282,38.9016507302315
6,13,11.1975418054311,51.2493336796739,12.9029367094146,63.3795216334932
7,13,10.9041396337855,36.4377372021891,42.6183063472812,41.1921323561849
8,13,10.5845891940198,35.1868481914057,36.4777297130715,40.7530583477046
9,13,10.0975588039105,37.6795703908454,18.4801761129342,45.3983745090709
10,13,10.7600816158865,45.8502305608081,13.6579639671469,53.5562267914327
1,14,12.0478716382147,48.0001475583972,3.86199760738393,58.3780378837713
2,14,12.2868394670154,45.5634074989707,4.65626749637616,53.8924317321629
3,14,11.856959432505,45.7381978522382,4.06020537512434,55.7406178654438
4,14,11.9263145917856,46.1380342886789,3.32316438675196,54.5314206508302
5,14,12.2133900693256,46.7847336491969,4.24142189044743,55.3895570828909
6,14,12.0164371986537,48.8935003005494,2.47623557056079,57.3783390209976
7,14,11.752051713267,46.4310249405699,3.67598558229259,57.0365131818746
8,14,11.5121293094702,46.2537399299439,2.61729096293056,56.5880166185043
9,14,12.1730744668957,47.2792256003603,3.85155153009021,57.1359735350436
10,14,12.8795089148626,50.785894274438,5.47293484679227,60.8884845606574
