rep,id,eta_Cl,eta_V1,eta_Q,eta_V2
1,1,-0.97443601797769,-0.334710578160046,1.71124837188062,-1.27223448435194
2,1,-1.61057395781232,-0.438306815160928,0.071106081930557,-0.231159119807702
3,1,-0.946164099261595,0.661484949662098,-0.525348427736757,-0.808674768933351
4,1,-2.4510962687855,0.965809524472665,0.184613172563361,-0.657492946247954
5,1,-0.768766301796546,-0.773592426836609,0.842477014328857,-2.94360814246688
6,1,-0.557411814951532,-0.522146772112226,-0.534934691028548,-0.892060379490919
7,1,-2.06394919348833,0.122207545694143,-2.05318323150901,2.65278973840018
8,1,-1.11869635079724,0.103292663015515,0.00660460268900986,-0.405408984749658
9,1,-0.623300628919995,0.104463322279991,-1.0214775900917,-1.93376252322511
10,1,-0.768686810591496,-0.88258504065834,-0.156516062786447,-0.587886154311234
1,2,-0.584147640741266,0.808657008510871,-1.26618977175888,1.04058055547383
2,2,0.197058686089627,0.319207162983213,-2.79410984274369,0.296368036662981
3,2,0.220344067263114,-0.102138325030923,0.512867151790581,-2.04886043712425
4,2,0.295018704043726,-0.967446510403769,0.428758040484762,-1.35773941739293
5,2,0.213861341183945,-0.517281159558107,0.147121986876382,-0.0377139687155612
6,2,0.211074383381176,0.257849791407205,-2.5095721522104,-1.25077429636268
7,2,0.52691587002268,-0.605548446996036,1.45194303203436,-0.804960560026692
8,2,0.377155273745683,-0.0991410247665383,0.378025165782036,-0.614551913600791
9,2,0.411044280645233,0.483826994487724,-0.453443248139829,-2.32890250873477
10,2,0.448095190497981,0.10791251876368,0.289264376456035,-0.553776901324024
1,3,-0.00347180406623023,-0.375193642725021,-0.842773609388372,-2.52963200822082
2,3,0.175333136717701,0.0884737371457166,-1.45243069315598,-1.78709447432316
3,3,-0.643388901610232,0.633793752427925,-1.04012230652423,2.01939620130431
4,3,0.261722086184193,0.171432693453511,-0.655105075353383,-0.865128017225691
5,3,0.41594310308663,0.0234834140610832,0.503701242050159,-1.32896175941736
6,3,-0.0356685484419973,0.256930250248908,-0.507542713313705,0.606190480900876
7,3,0.209867439021918,0.394394579007756,-0.998865147464162,-0.716517732711604
8,3,-3.38789190267023,-0.471172872675972,-0.174823147780942,1.94535651994313
9,3,0.380826341731698,0.281526584227716,-0.694496662576471,-0.618125008847608
10,3,0.00392227122637531,-0.164968452443819,-0.902083893414764,-1.09756871399066
1,4,0.073003350745475,0.255749870759406,-3.79314871386489,-2.55290892263922
2,4,0.111645157044958,-2.96109134156255,0.645009178759124,-1.77901805040057
3,4,-0.559269440198793,-0.209390710646633,-0.290542413954894,0.0123925166806597
4,4,0.0331641616345016,-1.56401042041201,1.03212443879263,-1.55841441842102
5,4,-0.540015387197378,-0.0223586654463807,-1.35817557247553,1.14541629654164
6,4,-0.0969799655750367,-0.136828863311356,-3.20063381863053,0.0677723942608044
7,4,-0.507075049528063,0.121461709459837,-1.51759118870995,2.15839922773194
8,4,0.233554391756718,-1.72205637364285,1.19709509388161,-1.43767012062056
9,4,-0.212826354764552,-0.155756552795446,-0.714938030136216,-0.27519544312891
10,4,-1.46028476997963,0.631545085746053,-0.788021497014459,1.18646339720859
1,5,-0.709488191446279,0.112855231823632,-1.08320273565347,0.812261089548522
2,5,-0.107072260957094,-1.44472892825163,0.614120270131446,-1.26590577312886
3,5,-4.07948364782663,0.912694075065048,0.143984635496291,0.924799616576694
4,5,-0.330674198509341,-4.39350389481913,1.59074846056481,-1.52597570048665
5,5,-2.3513247114449,0.2237474051406,-0.318007567363426,1.06025956930417
6,5,-0.119276577797778,0.0205477526590327,0.228063220673829,-0.523206813459465
7,5,-8.59184825924841e-5,0.712399336869502,-0.213427314922898,-0.082747939816976
8,5,-0.27766061889352,0.558823887627115,-1.02894858400019,-0.608192908534285
9,5,-0.283582913895861,0.00360947122714703,-0.650088825297099,-1.65443479838362
10,5,0.0168744357626053,-1.53583854224414,2.40846224283006,-1.17210731362303
1,6,0.093635347963408,0.789978329895948,-0.609162015898331,-0.493120453728908
2,6,0.195171679132696,1.12252351564818,-2.42751858549606,-0.159833714194452
3,6,-0.0157627672776073,1.21176583925342,-1.03015401097966,-0.190486011878107
4,6,-0.239427508735239,1.04229519917002,-1.61308074422707,0.0392875628113565
5,6,-1.5585789040328,0.443162986202574,0.0994058869225641,1.38887891272359
6,6,0.161990590818465,0.936976500484999,-0.582010681875563,-0.942146466673931
7,6,-0.425293730878012,0.892635969455227,-0.424975010638296,0.987298875487837
8,6,-0.898626037283669,0.316475855755488,-1.09870158138526,1.35293446734728
9,6,-0.0408338290834537,0.557816986171847,0.321018958477567,0.540991142235359
10,6,-1.23971195832571,0.620138909503611,0.61117814390385,0.830939205497763
1,7,0.312243035615926,0.633501370701506,-1.82511544334621,-1.56696884204475
2,7,0.0314544698183016,-0.0656291730752075,-2.60896587367176,-0.791348486231593
3,7,0.16627694642746,-0.103616883613185,-2.06097554772931,-2.10561603193212
4,7,0.0776397218767847,0.0668037013142331,-2.73128880158825,-0.861797587213265
5,7,-0.210568027984714,0.234264581271004,-1.42359659085861,1.14701027970801
6,7,-0.550011858998243,0.0293998053474508,-1.29208720050076,3.11271269759098
7,7,0.0358848948853374,-1.98214957811546,2.73528518058018,-2.02519144076868
8,7,0.0123055594463969,0.182877635720265,-2.64328906082116,0.662732558681547
9,7,-0.405970260167445,-0.582571602404598,-2.21985810774169,0.360900302738891
10,7,-0.109546389297945,0.208318167141534,-1.78356587040513,1.81160706401153
1,8,0.3788819530693,0.0332002460114732,-0.623414894086015,-1.34180780518728
2,8,0.441931605415406,-0.626317528369326,0.580997733472957,-1.37478454470521
3,8,0.229061638336401,0.255807873368006,-1.91211921541528,-0.822929889148395
4,8,0.375948464182341,-1.77060012945906,1.71587210729569,-1.6103388816385
5,8,0.210461983442608,-0.0122708760386747,-1.31796629684529,-0.598926543582853
6,8,0.309432212216715,-0.295814640291344,-0.949236548268909,-1.53393893821954
7,8,0.314612835927014,-0.743470965939007,-0.233886307595782,-1.3165873455757
8,8,0.371134191953883,0.603907692547768,-1.86713739402211,-2.38798041239079
9,8,-0.124093972393682,0.341450566065537,-1.13976492874208,1.07796612121084
10,8,0.427425211528642,-0.136788074282609,-0.397778671773308,-1.85591906257842
1,9,-0.0752813546577576,-1.41560731048166,0.72593634928349,-1.61858267941096
2,9,0.0269973186211056,0.723738025577865,-3.29484273520146,-2.05615639792407
3,9,-3.52880859395462,0.728545819950287,0.23061948142355,1.3210682576141
4,9,-0.110947783418581,-0.458149578496513,-1.00763958022116,-1.97362453782639
5,9,-0.161865455187305,-0.215073039308896,-0.693333436705736,-1.19232974966647
6,9,-1.21389650728748,0.00215737405234466,-0.668998353677971,1.27247632076728
7,9,-0.934559888442685,-0.0810995884859459,0.424426955891842,0.629049845219198
8,9,-0.0799259362536798,-0.112560839157104,0.255485927831115,-0.0264080039413163
9,9,-0.309622320553744,0.317136051444466,-1.3084943150707,-0.029020508858132
10,9,-0.213820034488099,-0.068021659685472,-0.316643698809625,-0.0713120230550946
1,10,-0.786314554923206,0.1694716539587,-1.2180509269998,-0.661479062179758
2,10,-0.768508041328702,0.198594683274187,1.31198391662813,0.0820695051397042
3,10,-1.65301759696825,-0.746717006865675,-0.998776951974391,0.689825828727903
4,10,-0.287694390249838,-0.196389121069383,-0.280328920478656,-1.07397692461041
5,10,-0.25594857539626,-0.245698794722661,0.961733348188825,-2.99613345130444
6,10,-0.858391633229462,-0.0917008111542905,-1.02747477621927,0.285843889286058
7,10,-0.233038601688378,-0.843393623631943,1.7631537973844,-2.00578378034563
8,10,-1.09289134394729,-0.110833596854268,-0.193680568039552,-0.0792577347154558
9,10,-0.495930820403805,-0.313555493766281,-1.11291924372329,-0.833117666223357
10,10,-1.36961234440354,-0.00202137103774824,-1.58123588821582,1.28165398249008
1,11,0.1171689247086,0.640128406090381,-0.783990760451502,0.201579572161557
2,11,-1.0155073916182,0.399499725476189,-0.113593873433374,1.51013685856015
3,11,0.27092758434343,0.384460878378627,-1.20068951230078,-0.554469844244738
4,11,-0.854084716369583,0.26623642995057,-0.744345209847067,1.65258701832984
5,11,0.307369220214156,-0.424891360172395,0.22475267743025,-0.958854219143749
6,11,0.258699791340531,-2.22397040619134,0.495388604376695,-0.555895021077489
7,11,-0.221262882635754,0.254076124154468,-0.453387597608702,0.725884089014369
8,11,-0.137791606099835,0.358744610011818,-3.48154172932293,1.98159424067205
9,11,0.141004732568071,0.740425618816916,1.97994011311439,-2.54638683019899
10,11,-1.58850753153616,-0.206723528777765,0.92150637746539,1.07962106551948
1,12,0.0255205541710234,0.0306227437512322,0.279458093251076,-1.84023958208378
2,12,-0.0485964018707393,0.209711675591773,2.0633817434231,-3.05281749561682
3,12,-0.25675378247779,-1.20794941784469,0.686814152095504,0.334394471941589
4,12,-0.943603249772226,0.390630871912087,-0.443304181718648,0.765556799432776
5,12,-2.15725361511989,0.528655862716578,0.413869926037349,1.35288781481924
6,12,0.0355499390783636,-0.280683633747269,-0.444587323392181,-1.2105503507314
7,12,-0.277650134409901,0.542677104894145,0.0438779986909075,0.388854357204321
8,12,0.0817892175928979,-0.247064128339135,2.85442524657354,-1.55689562608349
9,12,-0.608786509946465,0.444174408641647,-1.14811483853115,0.824773754102118
10,12,-0.151468356147636,-0.0705862817279139,-0.87078963400993,-0.166068801928423
1,13,-2.45683876070135,0.148379360787024,-0.581019949250096,1.76119311251551
2,13,-0.636435947122985,0.363593425461558,-1.05544399537127,1.58952408563157
3,13,0.192164332974664,0.29009407320842,-0.515790613695315,-1.99819026318339
4,13,-0.0187705552565327,0.492058500048274,-1.55122593709377,0.199839663795501
5,13,0.0319283417329459,-0.0962952517543484,-1.39877953422762,-1.05254536850058
6,13,-0.149631785051556,-0.661715837414583,0.129876586294305,-1.94371389791096
7,13,-0.0720841561771789,-0.00521729118830672,1.22676482453653,-3.43411422532018
8,13,-0.015728453839264,0.144391108456132,1.34579605882362,-4.03165781162507
9,13,-0.0386481866526695,0.515571554278072,-1.22954842030401,-0.739101425517656
10,13,-0.135863454791945,0.0924995441522504,-0.109908048814882,-0.35300432592676
1,14,0.0489008789331938,0.263146317426148,-1.83526680885856,0.174479200094339
2,14,0.391968065765228,0.305721977022454,-1.19873766219032,-2.14237419410297
3,14,-0.0955226441258294,0.194546001329387,-0.98513749362063,0.525958639577064
4,14,0.214257581740598,0.439674215907288,-2.74996232995319,-1.47265893570961
5,14,0.187221910155375,0.438896190742761,-1.53985477210115,-1.16957783902075
6,14,0.359980007397815,-0.1637582856182,0.268986703786106,-2.23415808625246
7,14,0.190835152525966,-0.172755075454819,-1.09943634469734,-2.77156928770966
8,14,0.0455164495991387,-0.0356375019980875,0.496516999442148,-3.63481383174952
9,14,-0.542705738089207,0.150667494729265,-0.823730668744881,0.820709571718012
10,14,-0.20402132031396,0.327068219178511,-1.69346595853444,2.55869437016683
