rep,id,eta_Cl,eta_V1,eta_Q,eta_V2
1,1,-1.57685878904539,-1.08244127347793,-0.657857280194106,-1.29129347512154
2,1,-1.54138902651034,-1.01334217844868,-0.480598822070764,-1.22383837916989
3,1,-1.5877945913,-1.07074041954401,-0.386984871700125,-1.25383330167007
4,1,-1.52877025107399,-1.05698576689112,-0.37263161659427,-1.24716269544584
5,1,-1.57460140825303,-0.95905559666872,-0.673840573272911,-1.14637307019879
6,1,-1.56788196463281,-1.2215835710569,-0.698035612887777,-1.46662034639223
7,1,-1.52193937236996,-0.986716599028406,-0.629847020474579,-1.16834026792044
8,1,-1.52891508117118,-1.0526613426747,-0.30357608986308,-1.23578095827623
9,1,-1.59301189157925,-1.00650598243496,-0.633783030593157,-1.20060604853184
10,1,-1.60261363147714,-1.18606277590917,-0.211076376649155,-1.38578420543724
1,2,-0.711639003830301,-0.640376525804833,-0.846602741377212,-0.778633606194743
2,2,-0.6764244054891,-0.714916715819771,-0.278793824033921,-0.884663078596596
3,2,-0.733362617918087,-0.911260823135098,-0.147235635349885,-1.09116576069856
4,2,-0.662353980023442,-0.70790772671357,-0.77251921184087,-0.841484285497414
5,2,-0.645797968323526,-0.662312003256872,-0.168842264140399,-0.782214427061513
6,2,-0.700022540467712,-0.666951254630834,-0.414731768644655,-0.788860517374955
7,2,-0.652378425688958,-0.717208366707338,-0.388156497785496,-0.847609550061708
8,2,-0.691897498152832,-0.811972590387529,-0.267210799498361,-0.946706431598045
9,2,-0.641817904041739,-0.684951483221619,-0.215188586107535,-0.78896260359662
10,2,-0.689601014522694,-0.713085151316306,-0.455357057292634,-0.850850067370415
1,3,-0.724090162375648,-0.686064001922638,-0.851804432912387,-0.761139871808848
2,3,-0.718224447196831,-0.734653130044288,-0.486701599053691,-0.869343551041817
3,3,-0.714857523787545,-0.626304692131338,-0.626085130875236,-0.74806894933135
4,3,-0.735665635458053,-0.685905788684629,-0.0142219616116761,-0.814707983627783
5,3,-0.760686691135943,-0.70697600063062,-0.343934898432027,-0.839089347713669
6,3,-0.734097251464239,-0.681351909074958,-0.364880229462895,-0.774072281643609
7,3,-0.700878782213646,-0.703396244058679,-0.151056197966167,-0.853466116687566
8,3,-0.722872906285194,-0.633950090126603,-0.394589512542315,-0.778376532544023
9,3,-0.736925362846145,-0.700872449366511,-0.329713186829442,-0.825168698134306
10,3,-0.713427338174387,-0.587015209849259,-0.638510545063861,-0.682926837662937
1,4,-0.942554730522306,-1.03131317226229,-0.353358511584798,-1.25194389194911
2,4,-0.947408468749416,-0.994194433158185,-0.516937035467131,-1.16771393521712
3,4,-0.92474651626819,-1.02979294657229,-0.450026712698331,-1.26263322313009
4,4,-0.941378430187773,-1.09770162006566,-0.60948892098184,-1.28937864052307
5,4,-0.953568985480328,-1.04296236550098,-0.780266935220297,-1.30369329990408
6,4,-1.01576504280664,-1.19280701595896,-0.666077124407932,-1.43525846741397
7,4,-0.928577289973344,-1.03919731671683,-0.171830039984097,-1.22102113448209
8,4,-0.977374889368206,-1.1033541028921,-0.347167320427337,-1.32766751856875
9,4,-0.908942320772522,-0.967480268597891,-0.00670051818266071,-1.16856796784175
10,4,-0.983745274502538,-1.18437246950959,-0.224657856754001,-1.4021455193836
1,5,-1.09055685881959,-0.67165963330313,-0.192514078921386,-0.776439590834203
2,5,-1.0670589826829,-0.55258707268319,-0.295951737575276,-0.656466575020311
3,5,-1.05616992343179,-0.805170456915846,-0.243556605841724,-0.93990883950143
4,5,-1.03219096864833,-0.666978981891013,-0.717466951401271,-0.79617481695959
5,5,-1.03290274534093,-0.640884766171319,-0.40643287739352,-0.755275604355161
6,5,-1.02687049005211,-0.575161584089325,-0.298517872951707,-0.700311808867949
7,5,-1.01126876975252,-0.741102670679903,-0.0783176266328404,-0.860122764422128
8,5,-1.02320703044033,-0.690990128194563,-0.0911144274565354,-0.80733824807003
9,5,-1.04448395821879,-0.670241556762978,-0.411790559297684,-0.794264766132646
10,5,-1.03009104338312,-0.658339884141985,-0.127673472704772,-0.776833345642159
1,6,-0.769297517652575,-0.355648140757246,0.159445608728152,-0.410819810491683
2,6,-0.744562545433069,-0.270519011135068,0.528327567912079,-0.365348426754574
3,6,-0.764570368214492,-0.435972894416712,0.711977576923481,-0.515820264631675
4,6,-0.786459511470191,-0.475975546407753,0.366192962749352,-0.561009269149939
5,6,-0.784541946924761,-0.365619347127792,-0.229793140542603,-0.421251620862667
6,6,-0.771695685009238,-0.357065076659102,-0.358991924014966,-0.407876276303301
7,6,-0.797061100094188,-0.395727273099665,-0.0590494274414949,-0.468517666981244
8,6,-0.766631479795412,-0.337820631410773,-0.54265131288886,-0.417853134756814
9,6,-0.726557950221256,-0.197803775089761,9.05133536560736e-5,-0.250396487226344
10,6,-0.795929740482717,-0.302133093579755,0.259331900235758,-0.328251959118976
1,7,-0.849132073227571,-1.39858801317451,-1.17019487186955,-1.6965960606977
2,7,-0.872155558431642,-1.44420993614275,-1.44603272403045,-1.71047687481312
3,7,-0.831948299150219,-1.34263544229022,-1.11083496364817,-1.5925330422089
4,7,-0.831239935801209,-1.34236910444947,-1.32295482702454,-1.59846734179118
5,7,-0.798333916499626,-1.33468592791879,-0.917459582068736,-1.60176116136483
6,7,-0.845676962699487,-1.38115407919863,-1.38287870258967,-1.65395013106075
7,7,-0.824451274098935,-1.35083856700455,-1.00353057782619,-1.5941649633654
8,7,-0.840454042504828,-1.39818150049417,-1.11768560424322,-1.64857769250152
9,7,-0.823681315746178,-1.36279013951741,-1.35696767456664,-1.59957342609996
10,7,-0.855935434195563,-1.35582904427311,-1.58387221493219,-1.6107785575744
1,8,-0.686353304220299,-0.783216027129665,-0.670506452678212,-0.919231917034432
2,8,-0.668289572917741,-0.842140516678416,-0.622239678476418,-1.01600879941944
3,8,-0.717258892126008,-0.801319846431365,-0.664950969176928,-0.931954432544652
4,8,-0.751566095977742,-0.907498048613709,-0.554108538890732,-1.08230848156048
5,8,-0.651665962531719,-0.809650427227893,-0.439348880958709,-0.931442468778268
6,8,-0.628224349791559,-0.748274180992781,-0.479581547821806,-0.89099929249213
7,8,-0.672191558817984,-0.771086023977278,-0.616839993902699,-0.909394322984498
8,8,-0.697548259838805,-0.85639888411573,-0.590935319783177,-1.02900724564192
9,8,-0.683043646549909,-0.814342407294755,-0.788052770929537,-0.973407289073727
10,8,-0.694238797780348,-0.783585145837374,-0.419760500403082,-0.945509615309695
1,9,-0.994307801918805,-0.873358356093922,-0.17097528198977,-1.0133372824171
2,9,-0.985016178766338,-0.758129695095338,-0.148455746185363,-0.905327117760675
3,9,-0.972819258569053,-0.754069844123739,-0.222416366148445,-0.889592754507029
4,9,-0.984400857791074,-0.740476365030435,-0.31697073125772,-0.853542161482729
5,9,-0.975265034358398,-0.746422880818303,-0.0906555166478677,-0.885050196401285
6,9,-0.973073637738721,-0.676103335441368,-0.354281994920597,-0.790622363730369
7,9,-0.984219317424457,-0.751089433439078,-0.253850896684885,-0.863743789557069
8,9,-0.978915480908875,-0.783748120227479,-0.291632081285602,-0.917789724803874
9,9,-0.989949808738803,-0.79168241821153,-0.536224530180987,-0.904664352398458
10,9,-0.995911709949286,-0.806784894666231,-0.248527824994725,-0.922239133465652
1,10,-1.33936440572542,-1.14756261065179,-0.693864978020721,-1.37712845450022
2,10,-1.31418656879037,-1.10844599384044,-0.71338603441682,-1.32218155921033
3,10,-1.36907862291806,-1.19136256826398,-0.371433615338997,-1.41295184199971
4,10,-1.30497770445736,-1.08746403553481,-0.914400295794601,-1.3036474250875
5,10,-1.32589080283051,-1.06271076069056,-0.781253234174125,-1.26797917643303
6,10,-1.3681851190757,-1.22103834368016,-0.876186314551376,-1.47109883368992
7,10,-1.33031083626583,-1.13977116818225,0.0421242626173589,-1.34349097289646
8,10,-1.31112766063948,-1.00489716345551,-0.849656984182025,-1.17887733767024
9,10,-1.29458589422939,-1.13538970421771,-0.158122779894556,-1.32579061889693
10,10,-1.32746089142755,-1.16233803415701,-0.727826053255076,-1.38460165961548
1,11,-0.703501300306172,-0.599942451477584,-0.750505638227612,-0.709320441339764
2,11,-0.698209372515926,-0.599028497251907,-0.532434129875879,-0.703089756385123
3,11,-0.719098765910304,-0.613493348471653,-1.18295646773852,-0.714017108136114
4,11,-0.73266161642971,-0.645248982691492,-0.660929777848645,-0.768876066646537
5,11,-0.718184525165735,-0.650330733117737,-0.466427865769439,-0.769062995951808
6,11,-0.757352708326948,-0.671466546874981,-0.533760416624462,-0.810297366153605
7,11,-0.660144574041207,-0.607288295819814,-0.0828463381481304,-0.729740903131727
8,11,-0.678653158846948,-0.668989551151793,-0.224387013721763,-0.794161834943242
9,11,-0.73309114962171,-0.68346974543725,-0.0553483767940998,-0.796249018705198
10,11,-0.683672862055531,-0.68198337183168,0.138499292857019,-0.779315597646125
1,12,-1.00137442764284,-0.587897261650261,-0.572607391883471,-0.690407809097474
2,12,-0.949625523923725,-0.641118730330772,-0.443900132050713,-0.77592512499326
3,12,-0.937849340248601,-0.583671999667109,0.150417640344842,-0.708792481202753
4,12,-0.958317698195508,-0.65557607525056,-0.107707224046968,-0.775890646529617
5,12,-0.94398812673512,-0.699980250388009,0.526999229403244,-0.850547293550807
6,12,-0.960891974855084,-0.748113002766344,0.11828741708568,-0.858457342751834
7,12,-0.957477834041719,-0.584881111574694,-0.380176039487348,-0.698832298052512
8,12,-0.924950351123015,-0.422025765060892,-0.524379171584402,-0.494485231544352
9,12,-0.983726766019095,-0.737860464045347,0.423363739669979,-0.846019948259345
10,12,-0.960415216831594,-0.651725486425827,-0.278375262641301,-0.777405950765027
1,13,-0.892578403549867,-0.836155684829508,0.0606529600300675,-0.996227576555589
2,13,-0.87389760692927,-0.739363263572707,0.0140501968982243,-0.886005919161725
3,13,-0.924572224718116,-0.787365266220663,-0.0811859093873629,-0.945027303524911
4,13,-0.910397648187662,-0.75622182898288,-0.604520797592633,-0.865497643849873
5,13,-0.9371448739316,-0.809666063605442,-0.449775584762254,-0.959041574588638
6,13,-0.892275834501896,-0.659826313531812,-1.10196908508435,-0.780979927727778
7,13,-0.959774729271915,-0.784179897734041,-0.413614032947979,-0.92414860529211
8,13,-0.897480129799683,-0.65981664670145,-0.305033334965037,-0.795110700890426
9,13,-0.930242755597178,-0.85439624316631,-0.296983921430366,-1.01171038284555
10,13,-0.902383424839112,-0.747058902634957,0.213894027939184,-0.867245019441699
1,14,-0.74818639030198,-0.832272716947126,-1.36365632480212,-1.00223994975428
2,14,-0.743691594357834,-0.852027678594935,-1.6960378868048,-1.00148065650337
3,14,-0.682349035801614,-0.802104518283124,-0.365378077783043,-0.937011355660959
4,14,-0.751431679870313,-0.867403534240965,-1.2533776179322,-1.03410430004633
5,14,-0.754728303654705,-0.864758352837389,-1.14674123746639,-1.03383859039386
6,14,-0.747937492075712,-0.817480816414524,-1.53701236727429,-0.969691484563461
7,14,-0.769166079629904,-0.799309168914153,-1.60448146118297,-0.953873643154356
8,14,-0.702264109070673,-0.74010191875277,-1.30065590955644,-0.883794646152306
9,14,-0.706105220702352,-0.955129671389467,0.695569340983222,-1.14469393788186
10,14,-0.728520671485799,-0.906778104376186,-0.779327442361679,-1.09758710694857
