id,time,y1,popPred_medianCOV,popPred,indivPred_SAEM,indivPred_mean,indWRes_SAEM,indWRes_mean
1,1,17.266,8.00758,8.00758,7.82803,36.099,2.61597,-2.43903
1,2,31.008,12.6813,12.6813,12.5029,50.4336,3.00373,-1.60859
1,4,19.578,7.12042,7.12042,7.34551,37.5753,3.24195,-2.156
1,6,12.772,4.39855,4.39855,4.58405,30.4994,3.38864,-2.87862
1,8.25,10.534,2.79617,2.79617,2.89294,24.8716,4.2738,-2.84114
2,1,15.464,8.02428,8.02428,8.22193,18.3219,2.08909,-0.560815
2,2,29.518,12.7077,12.7077,12.6317,28.3712,2.80699,0.131041
2,4,16.62,7.13527,7.13527,7.94508,16.9048,2.44078,-0.0561926
2,6,10.238,4.40772,4.40772,5.51053,11.3574,2.04853,-0.343135
2,8,8.79,2.936,2.936,4.03921,8.11207,2.57145,0.265431
2,10,7.432,2.05861,2.05861,3.0441,5.9543,2.95183,0.733111
2,11.5,7.006,1.61161,1.61161,2.4847,4.75944,3.42813,1.27862
3,1,18.59,7.99554,7.99554,8.0661,18.2325,2.76123,0.0642216
3,2,29.82,12.6622,12.6622,12.7415,27.9263,2.81203,0.216978
3,4,16.486,7.10972,7.10972,7.23035,17.5255,2.72575,-0.202201
3,6,9.902,4.39194,4.39194,4.52155,12.2087,2.59233,-0.692525
3,8,7.63,2.92548,2.92548,3.04441,8.99011,3.03845,-0.542479
3,10,6.4,2.05124,2.05124,2.15173,6.79532,3.60476,-0.19821
3,11.5,5.928,1.60584,1.60584,1.69168,5.55317,4.14691,0.216011
4,1,29.86,8.02316,8.02316,8.63843,24.097,4.10173,0.709136
4,1.58333,34.862,10.9346,10.9346,11.7533,32.2661,3.59562,0.255897
4,3.58333,23.5,7.97909,7.97909,8.52286,23.9332,3.35416,-0.0604026
4,5.58333,17.078,4.83825,4.83825,5.22347,15.7736,3.91762,0.262752
4,7.58333,13.922,3.17896,3.17896,3.46418,11.1123,4.60008,0.745461
4,9.58333,12.576,2.20935,2.20935,2.40159,8.00537,5.47534,1.49372
4,10.1667,12.158,2.00161,2.00161,2.16889,7.28718,5.70059,1.69278
5,1,22.654,8.02476,8.02476,8.04902,22.5913,3.42208,0.00916477
5,2,31.134,12.7085,12.7085,12.6308,32.9824,2.98348,-0.190734
5,4,18.28,7.1357,7.1357,7.76158,22.9679,2.83289,-0.754969
5,6,12.86,4.40799,4.40799,5.11525,17.5894,3.04875,-1.03567
5,8,10.064,2.93617,2.93617,3.57514,13.9885,3.42266,-1.08891
5,10,8.882,2.05873,2.05873,2.61087,11.2778,4.04895,-0.789766
5,11.05,8.614,1.73202,1.73202,2.2422,10.094,4.45106,-0.52434
6,1,17.242,8.02597,8.02597,7.55022,16.8335,2.73086,0.0792891
6,2,24.78,12.7104,12.7104,12.0152,24.1453,2.39386,0.0858051
6,4,16.326,7.13677,7.13677,6.37146,17.4013,3.1117,-0.210951
6,6,11.786,4.40865,4.40865,3.76025,13.6423,3.77805,-0.483702
6,8,9.736,2.93661,2.93661,2.41066,11.081,4.6164,-0.427936
6,10,8.518,2.05904,2.05904,1.63178,9.12473,5.46493,-0.227545
6,10.5,7.178,1.89464,1.89464,1.48853,8.70074,5.20275,-0.636235
7,1,14.454,4.88596,4.88596,4.89663,15.4756,3.57962,-0.225856
7,2,25.028,7.09991,7.09991,7.08865,23.1212,4.17184,0.262062
7,4,27.162,9.92347,9.92347,9.88947,31.5499,3.34127,-0.495236
7,6,11.73,5.77265,5.77265,5.80374,14.7858,2.32699,-0.765639
7,8,5.516,3.67259,3.67259,3.71094,8.15704,1.31081,-1.29381
7,10.25,3.484,2.38861,2.38861,2.43954,4.67698,1.17853,-0.973829
7,11.5,1.284,1.92697,1.92697,1.98778,3.52509,-1.44531,-3.33987
8,1,16.634,8.02444,8.02444,8.23448,19.2783,2.32524,-0.487901
8,2,28.006,12.708,12.708,12.9028,30.1032,2.56288,-0.238813
8,4,12.792,7.13541,7.13541,6.85543,16.955,2.06286,-0.931736
8,6,7.65,4.40781,4.40781,4.24627,10.9319,1.94674,-1.18054
8,8,5.14,2.93606,2.93606,2.83848,7.54519,1.96368,-1.26943
8,10,4.394,2.05865,2.05865,1.95906,5.36365,2.67134,-0.659438
8,11,2.782,1.74598,1.74598,1.6362,4.54526,1.75536,-1.62348
9,1,25.77,8.02476,8.02476,8.9606,21.7967,3.49348,0.553766
9,2,32.7,12.7085,12.7085,14.1708,32.3959,2.76533,0.030903
9,4,19.098,7.1357,7.1357,7.8717,21.7023,2.93106,-0.422749
9,6,14.928,4.40799,4.40799,4.84594,16.1482,3.72075,-0.259839
9,8,15.156,2.93617,2.93617,3.22643,12.5257,5.11606,0.63038
9,10,10.244,2.05873,2.05873,2.26092,9.86128,4.99669,0.125919
9,11.5,10.138,1.61171,1.61171,1.76763,8.27172,5.77625,0.672811
10,1,28.208,8.02733,8.02733,8.26844,31.1097,4.05827,-0.323803
10,2,41.59,12.7125,12.7125,12.997,46.4451,3.84657,-0.365134
10,4,27.604,7.13798,7.13798,7.51835,30.8649,4.30119,-0.369265
10,6,21.472,4.4094,4.4094,4.81698,22.7866,4.94272,-0.196518
10,8,19.442,2.93711,2.93711,3.30723,17.5589,5.85785,0.336896
10,10.25,23.238,1.97502,1.97502,2.27199,13.3374,7.68931,1.83614
10,11,16.666,1.74661,1.74661,2.01802,12.1901,6.982,1.03426
11,1,19.056,8.02685,8.02685,7.62042,18.2018,3.03107,0.151667
11,2,33.526,12.7118,12.7118,12.1403,27.9545,3.35926,0.601035
11,4,17.118,7.13756,7.13756,6.69004,17.2293,3.107,-0.0214372
11,6,22.562,4.40913,4.40913,4.01598,11.897,5.70791,2.11645
11,8,10.328,2.93694,2.93694,2.60535,8.69045,4.55476,0.570908
11,10.25,8.992,1.9749,1.9749,1.71979,6.28042,5.47029,1.18689
11,11.5,6.922,1.61213,1.61213,1.39754,5.27341,5.29123,0.899604
12,1,27.146,8.02428,8.02428,8.31215,20.8387,3.91393,0.874449
12,2,37.604,12.7077,12.7077,12.9178,30.4094,3.53359,0.702279
12,4,21.9,7.13527,7.13527,7.78423,21.2237,3.42076,0.103737
12,6,18.666,4.40772,4.40772,5.23195,16.2581,4.2063,0.456742
12,8,15.704,2.936,2.936,3.72423,12.9396,4.75902,0.640324
12,10,12.04,2.05861,2.05861,2.72248,10.4469,4.91656,0.469376
12,11.5,10.08,1.61161,1.61161,2.16978,8.93019,5.07939,0.400535
13,1,26.226,8.02733,8.02733,7.91597,20.9855,3.96141,0.7372
13,2,40.09,12.7125,12.7125,12.6118,31.5862,3.82457,0.78842
13,4,19.922,7.13798,7.13798,7.37203,20.534,3.28764,-0.100066
13,6,16.372,4.4094,4.4094,4.61555,14.9088,4.18719,0.3096
13,8,17.376,2.93711,2.93711,3.07349,11.3302,5.72871,1.41415
13,10,13.73,2.05939,2.05939,2.14953,8.75729,6.13237,1.48717
13,11.5,12.168,1.61222,1.61222,1.68369,7.24931,6.54074,1.71273
14,1,18.508,8.02444,8.02444,7.57211,20.0714,2.95561,-0.268184
14,2,30.042,12.708,12.708,11.805,31.6944,3.08902,-0.177076
14,4,14.706,7.13541,7.13541,7.48628,18.2011,2.23286,-0.705148
14,6,11.446,4.40781,4.40781,5.07923,11.4743,2.68691,-0.00815985
14,8,7.33,2.93606,2.93606,3.62896,7.76636,2.32495,-0.191235
14,10,4.846,2.05865,2.05865,2.68697,5.50968,1.95029,-0.424467
14,11.1667,4.216,1.69974,1.69974,2.28036,4.57318,2.03235,-0.268934
