rep,id,eta_Cl,eta_V1,eta_Q,eta_V2
1,1,-0.70274735030444,-0.0592569051472726,-0.182628419649929,-0.127405535218091
2,1,-0.656575133682435,-0.222728447676419,-0.693388938904185,-0.394936355585768
3,1,-0.632472281152205,-0.345767693319091,0.233069978230514,-0.641951085000916
4,1,-0.656725884900959,-0.215474862752183,0.211490045736055,-0.395468015851872
5,1,-0.671432438342898,-0.222427402290634,0.358998828905582,-0.404724831896884
6,1,-0.644341306910184,-0.174562721989704,0.0529811773543803,-0.346917707573934
7,1,-0.714602595536282,-0.39556448404049,0.329133247929335,-0.691022539008715
8,1,-0.670090711963476,-0.0832538311384797,-0.188108575958946,-0.156801188518283
9,1,-0.647578621706552,-0.126928119395046,0.363383213621426,-0.230503069273493
10,1,-0.611617249652653,-0.275824359891296,0.185255821141169,-0.48631424372912
1,2,0.282730411735676,0.031065109692981,0.558242209608043,0.0448728120744786
2,2,0.285841744651376,0.241727221997315,-0.245172916555755,0.425418113293548
3,2,0.244608969864272,-0.0553799546382829,0.332146522053686,-0.0501993662022672
4,2,0.251866170393269,0.00112028778550068,0.249490677800675,0.0378274116279873
5,2,0.229843313061949,-0.0474773777726935,0.298202104753244,-0.125721121174853
6,2,0.25012074549904,0.0641928837278187,-0.222152374854614,0.105024047743963
7,2,0.229408341636401,-0.0218165470935514,0.0954149233202346,-0.0686442540743457
8,2,0.262746086895368,0.0399596164649132,0.268904307661428,0.0545623568564799
9,2,0.230978569002963,0.178666949317323,-0.249351463538857,0.326922506467844
10,2,0.210007205068662,0.0858509435177265,0.163645269035065,0.166445694616387
1,3,0.151571639757204,0.181330184948404,-0.286332622683423,0.35449070002454
2,3,0.183173577617295,0.0942744068477977,0.0394438264044483,0.157984574685333
3,3,0.232925328916465,0.199862344211862,0.219932563751982,0.36601474331117
4,3,0.192899746745275,0.230128055912543,-0.0949256998756961,0.431681448494838
5,3,0.168631815678125,-0.0121519890822181,0.469478218338014,-0.0236864466178269
6,3,0.216887429623751,0.106134519194034,0.334193126202072,0.182993914433175
7,3,0.148837425269582,0.171807458009541,-0.230615042323706,0.315968314183034
8,3,0.199830819375339,0.216493606437948,-0.20411651707341,0.421003178518954
9,3,0.158017750983583,0.00926037229852146,0.355534459083054,0.00389101843459664
10,3,0.188682972985286,0.235069146004581,0.00220690765348168,0.468937910655282
1,4,0.0216169015528753,-0.225586166596473,0.180423963006427,-0.385567010695522
2,4,-0.0244497533420989,0.0111230977939445,-0.606096803386745,-0.00173044719867707
3,4,0.0090072597327802,-0.31530275452417,0.437605827530052,-0.558767424764512
4,4,-0.011930622283649,-0.377186228744535,0.891317163085058,-0.687926511931192
5,4,0.0303480766711012,-0.144605108662911,0.039133759009723,-0.284209904045917
6,4,-0.0395938101543475,-0.0357690290450933,-0.817187826793309,-0.0598335704255892
7,4,-0.00391870136286285,0.0452504854288743,-0.581492095622232,0.131338527479595
8,4,-0.00790547781033682,-0.33517880568861,0.816616149900858,-0.578601835703664
9,4,-0.0228652040872014,-0.307796906952514,0.104502962518584,-0.53401738618029
10,4,-0.0607517052108067,-0.237296155731424,-0.085268367669507,-0.4364937957736
1,5,-0.119271247684067,0.00699606487715901,0.712335004096304,0.0380962385319872
2,5,-0.0723287636294658,0.177106405099964,0.492368154880587,0.332214201465129
3,5,-0.121788457603896,0.202758172600844,0.362880350713335,0.378931234134685
4,5,-0.095150187524812,0.270161591770303,0.383225243464091,0.500985390042096
5,5,-0.141280822784384,0.0652655085162522,0.0401350542217402,0.119959433921872
6,5,-0.159231494428419,-0.119727892302829,1.01629407242506,-0.201024948992809
7,5,-0.148211143631009,0.186716959403697,-0.285886418008546,0.374068531207467
8,5,-0.126828365296756,0.201140418537478,0.0281622252087426,0.348037298408501
9,5,-0.141480240017239,0.139325379229079,0.203465122423267,0.212732492980266
10,5,-0.144235129561224,0.0553033699534111,0.422693632296238,0.113078113843618
1,6,0.156593081797032,0.433999632762627,1.07414699364921,0.805500931921191
2,6,0.163085471674323,0.37140843738672,1.20530102315818,0.634225861859151
3,6,0.0788986115580806,0.752359144865594,0.431601618139167,1.3466873512501
4,6,0.0328682842041772,0.74724045897299,0.464627232828112,1.35906860784488
5,6,0.112929592698896,0.535224160071432,0.414671964154832,1.00166962262998
6,6,0.132119533705251,0.154068654562421,1.71382277812994,0.3125116684155
7,6,0.089402035673001,0.489662707497377,0.614412885181076,0.890265280413427
8,6,0.0349759593212168,0.621306730517232,0.00936623892565694,1.17630316627991
9,6,0.0576975545888999,0.557706750675301,0.204668800020506,1.00818545167666
10,6,0.203944401915109,0.2498368691238,1.48403388962143,0.451877032866554
1,7,0.128268484035526,-0.505446923999625,-0.558967324994352,-0.910801437147444
2,7,0.092441276720917,-0.516959616179906,-0.970944409964488,-0.922341160612617
3,7,0.0973364647166251,-0.493408966252233,-0.738819305693026,-0.922020576739004
4,7,0.129253302965688,-0.468539476368845,-0.840238500627457,-0.844136043272681
5,7,0.0992822236428385,-0.558486457086616,-0.68208520296776,-1.00539560897597
6,7,0.0681896980197495,-0.5671439045501,-1.00919539365254,-1.05826810717418
7,7,0.126523009779045,-0.521054658878842,-0.67151487138484,-0.959669718577818
8,7,0.144979565444911,-0.449401498116307,-0.863881901433045,-0.828808599569948
9,7,0.101680276880651,-0.616719774573615,-0.553891947431975,-1.09226521039477
10,7,0.0932627497725014,-0.458628923800713,-1.02020610151378,-0.825867983382222
1,8,0.23685953325648,0.101521469249063,-0.342351077221677,0.199531379319584
2,8,0.187410245273467,0.0180467122680857,-0.223684374113926,0.0287063455209125
3,8,0.257643317656488,0.151078012554699,-0.631162704922233,0.313544127157538
4,8,0.226783570552438,-0.0125126778720722,-0.401284604719707,0.0163614815983987
5,8,0.243376044653769,0.0964596802923833,-0.189022358568629,0.243000179744512
6,8,0.225002957730429,0.0586642221711243,-0.305087362267146,0.0959348225953609
7,8,0.265655903413834,0.160018081208713,-0.354334566787881,0.295461955098594
8,8,0.218587673647231,-0.0706939779227213,-0.210094712230085,-0.103868066227398
9,8,0.235991017467109,-0.0396443515818189,-0.171225014837787,-0.124600557787027
10,8,0.303032010252354,0.051381458748508,0.0755804053477723,0.11188954035399
1,9,0.000290052053324335,0.0286564862388901,0.48707645927974,0.026189810957138
2,9,-0.0556300791412761,-0.0152468442555587,0.246721989754667,0.0250510164922957
3,9,-0.0725438815336637,0.0618760338189434,0.448190543812315,0.102907325888516
4,9,-0.0424193836677554,0.107810188285416,0.471089992451399,0.164663329223221
5,9,-0.068645104429411,-0.0243375340572218,0.294924219843617,-0.0346669354119559
6,9,-0.0432463191893237,-0.073148854437661,0.151652931326912,-0.102246542296456
7,9,-0.0203893987045035,-0.029989983789153,0.249669884181031,-0.0334323355943046
8,9,-0.0458127278577274,0.183809361249471,0.166214144844742,0.331966202914101
9,9,-0.0554738221098671,-0.119737505783563,0.438681589924857,-0.228528819008836
10,9,-0.0723584225756833,-0.176982949340869,0.569359854076207,-0.345943777093473
1,10,-0.437625410759304,-0.301479504028174,-0.217686698870876,-0.554542238858195
2,10,-0.421276165956397,-0.301599560074797,-0.569697329232009,-0.605085331870609
3,10,-0.434749994864087,-0.182372072052601,-0.563603524773221,-0.379164243188149
4,10,-0.43915122396096,-0.380672648114082,-0.00706368779797021,-0.63545689686472
5,10,-0.420692697411333,-0.453653673201194,0.518811988575395,-0.840339038095855
6,10,-0.464329287049506,-0.217044534539996,-1.10056052745126,-0.342242625054991
7,10,-0.446127049759947,-0.170290422345889,-1.07122323375657,-0.324529824563662
8,10,-0.410650929884913,-0.411074569904631,0.628221754385646,-0.762972055572872
9,10,-0.396413233208492,-0.407771762499346,0.277950271524017,-0.743670337664006
10,10,-0.39635283937973,-0.137111789714416,-0.866615631228863,-0.273204006749382
1,11,0.215016043710223,0.0105375731199182,0.578959689909597,0.0107559869809929
2,11,0.239556364118999,0.145290811665175,0.487284956035373,0.235066937021164
3,11,0.226433219368133,0.303590302790898,-0.549075502417835,0.511437224267067
4,11,0.209080687497886,0.329944505770379,-0.0659201534990687,0.611017227537379
5,11,0.250065528778342,0.0113802417025167,0.587597901319866,-0.00327577633840757
6,11,0.187666197147302,0.353189577099328,-0.543273045476106,0.667329006227067
7,11,0.159345707445769,0.180627287058907,-0.424366511604012,0.333169860885325
8,11,0.181240481856093,0.257126479721422,-0.490814001339206,0.433603746866852
9,11,0.217389576270537,-0.00476709873268756,0.372678695397462,-0.0375471583346437
10,11,0.179098942669308,0.18332817874113,0.0225880203678246,0.3055435336033
1,12,-0.104944473307475,0.343211407190729,-0.0341100613889254,0.63430781593237
2,12,-0.0617294146301435,0.141584554291642,0.660564743738665,0.240499278870776
3,12,-0.0907627185541553,0.270430547155006,-0.246361490157011,0.45555910410554
4,12,-0.0373425104962921,0.106345811328409,0.436317211282227,0.219751307422023
5,12,-0.0339633092547933,0.373811103835438,-0.0124424238871509,0.67920802821314
6,12,-0.0481232956236054,0.0638640189143046,0.58637421790401,0.155452960552309
7,12,-0.0638942072309347,0.110449290784135,0.34306620063793,0.214335013897043
8,12,-0.051155566612056,0.33021770529433,-0.0042598918643992,0.649239891269695
9,12,-0.0467284033868704,0.173118327283737,0.13685194330424,0.340552813972145
10,12,-0.0482670288071876,0.180332931165898,0.477860106872977,0.307255606798033
1,13,0.0261975243236199,-0.045229485737194,0.115391852127081,-0.102446688980161
2,13,0.0646030178157539,0.166557069965014,0.0853179382750363,0.309650496723759
3,13,0.0499686002152752,0.09113739653746,0.316027367431684,0.147407554014937
4,13,-0.00125113739631121,-0.0562032854065541,0.686593084785635,-0.15951503169218
5,13,-0.0196853104788389,0.0182092703631723,0.113618034208463,0.0899352311237772
6,13,0.0507555936015672,0.203197794242809,-0.0320616345795635,0.32099849073091
7,13,0.0489611921513118,-0.0113073800632921,0.432912229165258,-0.0380765530053815
8,13,-0.00605780800104906,-0.152748806047102,0.676367181111889,-0.248238448137991
9,13,-0.000431208324981376,-0.0519750457477457,0.422448059102346,-0.0432781459192601
10,13,0.0414759049655786,0.272608151492725,-0.12196421017686,0.500621578528635
1,14,0.166904065576179,0.190775365763658,-1.11865372239073,0.368383693719654
2,14,0.192570564004801,-0.291346045605131,1.72994924466165,-0.58406379509513
3,14,0.168843298411686,-0.312815583283638,1.55986114971267,-0.572743220028183
4,14,0.0860592190222413,0.0814868979172191,-1.48690960142916,0.156903472426453
5,14,0.166293531149567,0.177671852166849,-1.5976530408841,0.308021210029126
6,14,0.193450160736879,-0.278451453072311,1.18983024543071,-0.504390359344215
7,14,0.12440841938068,0.129664873148266,-0.996906985126735,0.245039408844541
8,14,0.193646427656389,0.293602750345663,-0.961088760688441,0.528246396239776
9,14,0.133571000934006,0.228480651304596,-1.3806802290168,0.427265155713808
10,14,0.188991193680814,-0.245296948768956,0.987010849108003,-0.494867896368461
