rep,id,Cl,V1,Q,V2
1,1,2.52826256164716,11.8092094466306,11.1168250842079,53.8189059182621
2,1,2.49533852834814,12.5124689938408,14.3566668029313,58.2415417621532
3,1,1.85799980538192,18.253662420106,8.81209845972744,88.1187368372312
4,1,1.96091405810922,15.9211796244018,10.1818289724111,74.3927412722077
5,1,2.45535160666003,11.6521231583728,15.5768394885882,54.7954551615423
6,1,2.25597550194231,14.0289286809298,11.9473994430663,66.1218962239651
7,1,1.84308699049753,17.3532437611128,9.68031040632004,82.5289459026755
8,1,2.31652003375822,14.3396078470873,10.998425925849,67.8067741883297
9,1,2.4150284247592,12.1206138164083,9.01497223171869,54.4221598689202
10,1,2.1736267697836,13.3664310900928,9.24591411893,63.5910057285676
1,2,6.04700575710499,26.2383576992155,4.75467153833646,125.63598417952
2,2,5.75834265227164,27.461272755806,3.99269100765067,133.18185733579
3,2,5.9066720622135,24.4332088887542,5.73944608489572,114.059280091302
4,2,5.92671370330089,24.4633450850587,5.05432872746126,117.217025158713
5,2,6.14248748435558,26.8853418048735,6.28852347250699,126.01589039025
6,2,5.6613643401474,25.0636398583463,5.3778923984384,120.441930950816
7,2,5.83132131296154,23.5574945693892,4.79088763111576,114.079431601845
8,2,5.79757313001156,27.7048063852654,4.95603870314108,133.32551955498
9,2,5.58081482849494,25.7412480549954,5.31727405355275,124.048047769034
10,2,6.04181966862129,26.8890414914236,5.12817540212535,128.468208951656
1,3,5.52467421564628,26.8039544106329,6.42728144342652,128.426604174122
2,3,5.49094453544909,27.9281968658062,5.49455903067592,132.162100960282
3,3,5.72465738868798,23.8717964140312,6.30525372074891,115.001415968595
4,3,5.63891255490879,27.6257187193547,6.98330557117567,135.809624255639
5,3,5.54782143247694,26.9024660913294,6.87846891637918,130.674567222615
6,3,5.62466812285619,28.085009321653,6.40766864733062,135.808902263034
7,3,5.67726132401598,22.6510025718622,5.94324502060148,108.409234416279
8,3,5.59587666147818,25.9993188813156,6.22285314865705,123.368614237755
9,3,5.64645512739415,24.002023309127,6.32877122425105,115.281552351456
10,3,5.24952459495705,29.2728384761694,6.57136594646118,141.994782546847
1,4,4.46602670801779,20.8355327377983,3.50792656154349,97.8725343755169
2,4,4.23812657974766,20.986016009254,2.57560456446094,100.115566056661
3,4,4.32266494739951,21.3528612860596,2.39310362346288,100.239912655502
4,4,4.44635805354444,18.5931349914678,3.39685245823713,89.7976757427434
5,4,4.51357192556482,23.9228539710755,4.37495335947392,116.316329915872
6,4,4.31332053620216,21.6448859760409,2.56401917262978,100.768863347187
7,4,4.44643556763441,21.5130510109326,3.30534743063857,103.295828946447
8,4,4.41862419277001,18.9610985546304,3.48454246997356,89.0393008692552
9,4,4.34516432053128,20.9182655523233,2.75668368981408,101.187388270045
10,4,4.44490394662947,20.5241591301742,3.9144256371615,99.6449550523776
1,5,3.79663451631145,21.4917190712413,6.17411988160007,101.800507148794
2,5,3.97251982646963,23.6064659695351,6.92968552773038,113.021364781492
3,5,3.92251164404544,25.9744621308037,7.49297596599496,121.242261996492
4,5,3.70534931938502,26.1550645392075,5.53891219552353,125.879737921792
5,5,3.96778752684257,21.8470603332239,7.39806089779076,104.8116971108
6,5,3.71273765794125,25.7729536006892,5.28332180314604,124.909219690976
7,5,4.17400990486941,24.8158906527844,7.88561662862606,117.915942095204
8,5,3.60041434790945,26.6534904827572,5.27806547834833,126.263679951264
9,5,4.06224697260406,19.0274342693412,7.76492114725417,91.5863087487046
10,5,3.69311306015494,26.8418699459879,6.8278051088759,126.632673377451
1,6,5.83661238580848,10.7330373509815,41.4910282462786,51.1011678800053
2,6,6.05186992264501,13.1353500616305,52.7125164358061,62.2759778952878
3,6,6.34352750674272,13.1389717528993,40.6162382525727,61.479526432457
4,6,6.11879414508408,12.3817719034833,33.8528910898922,58.9590824560046
5,6,6.19411904072707,11.8052256971271,64.9211026279321,56.1231951703534
6,6,6.20077901185627,13.8074249927098,50.2155467483702,65.3437240458478
7,6,6.15758540941641,11.2101390069757,56.0847701117311,52.7588035512345
8,6,6.21221671921427,13.3240601505524,58.4315659562472,63.0054068065333
9,6,6.11001256207961,11.7633017984843,46.2297419230001,54.814745467393
10,6,4.63975056431561,36.2593136277744,8.61518870150064,172.064689823913
1,7,5.78452552072304,14.2894619235413,2.42878747211907,65.3766844064136
2,7,5.45625217013297,13.2256301385144,2.37576542862454,62.9968835920045
3,7,5.65499844640557,13.0356345245356,3.04600519101767,61.6122633835815
4,7,5.41850658771988,13.5252634505212,2.55858678833801,64.1072835236257
5,7,5.22001959596726,13.0188171354319,2.05569096130595,62.0237581858482
6,7,5.71890759998302,14.2636852924463,2.55624652028428,67.9994566380466
7,7,5.49222094781786,13.3545169308342,2.27087767292948,63.5066993399251
8,7,5.50898920860024,14.1414702081761,2.18861767229468,67.4155213842087
9,7,5.48714018238153,13.7967934584163,2.63263248986198,64.8543113348668
10,7,5.4130207265665,12.8196238189189,2.44451938449731,60.7767769795028
1,8,6.08475725137093,24.0437627466625,4.47656194359345,114.06673728336
2,8,7.13012992439837,7.21221998792329,28.3131742494658,33.7868616701637
3,8,6.02499170934581,23.9894835068966,4.32767725741921,112.848580664502
4,8,6.26257262338861,23.883267545226,4.58529281504064,111.330225886792
5,8,5.82449692583916,21.703132618376,4.37671797751755,103.410404814116
6,8,7.06999099367691,7.63966314708639,29.2496677674645,35.2597565993303
7,8,5.73534451888058,22.1785383185823,3.82256851253106,103.604330309242
8,8,5.77205275936516,22.2506978925902,4.36601929433512,108.244449964547
9,8,5.80384647821194,20.5920564758202,4.25968230491883,96.8400204274478
10,8,7.04139956996071,6.47332752288469,35.6802980254759,29.8120241111082
1,9,4.40041285416156,21.6778837114767,8.22412763361857,102.686990198268
2,9,5.03807488056569,8.83420813851294,17.3522766544832,40.972087011649
3,9,4.36141973361717,22.1968728297345,7.51514280482792,103.744554349116
4,9,4.29664970123511,21.4342703912858,7.42776246131142,102.620719689049
5,9,4.32299548189879,20.4142833577821,6.58434185709881,95.5206056914935
6,9,5.1419363024273,7.95554998208703,22.5852496447072,37.5975428391631
7,9,4.12263765533583,24.8885717517113,6.67811254348249,119.889333529763
8,9,4.14772976821771,22.1504532352944,5.68595079842523,106.723622596035
9,9,4.48791033096329,18.2404269290846,8.016029655359,85.6785390993931
10,9,5.13275733349974,7.49399818449258,25.3261528875516,34.9454147384747
1,10,2.85072169711772,16.8579510146294,2.825809215439,78.0940424449355
2,10,2.720561421041,18.4849053814848,2.85679952454845,85.6162202513298
3,10,2.85448933977936,16.5488976650375,3.61242273950474,77.7267393156141
4,10,2.87047691969105,16.7485915440357,3.55602649771614,77.9485104051127
5,10,2.826314386267,19.1412519348359,3.31846431660036,91.2807650882169
6,10,2.6661138687289,18.9495006072522,3.00603533150108,88.9082383168269
7,10,2.8230998772621,16.1713074017219,3.26840585379276,75.3879722244361
8,10,2.90163784643298,20.0386472142179,3.36809438646526,93.8847606805033
9,10,2.76097318759922,15.6533225658359,2.52374129477988,74.0580223626377
10,10,2.77006467002134,18.6164488282109,2.79589270651394,87.9179813651619
1,11,5.47248104691223,26.7837461665086,4.75510363101645,129.397028825228
2,11,5.57559093229711,25.2923700544793,4.07102658381531,120.884480842626
3,11,6.49886453705385,6.89032026731898,33.6209306313177,32.6072396531089
4,11,5.47845250246091,26.2584777832942,3.52578706496706,124.622558261242
5,11,5.75977760570638,28.311498725898,5.12616121436243,135.53337786983
6,11,5.51227220078963,24.9316116255891,5.06477903706409,119.463411553594
7,11,6.50615189784964,8.06439431471963,31.2593462747109,36.7094725853187
8,11,5.40062322649757,23.9348765204241,4.38972532932694,113.433994448268
9,11,5.64199694029519,27.2523967265657,5.6000901299363,129.834598513764
10,11,5.69283645134304,24.3057969560856,5.24084379803544,114.044656628465
1,12,4.04485472022225,27.2403548708919,8.55405627240683,130.056757031789
2,12,5.2398748152782,9.96185726992043,26.9672786275952,46.4987766884788
3,12,4.20241342086623,25.0862026828573,7.66555005962401,118.515895884394
4,12,3.97307149511667,27.9694340880039,6.83470974926797,135.007573257598
5,12,4.07552126792489,27.8153816594169,7.67776844642763,130.764540914546
6,12,5.2837764816681,9.95986825770086,29.6570132398218,46.5233002444517
7,12,4.02183167457427,29.3335358113775,7.27947647919184,140.158066741399
8,12,4.10877312644419,28.4020265542485,9.14183753261632,133.246758757733
9,12,3.8470491029431,26.0630622921405,7.12581706362603,122.144081760712
10,12,5.51949125849253,10.2844300756638,29.8145319046574,48.9175404791661
1,13,4.50204904200373,24.0209069758831,4.83303206758362,114.774100108065
2,13,4.34690794124828,24.7544312895341,4.6564221716363,117.874669459261
3,13,4.70921373595726,23.33350388281,5.94725170878155,107.663820743212
4,13,4.56324084936319,25.2355556703695,6.40907231716861,118.405200268639
5,13,4.40380743109571,25.1611485262229,4.9102459851209,117.545182333593
6,13,4.20941408251665,28.2368190478007,5.36251305537463,137.648433283839
7,13,4.33560462254913,23.1355742603888,4.96234101767817,108.647796500843
8,13,4.45509748383743,23.9737884984746,4.49038159587315,116.802661363854
9,13,4.62696949527342,26.4254869328961,3.85187866276557,124.152036592527
10,13,4.50911602912869,26.2951958143032,5.47548196697087,124.681997067364
1,14,5.3371910769303,23.6062889844516,2.50885159737529,111.896570053125
2,14,5.4911867054082,25.156491512423,3.13123288641369,118.715844796523
3,14,5.97477351568099,4.64308346886335,104.441085425406,21.0239267306266
4,14,5.78860616909875,26.9451675593463,2.73878100696547,129.456020403882
5,14,5.52929743896015,25.532604081918,2.48633951853551,120.672810744259
6,14,5.39137144129451,25.313477554858,2.41291424242834,117.511911058958
7,14,6.26796411735097,5.38632152032917,99.123000353105,24.6722930722915
8,14,5.60314043748475,26.3086659594025,1.90924940414947,125.229997126042
9,14,5.65283623519087,27.7274405785635,2.80402373482679,132.762858784996
10,14,5.50233574386064,26.0663007118465,3.2115398726559,126.856081469357
