rep,id,eta_Cl,eta_V1,eta_Q,eta_V2
1,1,-0.845488462600118,-0.293657160482973,-0.448129280015694,-0.29839012936643
2,1,-0.728790409230289,-0.452512547147993,-0.484781868359837,-0.458773697140884
3,1,-0.643312537922586,-0.769651119574589,-0.144298625204989,-0.745569386448323
4,1,-0.83369741021178,-0.215236973292342,-0.835136005673772,-0.233831957449496
5,1,-0.737889489693656,-0.348275149897603,-0.282386001544251,-0.37160964312474
6,1,-0.716207006817561,-0.573074811043346,-0.15902658343121,-0.569653553310045
7,1,-0.71359211686232,-0.568173747431405,-0.211372035459737,-0.566806224714422
8,1,-0.836803338516314,-0.236239451327785,-0.686225378898508,-0.238079769402345
9,1,-0.751380546462489,-0.347474367918988,-0.0444456476601338,-0.360656975030801
10,1,-0.737305581853366,-0.624297642905575,-0.261893370157128,-0.628311522785869
1,2,0.125027849580636,0.0970714448869784,-1.2515147869712,0.117162734208721
2,2,0.185923875735402,0.258329045633724,-1.22721130660646,0.237768145630796
3,2,0.165141627005047,0.26028158301036,-1.45942363431418,0.278755211587249
4,2,0.146832873341671,0.172079268100395,-1.12401809675337,0.163165580352056
5,2,0.140093195944209,0.27278925317814,-1.55843655870654,0.261413948081758
6,2,0.0859064195076197,0.265455307124048,-1.48985254593433,0.258828501438871
7,2,0.161272578514863,0.359078855256135,-1.28300844000763,0.339404075104481
8,2,0.180352170677523,0.260334258536749,-1.20225561422175,0.239625671562879
9,2,0.132483224723852,0.208404932834829,-1.58418810321103,0.214228328309737
10,2,0.129867615584541,0.165301927913705,-1.37987059371545,0.171881808401041
1,3,0.116463206744059,0.242551677651864,-1.01582438572292,0.262520546289482
2,3,0.0713293995767138,0.306675965818426,-1.08463063130301,0.306240404161901
3,3,0.156508506889217,0.172368738671142,-0.950030834290499,0.178963578381478
4,3,0.161274962456767,0.0125005819247758,-0.707848815654259,0.0162077256386039
5,3,0.162786662598814,0.00300567751222243,-0.895890163977199,-0.0214162640252373
6,3,0.10466888267465,0.282236175475729,-1.04815246579079,0.295496122236077
7,3,0.0720769830456928,0.270568443399762,-1.27473791569162,0.274033740757196
8,3,0.0954757819433538,0.150702882466073,-1.05335195436557,0.157828834284511
9,3,0.0421075301112281,0.238092662004939,-1.36485183136367,0.240331165799328
10,3,0.11881723076799,0.290247282450345,-1.05477060269338,0.312225707761244
1,4,-0.0737065321610449,-0.0470019178498143,-1.32476569575615,-0.060897284722529
2,4,-0.0773529257158923,-0.0122719991752259,-1.32726145774814,-0.0449125409312635
3,4,-0.149789061889736,-0.0444601996826368,-1.79150008717392,-0.0490618806104102
4,4,-0.127300711041667,0.0510848604008962,-1.74624883631608,0.0689103852105828
5,4,-0.0715046114624768,-0.0209332362363302,-1.34241600787785,0.00726615714071246
6,4,-0.120589762734414,-0.0380592753848002,-1.47868105988604,-0.0286512460542468
7,4,-0.113599582156621,-0.00239209277210201,-1.50994325818349,-0.046918422298999
8,4,-0.081335063962146,-0.0302802863240123,-1.30059956850701,-0.0336558383396321
9,4,-0.139184723933549,0.026019637426835,-1.72906231105939,0.0141561240044863
10,4,-0.112930141192795,-0.0700352900738647,-1.62018534629066,-0.0816810051696531
1,5,-0.264335828806867,0.177197769087458,-0.97977264408616,0.192679748971438
2,5,-0.191927290439281,0.175731372244804,-0.913856217610227,0.170000991442232
3,5,-0.22677106696128,0.183481711843609,-1.09201592207017,0.170410489103528
4,5,-0.277439414641857,0.242788851285157,-0.696451962969738,0.242984598054821
5,5,-0.226313397706361,0.167183682285286,-0.818922869080096,0.176680542209912
6,5,-0.342918245420003,0.30356658037126,-1.01101073952143,0.308563633939819
7,5,-0.180725671759677,0.103078373982129,-0.401257975901995,0.114409752046366
8,5,-0.306497426234608,0.219296654645146,-1.01212401392564,0.217335818162034
9,5,-0.23805179980406,0.0787169121277388,-0.98924406810654,0.0887554292904823
10,5,-0.263687245923595,0.277539788745828,-0.775110563923272,0.279844879156249
1,6,-0.0955514147286247,0.712601059804794,-0.469218119435865,0.711876474527954
2,6,0.145047470110811,-0.310605085332219,1.45290870721325,-0.321476075966474
3,6,0.163326304494385,-0.297906430288627,0.82905912173814,-0.282037860809155
4,6,-0.0190958543643143,0.568420311196415,-0.188391408540406,0.56275928104638
5,6,-0.102485984970668,0.640353827762951,-0.92370300741428,0.622362626229407
6,6,0.176950682562512,-0.394454197927217,0.944054836405465,-0.387404335418463
7,6,0.179237687889639,-0.31269873857616,1.00286050826568,-0.303695075096836
8,6,0.0588035242530898,0.518832563703118,-0.0775970820071364,0.50976213357776
9,6,-0.0650533752644308,0.605489163995224,-0.501523042915168,0.606194942282928
10,6,0.185017940458477,-0.510229044951213,1.18125236498796,-0.529291530113947
1,7,0.101818928942207,-0.438307515561673,-1.8181654879708,-0.442617338514432
2,7,0.103310858136321,-0.571255898074795,-1.75369817000523,-0.567554378041951
3,7,0.0471564055002741,-0.50749500933448,-2.04384510604524,-0.488162631199668
4,7,0.0999147485394886,-0.488131499892418,-1.87996333071596,-0.517450055944952
5,7,0.0916161409753904,-0.488152881931114,-1.91463171706546,-0.511501663001259
6,7,0.0845609346063575,-0.529992518110576,-1.83733534286279,-0.51248540480075
7,7,0.0364730643101343,-0.477029754530001,-1.90250554368222,-0.466642329800653
8,7,0.0527840640342332,-0.476375259853028,-2.04671857699145,-0.481096628997463
9,7,0.0778327536536898,-0.48583840185087,-1.90034899533381,-0.510385480088075
10,7,0.0777222109663551,-0.463777541736755,-2.01884471241669,-0.516591761812658
1,8,0.163248534044374,0.0588011783651411,-1.41946361169394,0.0649625674963597
2,8,0.178864577697973,0.002141743560491,-1.21627653950366,0.0234936472157802
3,8,0.155255005635998,0.123972635987347,-1.40436519268491,0.143034476278374
4,8,0.158278123027881,0.187774129516365,-1.43202470864377,0.192227447562045
5,8,0.160953847079388,0.138687560694704,-1.35262949396299,0.136929485998395
6,8,0.154010853731821,-0.0254364464758302,-1.57963909564874,-0.0293647515672489
7,8,0.124036352495615,0.0918767129629108,-1.47548644506248,0.116584385056977
8,8,0.193496704980228,0.133735235540171,-1.25154923923673,0.172641660019033
9,8,0.178104506872388,0.0192088833188439,-1.37088012659055,0.0390185446002238
10,8,0.191845896130743,0.0130160881769855,-1.3292219780544,0.0147251693761815
1,9,-0.134348829118464,0.000363807291263648,-0.843496480062076,0.0235463738768083
2,9,-0.0478930210908443,-0.69912960945562,0.25958658420886,-0.710686030199053
3,9,-0.152002256005237,-0.0122901237508222,-1.02170297706373,-0.028067247668064
4,9,-0.132693696055779,0.0340800037353004,-0.834817573851078,0.0424039153661668
5,9,-0.108918485299865,0.00704115509682402,-0.699693423512285,-0.0161549385726623
6,9,-0.0424999993902682,-0.883378455884344,0.242232924634039,-0.897563659497349
7,9,-0.00148723271087264,-0.564284073044481,0.117966937535794,-0.547598045084509
8,9,-0.13445460163334,0.0965235695028983,-1.06372652884131,0.0919952041641566
9,9,-0.000570095243623512,-0.551987037807736,0.436059089628645,-0.57367510126882
10,9,-0.0683767173844273,-0.673336562320037,-0.0679378761396082,-0.694309577425368
1,10,-0.504211904894989,-0.132024068029166,-1.43971451299174,-0.137563071667493
2,10,-0.523919868373608,-0.0947313875256087,-1.79436479437642,-0.102457401876228
3,10,-0.617225920194447,-0.0724601850008364,-1.96474495556815,-0.0815817567511049
4,10,-0.577359032658569,-0.0278087228762634,-1.79752185265167,-0.0220816379353652
5,10,-0.525181982918233,-0.141011968708004,-1.50667076153356,-0.147002995099308
6,10,-0.548985338544877,-0.115851392330767,-1.86621923628929,-0.153374131016289
7,10,-0.560827173535357,-0.125414039377392,-1.72666986427247,-0.107892884377084
8,10,-0.543635272365771,-0.114641512651913,-1.67538029733724,-0.0950215356872567
9,10,-0.542196342018932,-0.162418826070171,-1.70311134110279,-0.158588883580343
10,10,-0.507873465709881,-0.0526271320598383,-1.49190215947592,-0.018478502856573
1,11,0.124342798277155,0.144914080858908,-1.26226083290952,0.179968814167902
2,11,0.114900992684531,0.265632962648067,-1.33437407354609,0.273248493312828
3,11,0.236481968759425,-0.818780135007876,0.659264559742034,-0.841958389105778
4,11,0.158824170911657,0.246430719270832,-1.1063705241694,0.261515336829392
5,11,0.124443760056782,0.231663220530217,-1.30241945938766,0.216696764466489
6,11,0.134207784351822,0.32855955066944,-1.16307481585243,0.331432641550738
7,11,0.22810844076625,-0.935072456336628,0.738871789104786,-0.928825541258096
8,11,0.127954154867347,0.225369806202069,-1.07928551422643,0.22577243388851
9,11,0.112807440858464,0.179539903021462,-1.26212897897469,0.185324373684654
10,11,0.106220293954849,0.264169840697833,-1.32100140132027,0.27551887748819
1,12,-0.142398668036131,0.0407802990479068,-0.629599272374697,0.0209794778695263
2,12,-0.118057923378489,0.206256154330438,-0.808545333506378,0.216948323542813
3,12,-0.191736524845522,0.192390835190046,-0.768358586598696,0.197781143503417
4,12,-0.142555418247211,0.173354786175326,-0.870188086454172,0.173391685792047
5,12,-0.172660719169529,0.273218032676645,-0.803312822942924,0.266426082151901
6,12,-0.17164411406734,0.255651437272807,-0.968229425585068,0.259550752767985
7,12,-0.119490010758684,0.182405547229975,-0.469744348564647,0.2185647271994
8,12,-0.191105039024342,0.285123022737449,-0.877610956689844,0.293347037075782
9,12,-0.159720690775289,0.199322229047034,-0.664467819354978,0.176372042605363
10,12,0.0208967696584471,-0.623720366014087,0.738777547954609,-0.631057455559048
1,13,-0.0849677306413721,0.222561195527973,-1.19448902880828,0.210895097302344
2,13,-0.075317820976669,0.205746716749007,-1.05086319065215,0.219440291014559
3,13,-0.129657580815309,0.148911071742863,-1.36954177757111,0.166637485129521
4,13,0.0349124145050263,-0.907777519465459,0.969783247664661,-0.910744463154864
5,13,-0.129657976667304,0.0928229316829694,-1.39538919563875,0.0958489612057292
6,13,-0.0648569893267965,0.223103944789097,-0.887738145271509,0.202737012166696
7,13,-0.113526928129816,0.238878712852144,-0.987543320750161,0.260392464745328
8,13,0.0304507314872829,-0.895379489321888,0.66770239087714,-0.908147876317079
9,13,-0.0543182295229691,0.160048566738161,-1.07123139311495,0.17414284415507
10,13,-0.0571870453337544,0.293449605745523,-1.0805549663478,0.307191045405564
1,14,0.0962790666379175,0.230543005119361,-2.14232289079534,0.231194161126319
2,14,0.0282187407068377,0.109234256482064,-2.19573854193189,0.110940238783084
3,14,0.213481925105471,-1.1514943119615,1.49202394877958,-1.17433244214048
4,14,0.0659202073726493,0.261421294078861,-2.0247190498905,0.293213300022823
5,14,0.079494156585369,0.162395985609101,-1.85770751268152,0.181601593632984
6,14,0.106311565578769,0.10422278037643,-1.70785259207162,0.0753728734477163
7,14,0.187588469102994,-1.14594905950088,0.943500756574472,-1.17049555851344
8,14,0.0942151811766837,0.172019426452709,-1.97640578146632,0.187963200727328
9,14,0.0704634085933491,0.199605505698473,-1.89111201317103,0.173615198426833
10,14,0.109986143609494,0.121828831976463,-1.82305805486785,0.138883517240559
