iteration,convergenceIndicator,phase,Cl_pop,beta_Cl_logtWTKG,beta_Cl_tCLCRMLMIN,V1_pop,Q_pop,V2_pop,omega_Cl,omega_V1,omega_Q,omega_V2,corr_V2_V1,a1,a2
1,1455.23,1,5.6796,0.757903,0.609706,40.6172,12.4684,47.6947,1,1,1,1,0.998743,1,1
2,1443.28,1,7.8362,0.861821,0.276235,45.5377,17.2132,54.303,0.974679,0.974679,1.03422,0.974679,0.998743,0.974679,0.974679
3,1433.81,1,7.01715,0.824723,0.421692,48.8029,16.4864,59.0082,0.95,0.95,1.09512,0.95,0.998743,0.95,0.95
4,1421.66,1,5.59355,0.816841,0.576557,54.0103,22.9643,65.0404,0.925945,0.925945,1.11099,0.925945,0.998743,0.925945,0.925945
5,1415.55,1,6.3083,0.467841,0.451776,50.6177,15.1209,60.6538,0.9025,0.9025,1.08286,0.9025,0.998743,0.9025,0.9025
6,1402.49,1,4.9064,1.09481,0.650321,47.9346,17.4096,57.808,0.879648,0.879648,1.05544,0.879648,0.998743,0.879648,0.879648
7,1398.1,1,6.05214,0.966257,0.523506,48.1817,16.6232,58.1275,0.857375,0.857375,1.03559,0.857375,0.998743,0.857375,0.857375
8,1370.5,1,7.09035,0.792153,0.365364,52.5495,17.2047,62.8952,0.835666,0.835666,1.00937,0.835666,0.998743,0.835666,0.835666
9,1370.62,1,5.55196,1.00298,0.636781,58.2934,17.5766,69.7159,0.814506,0.814506,0.983809,0.814506,0.998743,0.814506,0.814506
10,1346.05,1,5.02412,1.0167,0.735635,59.4549,18.4011,71.4224,0.793882,0.793882,0.958898,0.793882,0.998743,0.793882,0.793882
11,1338.97,1,6.09033,0.628825,0.618398,56.8499,16.8442,68.0496,0.773781,0.773781,0.934618,0.773781,0.998743,0.773781,0.773781
12,1323.39,1,7.31023,0.623184,0.393184,51.2529,16.7179,61.3386,0.754188,0.754188,0.929864,0.754188,0.998743,0.754188,0.754188
13,1320.37,1,6.24642,0.741726,0.540784,55.307,19.4192,66.0926,0.735092,0.735092,0.924324,0.735092,0.998743,0.735092,0.735092
14,1304.48,1,6.4686,1.02451,0.478212,55.8018,17.1757,66.5631,0.716479,0.716479,0.966895,0.716479,0.998743,0.716479,0.716479
15,1290.59,1,5.79807,0.946318,0.586122,55.793,20.1685,66.7289,0.698337,0.698337,0.942412,0.698337,0.998743,0.698337,0.698337
16,1288.66,1,6.32359,0.629572,0.485479,46.7656,19.879,56.4352,0.680655,0.680655,0.984271,0.680655,0.998743,0.680655,0.680655
17,1270.92,1,7.51,0.722884,0.329388,47.0677,17.4651,56.8501,0.66342,0.66342,1.04839,0.66342,0.998743,0.66342,0.66342
18,1262.3,1,8.38949,0.895916,0.18074,45.9619,18.7115,55.5192,0.646622,0.646622,1.02184,0.646622,0.998743,0.646622,0.646622
19,1253.57,1,7.9502,0.930725,0.267021,49.8437,20.412,59.963,0.630249,0.630249,1.06423,0.630249,0.998743,0.630249,0.630249
20,1233.26,1,8.11542,0.959709,0.289887,49.9781,19.287,60.0677,0.614291,0.614291,1.03728,0.614291,0.998743,0.614291,0.614291
21,1223.11,1,8.1311,0.884595,0.260422,47.9114,18.8738,58.0163,0.598737,0.598737,1.01102,0.598737,0.998743,0.598737,0.598737
22,1209.75,1,7.58542,0.923564,0.357761,52.8027,15.8933,64.2263,0.583577,0.583577,0.98542,0.583577,0.998743,0.583577,0.583577
23,1195.45,1,7.93228,0.85196,0.328382,53.21,13.5803,64.9977,0.5688,0.5688,0.960469,0.5688,0.998743,0.5688,0.5688
24,1173.89,1,6.52247,1.05135,0.513269,56.5914,10.6103,69.0309,0.554398,0.554398,0.936149,0.554398,0.998743,0.554398,0.554398
25,1172.25,1,5.76214,0.802143,0.667595,53.8412,10.3506,65.8606,0.54036,0.54036,0.912445,0.54036,0.998743,0.54036,0.54036
26,1155.49,1,6.77115,0.809453,0.46262,53.3343,10.7741,65.142,0.526678,0.526678,0.889342,0.526678,0.998743,0.526678,0.526678
27,1141.95,1,6.89655,0.817146,0.452084,51.6048,12.7779,63.115,0.513342,0.513342,0.866823,0.513342,0.998743,0.513342,0.513342
28,1136.49,1,7.03538,0.829197,0.438916,51.9601,12.4728,63.2007,0.500344,0.500344,0.844875,0.500344,0.998743,0.500344,0.500344
29,1120.51,1,6.96664,0.86511,0.418609,51.3821,12.9289,62.076,0.487675,0.487675,0.878783,0.487675,0.998743,0.487675,0.487675
30,1112.29,1,6.75681,0.965806,0.477571,49.8553,12.0621,60.1461,0.475327,0.475327,0.856531,0.475327,0.998743,0.475327,0.475327
31,1107.47,1,6.98904,0.821031,0.437045,48.573,12.2306,58.3361,0.463291,0.463291,0.834843,0.463291,0.998743,0.463291,0.463291
32,1095.03,1,6.61857,0.914635,0.471227,50.6076,12.4645,60.7127,0.45156,0.45156,0.813705,0.45156,0.998743,0.45156,0.45156
33,1078.14,1,6.61183,0.726487,0.517462,50.6568,11.4717,60.6576,0.440127,0.440127,0.793101,0.440127,0.998743,0.440127,0.440127
34,1068.58,1,6.31523,0.725636,0.533483,51.6872,11.3993,62.1346,0.428982,0.428982,0.820146,0.428982,0.998743,0.428982,0.428982
35,1052.15,1,7.1711,0.623355,0.419549,50.5777,12.7107,60.8125,0.41812,0.41812,0.799379,0.41812,0.998743,0.41812,0.41812
36,1053.31,1,7.3815,0.715593,0.40768,51.3365,15.1794,61.6631,0.407533,0.407533,0.779139,0.407533,0.998743,0.407533,0.407533
37,1044.29,1,6.42136,0.84053,0.502358,51.1282,12.8766,61.1731,0.397214,0.397214,0.81933,0.397214,0.998743,0.397214,0.397214
38,1020.73,1,6.76053,0.838934,0.475149,51.5666,12.6263,61.6844,0.387157,0.387157,0.798584,0.387157,0.998743,0.387157,0.387157
39,1012.03,1,6.44695,0.902098,0.523171,50.6722,13.7865,60.8038,0.377354,0.393759,0.778364,0.392023,0.998743,0.377354,0.377354
40,1013.58,1,7.04199,0.880262,0.432737,51.3898,12.4764,61.5201,0.367799,0.400695,0.758655,0.399815,0.998743,0.367799,0.367799
41,1007.11,1,6.76095,0.765746,0.482245,49.6306,13.6028,59.3839,0.358486,0.390549,0.749184,0.389691,0.998743,0.358486,0.358486
42,992.442,1,6.70446,0.68142,0.500306,50.2332,13.4703,60.0338,0.349409,0.38066,0.730214,0.379824,0.998743,0.349409,0.349409
43,977.841,1,6.74865,0.860658,0.473749,52.4802,14.704,62.9905,0.340562,0.371022,0.711724,0.370207,0.998743,0.340562,0.340562
44,975.391,1,6.60976,0.880574,0.517521,50.5298,15.135,60.8754,0.331938,0.361627,0.703227,0.360833,0.998743,0.331938,0.331938
45,965.791,1,7.71514,0.838082,0.366585,51.7816,13.6686,62.136,0.323534,0.352471,0.685421,0.351696,0.998743,0.323534,0.323534
46,946.234,1,7.26375,0.709251,0.411438,51.6538,10.9062,62.252,0.315341,0.343546,0.668065,0.342791,0.998743,0.315341,0.315341
47,932.684,1,7.78373,0.683753,0.357654,49.8318,12.3458,60.005,0.307357,0.334847,0.65115,0.334111,0.998743,0.307357,0.307357
48,934.357,1,7.77253,0.746865,0.332797,49.2398,11.5772,59.1098,0.299574,0.326369,0.708291,0.325652,0.998743,0.299574,0.299574
49,917,1,7.61679,0.701992,0.350193,52.1413,11.058,62.652,0.291989,0.318105,0.690356,0.317406,0.998743,0.291989,0.291989
50,913.579,1,7.59666,0.729501,0.366037,53.0677,10.36,63.8336,0.284596,0.31005,0.672876,0.309369,0.998743,0.284596,0.284596
51,903.763,1,7.62547,0.756154,0.340551,52.5835,8.58531,63.0037,0.27739,0.3022,0.655839,0.301536,0.998743,0.27739,0.27739
52,893.807,1,7.51843,0.865393,0.362767,51.904,9.40768,62.0946,0.270366,0.303234,0.639232,0.301437,0.998743,0.270366,0.270366
53,888.959,1,7.30765,0.828075,0.377796,50.4967,9.09436,60.5509,0.26352,0.295556,0.623047,0.295235,0.998743,0.26352,0.26352
54,877.122,1,7.04408,0.77753,0.425455,51.7024,8.50652,62.0286,0.256848,0.31341,0.608619,0.315515,0.998743,0.256848,0.256848
55,873.921,1,7.52461,0.843546,0.357786,54.1869,8.9387,65.1403,0.250344,0.325611,0.593209,0.327562,0.998743,0.250344,0.250344
56,877.825,1,6.95171,0.810004,0.427026,50.1536,9.52452,60.1943,0.244005,0.317366,0.67603,0.319268,0.998743,0.244005,0.244005
57,855.182,1,7.15985,0.828476,0.407382,52.1656,9.17754,62.7773,0.237827,0.309331,0.658913,0.311184,0.998743,0.237827,0.237827
58,849.878,1,7.51828,0.894309,0.351737,52.927,8.71481,63.6723,0.231805,0.301498,0.642229,0.303304,0.998743,0.231805,0.231805
59,843.566,1,7.94383,0.833399,0.299968,51.6505,8.83774,62.0533,0.225936,0.293864,0.630222,0.295625,0.998743,0.225936,0.225936
60,833.652,1,7.38011,0.888261,0.355979,51.6016,9.03096,61.8656,0.220215,0.286423,0.661117,0.288139,0.998743,0.220215,0.220215
61,822.248,1,7.05984,0.883379,0.410017,51.1447,9.32781,61.6609,0.214639,0.279171,0.655467,0.280843,0.998743,0.214639,0.214639
62,811.474,1,6.89811,0.899415,0.432174,50.218,9.28386,60.4708,0.209204,0.274309,0.63887,0.276141,0.998743,0.209204,0.209204
63,816.637,1,7.37186,0.842545,0.365952,49.5234,9.07643,59.6075,0.203907,0.270421,0.656217,0.273108,0.998743,0.203907,0.203907
64,801.766,1,7.25585,0.812507,0.382214,51.1101,8.922,61.4629,0.198744,0.263574,0.654799,0.266193,0.998743,0.198744,0.198744
65,798.508,1,7.34123,0.878916,0.371333,50.7115,9.04914,61.1008,0.193711,0.2569,0.63822,0.259453,0.998743,0.193711,0.193711
66,789.78,1,7.11053,0.839936,0.405596,49.266,9.45797,59.2627,0.188807,0.250396,0.622059,0.252883,0.998743,0.188807,0.188807
67,795.514,1,7.3685,0.720049,0.380873,48.5001,9.42779,58.4522,0.184026,0.258874,0.607495,0.2597,0.998743,0.184026,0.184026
68,793.697,1,7.69239,0.814244,0.33552,48.9951,9.9663,58.9174,0.179366,0.264015,0.688254,0.264992,0.998743,0.179366,0.179366
69,787.254,1,7.84285,0.852709,0.304371,47.7447,10.8173,57.4551,0.174825,0.261552,0.737929,0.263358,0.998743,0.176647,0.174825
70,775.353,1,7.32887,0.833775,0.381144,46.7186,11.8511,56.175,0.170398,0.25493,0.719245,0.256689,0.998743,0.172174,0.170398
71,772.625,1,7.67968,0.787031,0.341318,47.8551,11.5882,57.5758,0.166083,0.248475,0.701033,0.25019,0.998743,0.169182,0.166083
72,763.239,1,7.66209,0.816403,0.331966,47.9791,10.738,57.6509,0.161878,0.249656,0.683282,0.250947,0.998743,0.164898,0.161878
73,755.565,1,7.78777,0.839278,0.316231,47.8115,10.7282,57.439,0.157779,0.243334,0.665981,0.244593,0.998743,0.167398,0.157779
74,761.206,1,7.41003,0.866029,0.3723,47.3378,12.1733,56.8401,0.153784,0.244816,0.69487,0.246704,0.998743,0.163159,0.153784
75,760.205,1,7.83097,0.837326,0.313831,47.3412,11.4714,56.9325,0.14989,0.241033,0.713671,0.243063,0.998743,0.166422,0.14989
76,747.27,1,7.75542,0.812462,0.327657,47.2384,11.2798,56.8435,0.146095,0.234929,0.6956,0.236908,0.998743,0.181588,0.146095
77,748.64,1,7.66492,0.776314,0.340061,47.3831,11.3359,56.898,0.142396,0.232031,0.683756,0.232409,0.998743,0.177079,0.142396
78,750.028,1,7.86842,0.787411,0.319468,47.9351,11.5341,57.3566,0.13879,0.251845,0.706439,0.251529,0.99867,0.175438,0.13879
79,762.601,1,7.80543,0.798396,0.321417,47.1531,12.6742,56.3769,0.135276,0.263357,0.739586,0.265217,0.998776,0.179202,0.135276
80,746.529,1,7.96097,0.798886,0.303194,46.0912,12.3794,55.0938,0.131851,0.256689,0.753855,0.25972,0.998975,0.185709,0.131851
81,745.472,1,7.63978,0.817094,0.338489,46.5467,11.6862,55.6059,0.128512,0.250189,0.758981,0.255359,0.998782,0.182194,0.128512
82,741.275,1,7.574,0.768237,0.350284,47.2973,10.5349,56.3812,0.125258,0.243854,0.739764,0.248893,0.998928,0.186951,0.125258
83,739.313,1,7.92595,0.780192,0.300373,47.2755,11.2194,56.5323,0.122087,0.24561,0.739257,0.250014,0.999,0.195427,0.122087
84,733.39,1,7.90051,0.713209,0.310896,46.2678,11.4374,55.2693,0.118995,0.239391,0.720539,0.243684,0.999,0.199894,0.118995
85,734.368,1,8.08704,0.732231,0.290987,47.9703,11.2071,57.2002,0.115982,0.240938,0.724158,0.246312,0.998804,0.197899,0.115982
86,739.11,1,7.87141,0.817172,0.301812,48.1186,10.1098,57.405,0.115692,0.238895,0.705822,0.241876,0.998371,0.194434,0.113045
87,736.203,1,7.84713,0.81101,0.308253,47.5952,10.6412,56.9225,0.118174,0.239278,0.720421,0.239625,0.998327,0.19739,0.110183
88,731.949,1,7.99135,0.804239,0.297813,47.7253,10.9415,57.117,0.115182,0.246426,0.70218,0.248877,0.998786,0.200069,0.107393
89,727.472,1,7.962,0.802609,0.298211,46.8978,11.9696,56.2271,0.112265,0.243502,0.6844,0.246061,0.998509,0.201826,0.104674
90,724.459,1,7.96858,0.796891,0.290189,46.5072,10.8699,55.5935,0.109423,0.247783,0.667071,0.248885,0.998536,0.206833,0.102024
91,721.179,1,7.83609,0.790841,0.309108,46.0921,11.0955,55.0555,0.106652,0.257137,0.684605,0.260563,0.998561,0.211387,0.0994403
92,716.248,1,8.05662,0.802341,0.280616,45.8977,11.3277,54.9253,0.113321,0.258352,0.690129,0.260297,0.998916,0.211921,0.0969224
93,712.847,1,8.01503,0.78154,0.290956,44.9592,11.8203,53.6501,0.110452,0.258252,0.672754,0.261692,0.998935,0.217403,0.0944682
94,705.926,1,8.05268,0.73548,0.288617,44.0937,12.9191,52.6552,0.113011,0.251713,0.704983,0.255066,0.998787,0.219851,0.0920763
95,714.434,1,8.2353,0.730446,0.262899,43.9894,12.2046,52.5787,0.119277,0.24534,0.7541,0.248608,0.997946,0.227442,0.0897448
96,705.337,1,8.22633,0.728561,0.263191,44.3104,12.4804,52.9477,0.116257,0.239128,0.735006,0.242313,0.998332,0.227488,0.0874724
97,702.61,1,8.2405,0.732237,0.260735,45.2978,11.8184,54.3292,0.113825,0.233073,0.716395,0.236177,0.998217,0.227829,0.0852576
98,709.824,1,8.17823,0.712428,0.265593,45.0379,11.9218,54.1673,0.110943,0.227406,0.717061,0.230197,0.997806,0.224941,0.0830988
99,701.624,1,8.07645,0.71962,0.273367,44.7775,12.2842,53.7187,0.109613,0.221648,0.698905,0.22471,0.998368,0.23028,0.0809947
100,698.28,1,8.31157,0.706318,0.256618,44.3921,11.6111,53.5181,0.111642,0.220691,0.681208,0.224186,0.998444,0.225654,0.0789439
101,699.3,1,8.21385,0.719912,0.26086,44.4235,11.6613,53.4606,0.117303,0.220126,0.680473,0.224926,0.997658,0.225636,0.076945
102,701.078,1,8.30317,0.756104,0.242066,44.6385,11.1495,53.7454,0.121686,0.222785,0.684589,0.228986,0.997627,0.223767,0.0753544
103,695.057,1,8.20116,0.766228,0.251558,44.1285,11.0228,53.3416,0.122171,0.225266,0.722863,0.231877,0.998775,0.226472,0.0748111
104,693.308,1,8.22087,0.746224,0.255759,43.9801,11.5175,53.2909,0.119077,0.225489,0.70456,0.233801,0.998762,0.221132,0.0768969
105,683.941,1,8.46286,0.739631,0.224924,44.6729,10.9216,54.2017,0.116062,0.23549,0.68672,0.246298,0.999,0.236544,0.0749498
106,690.823,1,8.03862,0.721878,0.277488,44.9059,10.7708,54.4759,0.113123,0.229527,0.679122,0.240061,0.998958,0.23287,0.0731166
107,686.681,1,8.12002,0.716171,0.266768,44.4029,10.5052,53.907,0.119687,0.235168,0.661926,0.243214,0.999,0.231513,0.0722365
108,683.502,1,8.21125,0.689399,0.252284,44.0473,10.342,53.419,0.116656,0.23935,0.649345,0.246914,0.999,0.237343,0.0704075
109,678.973,1,8.12707,0.70715,0.262998,44.1412,10.3922,53.6592,0.114545,0.233981,0.640734,0.241161,0.999,0.242725,0.0686247
110,682.38,1,7.9867,0.742093,0.281793,44.1773,10.4118,53.8236,0.112014,0.228115,0.656612,0.235055,0.998785,0.238216,0.068228
111,667.237,1,8.01749,0.7423,0.284206,44.7073,11.1003,54.4565,0.119033,0.226067,0.686695,0.23296,0.999,0.232184,0.0665004
112,673.29,1,8.1744,0.758089,0.261278,44.4992,11.1899,54.1722,0.118327,0.226185,0.724524,0.232543,0.998951,0.234993,0.0654512
113,673.386,1,8.12452,0.773159,0.259207,44.4364,10.4116,54.0526,0.118218,0.224598,0.706179,0.232418,0.998898,0.237963,0.0653339
114,664.915,1,8.20729,0.716457,0.255013,44.3299,10.4782,54.0153,0.118121,0.227744,0.688298,0.236204,0.998869,0.239976,0.0636796
115,660.483,1,8.21989,0.717899,0.255243,44.097,10.5101,53.6231,0.123423,0.2249,0.67087,0.236373,0.998984,0.23825,0.0620672
116,658.056,1,8.29658,0.726042,0.246927,44.1515,10.6681,53.6849,0.122496,0.229679,0.662305,0.241141,0.999,0.237812,0.0605267
117,654.284,1,8.43871,0.746395,0.228681,44.0778,11.3301,53.6852,0.121955,0.228689,0.672782,0.239849,0.999,0.237936,0.0601155
118,662.375,1,8.42934,0.739555,0.234921,44.0534,11.618,53.5116,0.118867,0.230423,0.686149,0.241858,0.999,0.238092,0.0618136
119,659.823,1,8.27844,0.733655,0.255208,44.2339,11.3697,53.6794,0.115857,0.234328,0.698923,0.243608,0.999,0.232336,0.0623355
120,666.421,1,8.26573,0.71993,0.253723,44.2423,11.4372,53.5783,0.11715,0.237453,0.681226,0.248225,0.998925,0.237572,0.062065
121,662.257,1,8.26167,0.754017,0.255516,43.9866,11.6135,53.2701,0.115477,0.236802,0.684609,0.246778,0.998814,0.236837,0.0606401
122,661.016,1,8.23547,0.730185,0.25902,44.0796,11.8765,53.3219,0.11777,0.237378,0.697046,0.245433,0.998872,0.235136,0.0606098
123,661.3,1,8.19337,0.698091,0.266816,44.3234,11.5389,53.541,0.117365,0.236743,0.734295,0.241925,0.998767,0.237671,0.0594027
124,658.414,1,8.26156,0.716063,0.25661,44.2124,12.177,53.4211,0.120973,0.234385,0.768495,0.238478,0.999,0.236183,0.0595458
125,658.774,1,8.21242,0.70448,0.262855,43.9438,12.1464,53.1633,0.119979,0.233329,0.773691,0.238403,0.999,0.236159,0.0596239
126,656.567,1,8.13551,0.697764,0.270208,44.0533,11.6099,53.2742,0.118839,0.237869,0.7541,0.242181,0.999,0.240836,0.0590117
127,661.894,1,8.03963,0.698516,0.282664,44.2382,11.6567,53.4634,0.11583,0.235942,0.747153,0.240998,0.998654,0.23627,0.0596576
128,660.994,1,8.2824,0.68115,0.257386,44.2209,11.7096,53.4472,0.115813,0.241994,0.728235,0.246326,0.998955,0.242223,0.0589958
129,663.49,1,8.08869,0.697642,0.279246,44.6455,11.7978,53.9791,0.117038,0.240242,0.709796,0.243439,0.998887,0.242094,0.0598037
130,667.646,1,8.14553,0.704143,0.273165,44.8652,11.4752,54.4024,0.116488,0.241394,0.691823,0.243208,0.998897,0.240486,0.062055
131,661.279,1,8.02015,0.719993,0.286814,44.6934,11.4493,54.202,0.122744,0.244247,0.674306,0.246312,0.999,0.23647,0.0626188
132,661.234,1,8.2031,0.725112,0.260949,44.508,10.8867,54.0561,0.119636,0.241692,0.662795,0.244893,0.999,0.233357,0.062526
133,663.148,1,8.28723,0.748417,0.249848,44.8671,11.2688,54.5197,0.12251,0.235572,0.679878,0.240533,0.998937,0.232019,0.0624824
134,665.104,1,8.21678,0.724559,0.261004,45.2378,10.8413,54.9007,0.123216,0.231884,0.662663,0.239018,0.998764,0.232386,0.0630301
135,668.089,1,8.32788,0.737531,0.2459,45.4014,10.3939,55.1092,0.122553,0.2346,0.645884,0.241706,0.998599,0.235187,0.0630553
136,668.784,1,8.26199,0.735297,0.242343,45.1054,10.5122,54.7338,0.12314,0.236628,0.62953,0.244502,0.998929,0.23734,0.0638651
137,660.677,1,8.2376,0.699544,0.256191,44.9812,10.8797,54.6421,0.12154,0.239679,0.629057,0.245507,0.999,0.240254,0.062248
138,672.105,1,8.18456,0.753667,0.251666,45.26,10.0019,54.9293,0.120124,0.240593,0.637154,0.24781,0.998788,0.240876,0.062709
139,660.299,1,8.14371,0.745812,0.259154,45.5201,10.1375,55.3388,0.121609,0.242243,0.653266,0.249304,0.999,0.238059,0.0611212
140,658.084,1,8.16628,0.730977,0.263386,45.7396,10.1312,55.5599,0.11969,0.242451,0.636725,0.247668,0.999,0.235472,0.060706
141,662.486,1,8.23586,0.708658,0.255383,45.6297,10.5889,55.4905,0.118035,0.247458,0.620603,0.254429,0.998957,0.23757,0.0612027
142,674.473,1,8.22495,0.706353,0.257459,45.5323,10.081,55.372,0.122346,0.248963,0.604889,0.253729,0.998835,0.232696,0.0658694
143,672.646,1,8.29226,0.699652,0.24732,45.2336,10.393,54.9906,0.120723,0.245498,0.611532,0.249895,0.999,0.233708,0.0662899
144,664.283,1,8.58934,0.722956,0.210565,45.3523,10.1972,55.0206,0.117666,0.250612,0.599946,0.254947,0.999,0.237112,0.0646114
145,669.536,1,8.34089,0.693682,0.242569,44.4149,10.7518,53.9037,0.118958,0.252969,0.616386,0.259104,0.999,0.238485,0.0642152
146,672.238,1,8.45063,0.722352,0.23128,44.6115,11.3275,54.2773,0.12149,0.250119,0.63852,0.256923,0.998758,0.232699,0.0640293
147,674.272,1,8.34579,0.741775,0.242588,44.3629,11.3365,53.8565,0.118647,0.251172,0.652247,0.25984,0.99871,0.23613,0.0634661
148,672.505,1,8.32035,0.701598,0.245907,43.9471,11.5995,53.5218,0.123311,0.246505,0.692801,0.254608,0.998983,0.239478,0.0625434
149,667.308,1,8.4156,0.704748,0.234504,43.6661,11.5594,53.202,0.124819,0.244022,0.706366,0.253524,0.999,0.237367,0.0613918
150,669.761,1,8.3473,0.70537,0.241673,43.852,11.3535,53.3923,0.125338,0.248182,0.688481,0.256538,0.999,0.241504,0.0620165
151,666.152,1,8.53887,0.72675,0.221598,43.885,11.5946,53.526,0.125445,0.242009,0.671048,0.250166,0.998987,0.236766,0.0617542
152,665.195,1,8.50956,0.72252,0.221742,44.0675,11.3018,53.7775,0.122268,0.241346,0.670355,0.250453,0.998807,0.239908,0.0604359
153,660.188,1,8.65483,0.729019,0.203807,43.9699,11.7799,53.6553,0.123839,0.239711,0.679487,0.247059,0.999,0.240794,0.060251
154,665.017,1,8.6022,0.742797,0.213045,44.1427,11.6039,53.8707,0.125651,0.247832,0.701045,0.25427,0.998854,0.239309,0.0594327
155,662.074,1,8.53245,0.755999,0.218852,44.1915,11.7751,53.9966,0.12389,0.24772,0.706075,0.256346,0.999,0.238844,0.0602538
156,663.1,1,8.34093,0.732793,0.245688,44.1866,11.6702,53.8888,0.120853,0.248271,0.697664,0.256966,0.999,0.242495,0.0598204
157,663.287,1,8.18619,0.718489,0.264358,43.9952,11.4664,53.7073,0.11786,0.250686,0.695918,0.259307,0.999,0.237112,0.0613432
158,659.924,1,8.43966,0.718248,0.229072,44.0181,11.5093,53.6647,0.122271,0.248281,0.678297,0.257637,0.999,0.240952,0.0600568
159,668.021,1,8.30408,0.689413,0.250719,44.1178,11.5989,53.7574,0.124212,0.250744,0.676964,0.258883,0.999,0.244782,0.0602261
160,660.79,1,8.22839,0.70462,0.260733,44.0183,11.537,53.8065,0.121067,0.248654,0.671659,0.256879,0.999,0.238584,0.0615329
161,659.795,1,8.40566,0.717304,0.23583,44.4091,11.2697,54.28,0.119678,0.251626,0.654652,0.261091,0.999,0.238664,0.0601858
162,654.734,1,8.39759,0.729082,0.240184,44.0588,11.5408,53.9487,0.123522,0.251813,0.67034,0.263134,0.999,0.236814,0.0587741
163,657.916,1,8.30247,0.721034,0.25055,44.026,11.4167,53.7215,0.123157,0.25198,0.712788,0.264444,0.999,0.233458,0.0591766
164,660.257,1,8.37279,0.684562,0.242861,44.5941,10.8668,54.286,0.12107,0.255661,0.69474,0.267554,0.999,0.238696,0.0589701
165,653.183,1,8.32346,0.709516,0.248861,44.6935,10.8061,54.3553,0.118005,0.2563,0.686772,0.268302,0.999,0.237708,0.058163
166,659.467,1,8.50269,0.706273,0.223051,44.7444,10.422,54.3704,0.119284,0.252104,0.680315,0.2658,0.998993,0.238729,0.0586227
167,661.963,1,8.32895,0.70965,0.239176,44.6098,10.698,54.0725,0.124287,0.250436,0.663089,0.261946,0.998942,0.241289,0.0586709
168,660.164,1,8.41704,0.747835,0.226659,44.6249,10.8645,54.0389,0.123299,0.250892,0.646299,0.259667,0.99878,0.239884,0.0582254
169,661.538,1,8.4138,0.716575,0.229437,44.5119,11.1371,53.932,0.126208,0.254221,0.656087,0.2646,0.998931,0.238805,0.0587729
170,655.896,1,8.34118,0.721093,0.241971,44.3095,11.1022,53.7075,0.125141,0.257756,0.641474,0.267616,0.998861,0.236491,0.0574548
171,662.969,1,8.50326,0.712997,0.225566,44.2989,11.1708,53.845,0.121983,0.259002,0.641343,0.269719,0.998307,0.239084,0.0573826
172,664.931,1,8.55321,0.722832,0.214955,43.8626,11.5789,53.5589,0.122477,0.262554,0.654262,0.276195,0.998573,0.238117,0.0583946
173,667.847,1,8.40704,0.731737,0.232718,44.2576,11.2502,54.1018,0.121633,0.265604,0.649464,0.27866,0.997869,0.23694,0.0578331
174,674.344,1,8.36381,0.721189,0.236057,44.4483,11.0996,54.1508,0.122393,0.270926,0.63302,0.285381,0.997077,0.238558,0.0580021
175,679.312,1,8.14396,0.710404,0.267108,43.951,11.2304,53.5306,0.119294,0.26914,0.642657,0.282255,0.997441,0.23987,0.0599203
176,679.508,1,8.2361,0.690135,0.256808,44.3567,11.2542,53.7761,0.122588,0.263818,0.626385,0.275108,0.997128,0.239571,0.0599324
177,676.364,1,8.39951,0.695089,0.235095,44.5507,11.0154,54.2117,0.119484,0.266819,0.610525,0.278812,0.997536,0.243152,0.0597648
178,681.747,1,8.40659,0.686036,0.236761,44.4423,10.9758,54.2316,0.121599,0.262593,0.613276,0.274881,0.997545,0.239913,0.0614188
179,684.697,1,8.25148,0.69541,0.25456,43.7932,11.9019,53.5572,0.121898,0.259502,0.67184,0.268864,0.998032,0.238583,0.063154
180,685.567,1,8.24794,0.697225,0.254439,43.7648,11.3873,53.4779,0.118812,0.257621,0.683283,0.269943,0.997326,0.234812,0.0632402
181,684.424,1,8.17587,0.718343,0.259042,43.6927,11.0039,53.249,0.116549,0.256651,0.689386,0.26789,0.997385,0.23533,0.0629573
182,681.836,1,8.1954,0.7129,0.257244,43.3685,11.0008,52.9706,0.117158,0.257135,0.711986,0.269413,0.997716,0.238337,0.0615466
183,678.578,1,8.16948,0.719249,0.256696,43.7074,11.2469,53.3543,0.119551,0.255592,0.693958,0.269298,0.9979,0.239408,0.0608393
184,679.464,1,8.29774,0.715955,0.24786,43.4486,11.2382,53.0269,0.116524,0.256162,0.678751,0.268551,0.997255,0.238505,0.060575
185,680.25,1,8.22965,0.708027,0.254157,43.8846,11.1537,53.6513,0.119958,0.258728,0.694551,0.267433,0.997023,0.240178,0.0594674
186,675.591,1,8.23198,0.740205,0.246557,43.5829,10.9489,53.3625,0.120519,0.258666,0.676965,0.266241,0.996974,0.24109,0.0580015
187,674.408,1,8.22947,0.730502,0.246784,43.9545,10.6879,53.9307,0.118572,0.257599,0.691423,0.266697,0.997059,0.241157,0.0577282
188,675.223,1,8.283,0.734661,0.242016,43.8249,11.2507,54.0543,0.117534,0.259074,0.716195,0.270756,0.997073,0.242499,0.0572797
189,670.496,1,8.19148,0.71439,0.255892,44.0254,10.7515,54.1917,0.118762,0.261017,0.698061,0.270497,0.997517,0.236807,0.058055
190,668.595,1,8.29917,0.69966,0.245201,44.787,10.8008,55.1352,0.120283,0.271715,0.680385,0.276475,0.998096,0.240018,0.0576219
191,667.091,1,8.43043,0.709681,0.231736,44.685,11.0082,54.9909,0.120953,0.270595,0.663158,0.276847,0.998166,0.241913,0.0571517
192,661.947,1,8.22875,0.73659,0.246818,44.6991,10.5454,55.014,0.11789,0.263808,0.671237,0.270857,0.998365,0.238872,0.0572304
193,667.996,1,8.42112,0.727651,0.228996,44.824,10.8739,55.104,0.117403,0.267334,0.654241,0.27282,0.998397,0.241785,0.0582382
194,664.912,1,8.19579,0.730161,0.253956,44.8578,10.4756,54.9848,0.120103,0.269553,0.655001,0.273378,0.998817,0.240101,0.058706
195,674.142,1,8.21678,0.728632,0.247043,44.88,10.3914,55.0498,0.118568,0.271407,0.638416,0.276061,0.998491,0.240114,0.0609386
196,664.262,1,8.12566,0.739212,0.261173,45.1738,10.2839,55.512,0.116049,0.276236,0.629429,0.2788,0.999,0.234849,0.06083
197,665.439,1,8.39054,0.736054,0.232095,45.2366,10.4469,55.6225,0.11604,0.274972,0.646986,0.278116,0.999,0.238583,0.0611315
198,661.597,1,8.39565,0.759518,0.230387,44.7953,11.3501,55.0071,0.117773,0.26801,0.638428,0.271074,0.998836,0.235361,0.0595836
199,666.205,1,8.56565,0.726704,0.214829,44.5676,11.273,54.8493,0.114791,0.266504,0.634232,0.270453,0.998547,0.245247,0.0580749
200,662.584,1,8.39151,0.703428,0.236913,44.4213,10.8384,54.6814,0.115081,0.265529,0.619428,0.268525,0.998731,0.242589,0.058215
201,663.384,1,8.21813,0.695516,0.25541,44.2333,11.1564,54.5113,0.117544,0.264733,0.621111,0.269062,0.998987,0.242977,0.0591148
202,662.332,1,8.2247,0.715766,0.25359,43.9866,11.307,54.2998,0.115848,0.258455,0.627813,0.262524,0.998816,0.237496,0.0599357
203,669.375,1,8.33484,0.686629,0.241811,44.1293,10.8721,54.7076,0.112914,0.257841,0.611917,0.262317,0.998705,0.243735,0.0610548
204,657.407,1,8.36221,0.695415,0.243517,43.8715,11.3448,54.4266,0.116233,0.254153,0.596423,0.259876,0.998892,0.24365,0.0595088
205,654.169,1,8.38412,0.718518,0.239215,44.0408,11.2034,54.6606,0.115628,0.2571,0.581321,0.263817,0.998982,0.23957,0.0583964
206,656.888,1,8.47185,0.726062,0.22642,43.9434,11.4405,54.5192,0.114291,0.259884,0.566601,0.268162,0.999,0.239181,0.060913
207,672.635,1,8.44982,0.742369,0.227222,44.1061,11.5591,54.8156,0.115786,0.263307,0.567903,0.270966,0.998862,0.235866,0.0642491
208,664.821,1,8.31951,0.737796,0.243789,43.6179,11.4433,54.2971,0.118398,0.266891,0.581679,0.273904,0.999,0.235326,0.0626223
209,660.025,1,8.38826,0.757256,0.235134,44.1761,11.4615,55.0609,0.118704,0.279217,0.626832,0.287105,0.999,0.234717,0.0610366
210,666.559,1,8.36911,0.747915,0.233749,43.3593,11.7312,54.0551,0.116747,0.286212,0.699504,0.296508,0.999,0.237535,0.0603908
211,671.562,1,8.37475,0.738329,0.23734,43.166,11.7608,53.6284,0.119802,0.284193,0.696496,0.29377,0.998868,0.242981,0.0588617
212,670.84,1,8.44044,0.738256,0.228474,43.5075,11.3536,54.1386,0.117181,0.287521,0.67886,0.297496,0.998949,0.241376,0.0595823
213,677.73,1,8.32711,0.746755,0.241532,43.4453,11.3951,53.9588,0.120588,0.284268,0.706425,0.290512,0.998707,0.240271,0.0605385
214,665.287,1,8.23493,0.727224,0.248921,43.7041,11.1518,54.2921,0.120344,0.277736,0.688538,0.28378,0.998904,0.242676,0.0590057
215,661.484,1,8.34234,0.752153,0.233687,43.6097,11.1956,54.2779,0.122807,0.278403,0.680902,0.284217,0.999,0.242349,0.0575116
216,662.183,1,8.35626,0.726102,0.237606,43.4028,11.1799,54.0341,0.12164,0.283138,0.68649,0.29087,0.998983,0.242847,0.0564665
217,658.937,1,8.42666,0.73315,0.226969,43.7934,11.4366,54.5025,0.123251,0.284677,0.669108,0.292976,0.999,0.240411,0.0574263
218,665.971,1,8.36149,0.74587,0.234048,43.3334,11.4725,53.9361,0.120704,0.277469,0.659771,0.285558,0.998906,0.241833,0.0588724
219,661.717,1,8.36143,0.745048,0.232668,43.1891,11.2248,53.7219,0.12581,0.270443,0.692184,0.278327,0.998957,0.243661,0.0573817
220,663.381,1,8.4075,0.748281,0.228984,43.3987,11.266,53.9317,0.122625,0.263787,0.685044,0.272836,0.998758,0.243191,0.0571779
221,660.249,1,8.35516,0.75417,0.230761,43.266,11.3444,53.522,0.120223,0.267233,0.701113,0.278243,0.99894,0.247113,0.0557302
222,656.404,1,8.40308,0.711287,0.23249,43.1751,11.6591,53.4207,0.122501,0.265,0.729869,0.276279,0.999,0.243329,0.055763
223,657.703,1,8.37015,0.712084,0.236394,43.5014,11.5734,53.7616,0.12238,0.268381,0.711389,0.280837,0.999,0.242939,0.0564788
224,666.084,1,8.36987,0.700691,0.238717,43.2553,11.9169,53.4786,0.119282,0.269961,0.715733,0.282552,0.998965,0.239036,0.0590503
225,659.202,1,8.35085,0.720654,0.245099,43.5509,12.2452,53.7588,0.119443,0.272998,0.700886,0.284652,0.999,0.237818,0.0580697
226,668.458,1,8.50737,0.740319,0.229018,43.9445,12.2831,54.2625,0.122103,0.271742,0.719538,0.282082,0.998661,0.235549,0.0591176
227,667.821,1,8.4991,0.758856,0.22321,43.6572,12.0425,53.7851,0.127656,0.270425,0.732357,0.279969,0.998897,0.238008,0.0587101
228,663.511,1,8.46425,0.736065,0.226336,43.7536,12.0419,53.9099,0.125325,0.275835,0.713814,0.285888,0.999,0.239985,0.0579652
229,658.741,1,8.579,0.734476,0.212481,43.7725,11.5924,53.9736,0.122152,0.270468,0.695739,0.282433,0.999,0.241437,0.0570106
230,661.231,1,8.52746,0.723319,0.21953,43.7729,11.0942,54.0758,0.119059,0.272548,0.678123,0.283602,0.999,0.241228,0.0579289
231,660.172,1,8.44582,0.729304,0.22641,43.997,11.5411,54.2635,0.123681,0.2735,0.702797,0.283277,0.999,0.24075,0.0576302
232,649.898,1,8.42702,0.719487,0.225672,44.2996,11.0851,54.5875,0.125081,0.266633,0.685001,0.28034,0.999,0.240006,0.056171
233,662.621,1,8.30011,0.736563,0.239496,44.0395,10.7169,54.219,0.126126,0.267609,0.667657,0.280718,0.998917,0.239724,0.0580131
234,659.845,1,8.31519,0.738435,0.239671,43.8765,11.2602,54.0492,0.122932,0.266657,0.650751,0.280462,0.99873,0.241737,0.0565441
235,655.749,1,8.3999,0.729798,0.228337,43.6428,11.0475,53.839,0.11982,0.26602,0.651871,0.279469,0.998939,0.242747,0.0558769
236,656.351,1,8.34685,0.735236,0.237435,43.2696,11.6378,53.2149,0.121557,0.275453,0.635365,0.289205,0.998831,0.237942,0.0563056
237,669.317,1,8.29107,0.723699,0.241383,43.4265,11.3952,53.3747,0.120914,0.275495,0.645079,0.289743,0.998953,0.240985,0.0597311
238,664.252,1,8.36692,0.729349,0.230633,43.8115,11.4645,53.7882,0.118275,0.274757,0.646282,0.288826,0.998811,0.243962,0.0582187
239,663.003,1,8.36513,0.751183,0.232475,44.094,11.1313,54.147,0.116605,0.27213,0.630548,0.284465,0.998784,0.239515,0.0583176
240,667.564,1,8.33836,0.722037,0.238327,44.1996,11.272,54.1984,0.120927,0.270755,0.670315,0.282173,0.998796,0.237239,0.059583
241,663.331,1,8.48924,0.721576,0.223606,43.7681,11.4812,53.6623,0.122324,0.271815,0.682184,0.28009,0.998636,0.237667,0.0580743
242,658.721,1,8.30386,0.709724,0.246617,43.6553,11.4858,53.4541,0.119261,0.272786,0.669367,0.280826,0.998928,0.240628,0.0567228
243,655.082,1,8.36733,0.739385,0.236406,43.7874,11.8436,53.5421,0.122341,0.272778,0.653793,0.280761,0.999,0.234535,0.05802
244,660.18,1,8.47603,0.743044,0.21925,44.1535,10.9789,54.0278,0.119243,0.285216,0.64011,0.295493,0.999,0.23915,0.0580874
245,656.996,1,8.3634,0.717764,0.23422,44.0389,11.211,54.0158,0.11887,0.284502,0.625329,0.295163,0.999,0.240984,0.0570765
246,654.825,1,8.58182,0.729816,0.211015,44.22,11.0492,54.1248,0.119758,0.287257,0.660447,0.298274,0.999,0.238105,0.0567142
247,657.936,1,8.29487,0.703873,0.244844,43.5264,11.5165,53.223,0.116726,0.292733,0.669827,0.304232,0.999,0.236671,0.0571478
248,662.134,1,8.64847,0.717384,0.202899,43.9028,11.4287,53.6595,0.118455,0.293005,0.675428,0.307368,0.99873,0.238828,0.0561246
249,663.736,1,8.64798,0.727851,0.202989,43.8988,11.4176,53.6115,0.118338,0.295481,0.666864,0.30759,0.998711,0.237667,0.0568392
250,667.736,1,8.66706,0.740689,0.198582,43.9418,11.3633,53.4583,0.115342,0.295735,0.649979,0.306157,0.99853,0.240834,0.0573424
251,662.932,1,8.56632,0.724276,0.213335,43.9725,11.5164,53.4741,0.116334,0.307456,0.666155,0.313585,0.99892,0.23823,0.056856
252,666.699,1,8.47528,0.726927,0.221463,43.8225,11.9821,53.4811,0.118958,0.307612,0.677891,0.316596,0.998522,0.242558,0.0554164
253,661.408,1,8.45387,0.762915,0.222351,43.9973,11.1677,53.7551,0.116584,0.30946,0.660726,0.321747,0.998937,0.241799,0.0558758
254,664.819,1,8.50968,0.750829,0.217835,43.4698,11.6613,53.0864,0.11537,0.305006,0.690606,0.319087,0.998968,0.242453,0.0562923
255,665.423,1,8.67702,0.738711,0.198678,43.6293,11.9489,53.205,0.113565,0.304764,0.67312,0.320159,0.99889,0.241858,0.0568155
256,667.735,1,8.6088,0.724315,0.212324,43.5249,12.3184,53.1816,0.119003,0.297485,0.677434,0.312062,0.998584,0.241452,0.056375
257,675.206,1,8.52857,0.742464,0.21668,43.5163,12.0553,53.3479,0.119369,0.297005,0.696182,0.308183,0.998212,0.243607,0.0569574
258,667.3,1,8.3958,0.743459,0.234011,43.0528,12.9269,52.8573,0.118197,0.303711,0.700247,0.315767,0.99819,0.239146,0.0555153
259,668.624,2,8.50496,0.735835,0.219758,43.0955,12.738,52.7172,0.118247,0.296712,0.715056,0.307771,0.99817,0.244637,0.0546467
260,676.396,2,8.56388,0.721283,0.215257,42.9017,12.6096,52.2848,0.117909,0.296179,0.74148,0.306559,0.998167,0.244038,0.0567544
261,672.991,2,8.53537,0.739082,0.22058,43.0308,12.6233,52.5488,0.119055,0.296628,0.702048,0.308336,0.997993,0.243107,0.05593
262,666.88,2,8.51808,0.713821,0.219581,42.7002,12.7573,52.0731,0.124067,0.286651,0.748894,0.300873,0.997957,0.24047,0.0544063
263,661.061,2,8.62813,0.72493,0.211146,42.7613,12.9376,52.1765,0.120548,0.298735,0.747703,0.314503,0.998541,0.239156,0.0540163
264,656.397,2,8.54193,0.744127,0.220273,42.747,12.9451,52.1623,0.11931,0.297425,0.763914,0.3107,0.998945,0.239783,0.0539268
265,653.331,2,8.55435,0.720256,0.218144,42.4356,13.4092,51.6609,0.117877,0.300423,0.751688,0.313749,0.999,0.244268,0.0526734
266,659.111,2,8.54067,0.730032,0.221535,42.2361,13.5209,51.4923,0.11702,0.300043,0.75262,0.314074,0.998879,0.241708,0.0538001
267,665.769,2,8.54552,0.722689,0.219593,42.2429,13.165,51.5539,0.121018,0.2981,0.741913,0.313112,0.998917,0.243339,0.055196
268,663.52,2,8.58236,0.733865,0.213079,42.2476,13.4202,51.5218,0.119434,0.292021,0.713255,0.308016,0.998826,0.239858,0.0561788
269,657.004,2,8.61868,0.727382,0.208976,42.1562,13.2959,51.3849,0.120646,0.297759,0.70913,0.312006,0.999,0.242297,0.0549854
270,656.32,2,8.44821,0.732953,0.226937,42.2771,13.03,51.5685,0.115523,0.302625,0.662451,0.315761,0.998952,0.242099,0.0546007
271,662.116,2,8.51316,0.711055,0.224354,42.0786,13.2027,51.2903,0.115583,0.303559,0.671245,0.314906,0.999,0.242983,0.0556168
272,663.796,2,8.48487,0.709543,0.228263,42.0649,13.4685,51.3323,0.121162,0.304971,0.678945,0.317211,0.998753,0.243196,0.0546361
273,662.349,2,8.40606,0.716244,0.234542,41.9912,13.1369,51.1606,0.120595,0.305867,0.716577,0.317188,0.998862,0.241848,0.0548049
274,669.472,2,8.36799,0.719085,0.239192,41.9166,13.1559,51.082,0.120778,0.307758,0.715761,0.319064,0.998783,0.242233,0.0555106
275,668.158,2,8.48662,0.709909,0.226488,41.907,13.2096,51.0602,0.120145,0.310407,0.71156,0.321424,0.998806,0.244143,0.0553434
276,663.78,2,8.51761,0.70167,0.22292,41.9001,13.0024,50.9681,0.11874,0.31096,0.707175,0.321145,0.99894,0.242454,0.0557844
277,667.744,2,8.38492,0.701934,0.237866,41.8112,13.136,50.9584,0.118638,0.311023,0.716016,0.320116,0.998865,0.242399,0.055781
278,668.345,2,8.40365,0.700235,0.237295,41.824,13.1325,50.9175,0.118348,0.308589,0.721906,0.318405,0.998873,0.241707,0.0562566
279,668.621,2,8.39578,0.703719,0.235951,42.0483,12.9688,51.1322,0.116934,0.305918,0.726975,0.31609,0.998839,0.243121,0.0561245
280,663.27,2,8.32834,0.709188,0.241997,42.122,12.7436,51.1684,0.114856,0.306257,0.71817,0.316721,0.999,0.242643,0.0566101
281,669.712,2,8.33191,0.708397,0.242391,42.2019,12.6501,51.2358,0.115265,0.306674,0.732261,0.316237,0.998988,0.242659,0.0566909
282,663.919,2,8.365,0.712001,0.238229,42.1337,12.8246,51.1434,0.116865,0.308212,0.725731,0.318064,0.998995,0.24244,0.0562362
283,666.931,2,8.41601,0.722543,0.23035,42.1235,13.0264,51.1504,0.118005,0.311383,0.733733,0.322068,0.999,0.242383,0.0564992
284,664.036,2,8.46188,0.718513,0.225445,42.1665,12.9894,51.2313,0.11736,0.314723,0.736511,0.324701,0.999,0.244273,0.0560129
285,659.458,2,8.48297,0.725829,0.221853,42.2629,13.02,51.3132,0.118622,0.315271,0.733549,0.325405,0.999,0.243117,0.0556734
286,660.054,2,8.54869,0.727537,0.214942,42.3448,12.9071,51.3985,0.119603,0.316228,0.73229,0.327076,0.999,0.243475,0.0553002
287,665.054,2,8.60353,0.729023,0.20897,42.4575,12.9308,51.5504,0.119671,0.317793,0.737058,0.32886,0.999,0.24245,0.0551419
288,664.683,2,8.64796,0.73463,0.204963,42.4092,13.1079,51.4827,0.119588,0.318098,0.734182,0.328302,0.999,0.242707,0.0548893
289,668.954,2,8.65778,0.730749,0.203984,42.3313,13.1578,51.3884,0.120195,0.318625,0.733835,0.329576,0.999,0.243265,0.0549879
290,671.057,2,8.62562,0.722521,0.207589,42.3881,13.0837,51.4264,0.120047,0.318886,0.739781,0.329994,0.998983,0.243334,0.0551547
291,674.371,2,8.57109,0.71692,0.214025,42.3457,13.0048,51.3487,0.119396,0.319758,0.754812,0.331092,0.99886,0.243201,0.05509
292,672.842,2,8.54491,0.7168,0.216669,42.3431,12.9612,51.347,0.118777,0.322355,0.75246,0.333605,0.998799,0.242443,0.0552738
293,667.396,2,8.54206,0.720086,0.216179,42.3574,12.9351,51.3793,0.11877,0.324833,0.750786,0.336035,0.998906,0.241951,0.0555552
294,669.234,2,8.54497,0.720471,0.215966,42.3609,12.9427,51.3871,0.119205,0.327586,0.742571,0.338506,0.998952,0.241741,0.0557248
295,670.536,2,8.53331,0.721815,0.217256,42.5082,12.8342,51.5745,0.119717,0.327617,0.733487,0.338998,0.99897,0.241673,0.0559395
296,673.417,2,8.53905,0.717223,0.216384,42.59,12.7295,51.6985,0.119772,0.327396,0.726316,0.338507,0.998877,0.242294,0.055747
297,670.133,2,8.54989,0.715995,0.215933,42.6746,12.6972,51.8264,0.12,0.327165,0.72541,0.338468,0.998854,0.24238,0.0556505
298,677.263,2,8.51781,0.71458,0.220001,42.7469,12.7115,51.9329,0.119616,0.326883,0.722224,0.338581,0.998809,0.242744,0.0557806
299,669.749,2,8.48434,0.710037,0.224833,42.7688,12.6797,51.9769,0.119447,0.326912,0.719905,0.338924,0.998815,0.242553,0.05582
300,662.348,2,8.46993,0.710885,0.226968,42.8038,12.709,52.0504,0.119235,0.326961,0.716127,0.339111,0.99884,0.241885,0.0557996
301,677.383,2,8.46144,0.71224,0.228079,42.8315,12.6802,52.1027,0.11928,0.32585,0.710906,0.338466,0.998811,0.24136,0.0561839
302,667.118,2,8.45697,0.710544,0.228601,42.8484,12.6674,52.1325,0.118969,0.325273,0.706044,0.337882,0.998807,0.241436,0.0561396
303,666.528,2,8.46072,0.710336,0.228552,42.8486,12.6701,52.1232,0.119197,0.324274,0.705378,0.337178,0.998773,0.241433,0.0559506
304,672.737,2,8.44999,0.710731,0.230039,42.84,12.6915,52.1165,0.119192,0.323023,0.705781,0.33588,0.998754,0.241606,0.0559812
305,670.24,2,8.44004,0.711301,0.231391,42.8458,12.714,52.1185,0.119498,0.322041,0.70986,0.334726,0.998741,0.241669,0.0559129
306,664.788,2,8.44228,0.71111,0.231142,42.8921,12.6386,52.1761,0.119548,0.320839,0.711915,0.333242,0.998751,0.241852,0.0558098
307,665.452,2,8.44951,0.71073,0.230463,42.9542,12.624,52.2468,0.119522,0.320032,0.71535,0.332134,0.998751,0.241958,0.0556982
308,677.088,2,8.44634,0.709797,0.231027,43.0193,12.6348,52.3011,0.11952,0.319286,0.71752,0.331359,0.998725,0.242002,0.0557813
309,665.249,2,8.46126,0.71118,0.229155,43.0697,12.6399,52.3658,0.119508,0.318812,0.718354,0.33099,0.998741,0.241698,0.0558218
310,666.135,2,8.46575,0.711645,0.228658,43.0821,12.6275,52.3845,0.119566,0.318586,0.717752,0.330851,0.998733,0.241657,0.0557965
311,668.187,2,8.4679,0.711733,0.228423,43.0944,12.6153,52.4091,0.119625,0.318451,0.716613,0.330684,0.998725,0.241557,0.0558037
312,660.612,2,8.46401,0.712113,0.228752,43.104,12.5977,52.4227,0.11979,0.318356,0.716054,0.330541,0.998728,0.241532,0.0557708
313,666.18,2,8.46381,0.711495,0.228856,43.1107,12.5926,52.4304,0.119783,0.318143,0.71552,0.33031,0.998732,0.241544,0.0557786
314,665.744,2,8.46426,0.711047,0.228886,43.1176,12.5893,52.44,0.119896,0.318014,0.714757,0.330097,0.998737,0.241521,0.0557894
315,667.824,2,8.46162,0.71133,0.229246,43.1261,12.5776,52.4488,0.119892,0.317777,0.714784,0.329885,0.998741,0.241463,0.055821
316,660.578,2,8.46154,0.711484,0.229241,43.1351,12.5622,52.4606,0.119977,0.317653,0.714172,0.329828,0.998744,0.24147,0.0557905
317,660.446,2,8.46006,0.711245,0.229372,43.1401,12.546,52.4638,0.11995,0.31752,0.713224,0.329678,0.998745,0.241379,0.0557914
318,662.483,2,8.45505,0.711199,0.229898,43.1431,12.53,52.4699,0.11997,0.317403,0.712361,0.329517,0.998741,0.241354,0.0557665
319,665.415,2,8.45074,0.711077,0.230292,43.148,12.5021,52.4764,0.11989,0.317291,0.7119,0.329387,0.998741,0.241414,0.0557519
320,668.816,2,8.44795,0.711161,0.230522,43.1548,12.4798,52.4827,0.119861,0.31724,0.711095,0.329366,0.998737,0.241412,0.0557518
321,658.64,2,8.44746,0.711303,0.230554,43.1742,12.4593,52.506,0.119843,0.317207,0.710203,0.329352,0.998745,0.241445,0.0557364
322,664.514,2,8.44859,0.711455,0.23038,43.189,12.4377,52.5229,0.119833,0.31717,0.710129,0.329304,0.998744,0.241491,0.0557054
323,664.937,2,8.44717,0.711763,0.230557,43.2032,12.4222,52.541,0.119863,0.317201,0.70965,0.329322,0.99875,0.241531,0.055702
324,668.765,2,8.4416,0.712009,0.231078,43.217,12.397,52.5611,0.119905,0.31727,0.709851,0.329354,0.998747,0.24152,0.0556893
325,669.462,2,8.43973,0.711631,0.231293,43.2283,12.3852,52.5738,0.119875,0.317321,0.709934,0.329399,0.998741,0.241517,0.0556724
326,657.575,2,8.43835,0.711349,0.231471,43.2359,12.3781,52.5827,0.119835,0.317234,0.710417,0.329315,0.998745,0.241488,0.0556461
327,663.086,2,8.43803,0.711284,0.231567,43.2479,12.3635,52.598,0.119791,0.317247,0.709707,0.329291,0.998747,0.241459,0.0556479
328,661.008,2,8.43767,0.711364,0.231556,43.2621,12.345,52.6156,0.11982,0.317144,0.709193,0.329235,0.99875,0.24149,0.0556287
329,663.535,2,8.43411,0.711671,0.231856,43.2776,12.3172,52.6345,0.119853,0.317077,0.708181,0.329186,0.998749,0.24148,0.0556212
330,667.95,2,8.43201,0.712164,0.23198,43.2903,12.2969,52.6475,0.119878,0.317069,0.707889,0.32918,0.99875,0.241508,0.0556183
331,665.254,2,8.43152,0.712496,0.231944,43.2917,12.2865,52.6477,0.119875,0.316977,0.707045,0.329141,0.998745,0.241541,0.0555962
332,669.502,2,8.4286,0.712796,0.232251,43.2905,12.2841,52.6452,0.119896,0.316873,0.706671,0.329069,0.998738,0.241544,0.0555888
333,672.191,2,8.42802,0.712927,0.232225,43.2854,12.2827,52.6412,0.119925,0.316736,0.706536,0.328914,0.998737,0.241579,0.0555986
334,663.132,2,8.42815,0.713459,0.232139,43.2757,12.2842,52.6309,0.119924,0.31652,0.706169,0.328707,0.998737,0.241584,0.0555925
335,662.958,2,8.4288,0.714139,0.231988,43.2672,12.2864,52.6203,0.119897,0.31626,0.706496,0.328448,0.998737,0.241557,0.0555901
336,663.641,2,8.42745,0.714695,0.232057,43.2561,12.286,52.6048,0.119888,0.316005,0.706489,0.328198,0.998734,0.241547,0.0555809
337,664.366,2,8.42501,0.714864,0.232337,43.2465,12.2893,52.5925,0.119897,0.315674,0.706659,0.327874,0.998731,0.24158,0.0555639
338,664.202,2,8.4241,0.715069,0.232431,43.237,12.291,52.5793,0.119912,0.315334,0.707041,0.327501,0.998727,0.241596,0.0555486
339,675.76,2,8.42418,0.715401,0.232399,43.2243,12.3003,52.5627,0.119901,0.314998,0.70761,0.327119,0.998718,0.241588,0.0555623
340,671.096,2,8.42489,0.715595,0.232322,43.2093,12.3112,52.5416,0.119855,0.31464,0.707986,0.326774,0.998712,0.241621,0.0555623
341,660.446,2,8.42441,0.715661,0.232385,43.1932,12.3181,52.5213,0.119793,0.314318,0.708453,0.326435,0.998712,0.241639,0.0555491
342,668.949,2,8.42466,0.715873,0.23231,43.1785,12.3197,52.501,0.119802,0.314043,0.708193,0.326113,0.998704,0.241674,0.0555357
343,659.85,2,8.42542,0.715906,0.232221,43.1636,12.331,52.4821,0.119825,0.313712,0.70853,0.32576,0.998708,0.241651,0.0555375
344,668.426,2,8.42736,0.716115,0.232025,43.1456,12.3481,52.4574,0.119842,0.313422,0.709203,0.325461,0.998706,0.24163,0.0555428
345,674.428,2,8.42751,0.715716,0.232079,43.1281,12.3693,52.4359,0.119802,0.313121,0.710019,0.325131,0.998703,0.241634,0.0555642
346,672.68,2,8.42505,0.715594,0.232402,43.1143,12.3844,52.4204,0.119812,0.312814,0.710674,0.324801,0.998701,0.241619,0.0555864
347,674.115,2,8.42234,0.715598,0.232753,43.1009,12.3969,52.4029,0.119811,0.312516,0.710565,0.324486,0.998696,0.241588,0.0556146
348,664.689,2,8.42297,0.715632,0.232675,43.0836,12.4136,52.3797,0.119799,0.312255,0.711579,0.324213,0.9987,0.241601,0.0556148
349,670.331,2,8.42085,0.715757,0.232962,43.0713,12.4256,52.3644,0.119758,0.312037,0.712657,0.323951,0.9987,0.241568,0.0556348
350,674.357,2,8.42084,0.716049,0.233012,43.0577,12.4432,52.348,0.119718,0.311737,0.713794,0.32368,0.998697,0.241594,0.0556437
351,671.212,2,8.41861,0.7163,0.233286,43.044,12.459,52.3295,0.119738,0.311472,0.714206,0.323405,0.99869,0.241589,0.0556416
352,668.56,2,8.41743,0.716302,0.233383,43.0335,12.4661,52.3166,0.119699,0.311247,0.714282,0.323179,0.99869,0.241596,0.0556519
353,665.315,2,8.41713,0.716448,0.233399,43.0294,12.467,52.3119,0.119633,0.310996,0.714698,0.322924,0.998687,0.241584,0.0556502
354,672.604,2,8.41803,0.716493,0.233266,43.0279,12.4653,52.3112,0.119604,0.310733,0.715097,0.322641,0.998686,0.241614,0.0556668
355,676.401,2,8.41929,0.716495,0.233115,43.0268,12.4647,52.3097,0.119599,0.310439,0.715443,0.322348,0.998679,0.241632,0.0556774
356,672.198,2,8.42272,0.716244,0.232742,43.0267,12.4636,52.309,0.119565,0.310146,0.715797,0.322023,0.99868,0.24168,0.0556938
357,670.119,2,8.42382,0.716262,0.232602,43.0244,12.465,52.3046,0.119564,0.309913,0.716129,0.321786,0.998675,0.24164,0.0557025
358,668.999,2,8.42371,0.716327,0.23261,43.0205,12.4653,52.3006,0.119558,0.309705,0.716052,0.321592,0.998675,0.241653,0.055711
359,666.612,2,8.42499,0.716386,0.232435,43.015,12.4684,52.2939,0.119572,0.309454,0.716154,0.321369,0.99867,0.241654,0.0557021
360,664.669,2,8.42412,0.716404,0.232521,43.0083,12.4748,52.2844,0.11955,0.309228,0.716348,0.321132,0.998668,0.241625,0.0557023
361,660.635,2,8.42544,0.716511,0.23234,43.0044,12.4771,52.2804,0.119541,0.30904,0.716363,0.320948,0.998666,0.241622,0.0556876
362,667.248,2,8.42824,0.716859,0.232008,42.9983,12.4854,52.2726,0.119538,0.308702,0.716595,0.3206,0.998664,0.241627,0.0556924
363,660.221,2,8.4298,0.717117,0.231828,42.995,12.4906,52.2682,0.119518,0.308402,0.716966,0.320296,0.998667,0.241602,0.0556979
364,669.407,2,8.43026,0.717143,0.231827,42.9905,12.4944,52.2618,0.119511,0.308118,0.716902,0.320038,0.998661,0.241606,0.0556986
365,662.247,2,8.43103,0.717112,0.231815,42.9889,12.5004,52.2589,0.119504,0.307926,0.716922,0.319875,0.998661,0.241603,0.0556915
366,663.551,2,8.43077,0.71725,0.231878,42.9806,12.5131,52.2465,0.11947,0.307749,0.716939,0.319704,0.99866,0.241593,0.0556894
367,664.882,2,8.43134,0.717595,0.231835,42.971,12.5223,52.2346,0.119421,0.307588,0.717217,0.319531,0.998658,0.241585,0.0556855
368,666.632,2,8.43298,0.718004,0.231621,42.9608,12.5312,52.2219,0.119399,0.307447,0.717379,0.319392,0.998656,0.241597,0.0556788
369,655.203,2,8.43441,0.71831,0.231439,42.9514,12.5371,52.2075,0.119369,0.307292,0.717438,0.319213,0.998655,0.241598,0.0556534
370,665.943,2,8.43596,0.718386,0.231242,42.9407,12.546,52.1922,0.119377,0.307111,0.717766,0.31901,0.998651,0.241577,0.0556487
371,661.792,2,8.43678,0.718418,0.231116,42.9293,12.5532,52.1767,0.11939,0.306912,0.718094,0.318814,0.998651,0.241592,0.055633
372,658.29,2,8.43644,0.718261,0.231186,42.9157,12.5633,52.1597,0.11944,0.306651,0.718496,0.318519,0.99865,0.241603,0.0556099
373,652.271,2,8.43592,0.718386,0.231266,42.9044,12.569,52.1449,0.119478,0.306387,0.718849,0.318244,0.998652,0.241592,0.0555869
374,659.096,2,8.43568,0.71846,0.231302,42.8909,12.5771,52.128,0.119523,0.306104,0.719272,0.317945,0.998653,0.241582,0.0555786
375,659.976,2,8.43562,0.718428,0.231344,42.879,12.5868,52.1127,0.119595,0.305807,0.719564,0.317662,0.998654,0.241536,0.0555824
376,656.338,2,8.43582,0.718586,0.231349,42.8665,12.5947,52.0974,0.119629,0.305584,0.719781,0.317413,0.998656,0.241528,0.0555686
377,665.128,2,8.43487,0.718751,0.231455,42.8561,12.6031,52.0847,0.119663,0.305289,0.720013,0.31711,0.998652,0.241517,0.0555664
378,661.682,2,8.43494,0.718747,0.231482,42.8454,12.6108,52.0696,0.11971,0.304973,0.720042,0.316772,0.998648,0.241517,0.0555538
379,658.997,2,8.43545,0.718908,0.231396,42.8356,12.6168,52.0558,0.119731,0.304749,0.720254,0.316533,0.998647,0.241516,0.0555383
380,667.748,2,8.43734,0.719209,0.231109,42.8237,12.6222,52.0386,0.119734,0.304539,0.720208,0.316335,0.998643,0.241539,0.0555338
381,672.827,2,8.43996,0.719418,0.230782,42.8115,12.6289,52.0229,0.119744,0.30437,0.720493,0.316175,0.998636,0.24153,0.0555322
382,667.529,2,8.44248,0.719765,0.230437,42.7991,12.6373,52.0077,0.119726,0.30422,0.72112,0.316014,0.998635,0.241552,0.05553
383,668.951,2,8.44485,0.720026,0.230162,42.7863,12.6473,51.9904,0.119742,0.304105,0.721684,0.315876,0.998635,0.241577,0.0555252
384,665.829,2,8.44652,0.720136,0.229962,42.7724,12.6578,51.9725,0.119748,0.303964,0.722114,0.315716,0.998635,0.241602,0.0555196
385,669.458,2,8.44599,0.720085,0.23002,42.7648,12.6617,51.9622,0.119734,0.303753,0.72239,0.315488,0.998625,0.241582,0.0555107
386,658.539,2,8.44574,0.720043,0.23007,42.7591,12.6637,51.9556,0.119741,0.303558,0.722688,0.315278,0.998627,0.241561,0.0555066
387,663.705,2,8.4444,0.719828,0.230215,42.7512,12.6663,51.9453,0.119743,0.303345,0.723194,0.315099,0.998625,0.241553,0.0554994
388,662.907,2,8.44485,0.719735,0.230161,42.7436,12.6698,51.9368,0.119754,0.303147,0.723789,0.314889,0.998623,0.241539,0.0554913
389,661.431,2,8.44473,0.719667,0.23017,42.7358,12.6718,51.9268,0.119789,0.302966,0.724128,0.314688,0.998622,0.241532,0.05548
390,660.082,2,8.44534,0.719439,0.23011,42.7322,12.672,51.9219,0.119762,0.302751,0.724526,0.31447,0.998623,0.24155,0.0554722
391,653.766,2,8.44553,0.719313,0.23011,42.7289,12.6747,51.9187,0.119765,0.302573,0.724957,0.314296,0.998622,0.241533,0.0554507
392,662.216,2,8.44686,0.719236,0.229976,42.7262,12.6773,51.9156,0.119758,0.302423,0.72523,0.314109,0.998622,0.241512,0.055452
393,666.87,2,8.44754,0.719098,0.229936,42.7254,12.6797,51.9136,0.119758,0.302205,0.725273,0.313881,0.998619,0.241511,0.0554536
394,661.618,2,8.44772,0.718981,0.22994,42.7228,12.6841,51.9111,0.11978,0.301978,0.725398,0.313659,0.998618,0.241485,0.0554551
395,669.151,2,8.44656,0.718595,0.230115,42.7225,12.6841,51.9129,0.119793,0.301785,0.725232,0.313429,0.998613,0.241445,0.0554662
396,669.265,2,8.44582,0.718392,0.230223,42.7249,12.6809,51.9148,0.119827,0.301632,0.725446,0.313261,0.998612,0.241456,0.0554689
397,670.079,2,8.44312,0.718316,0.230517,42.7271,12.6751,51.9168,0.119848,0.301462,0.725756,0.313068,0.998608,0.241458,0.0554681
398,671.87,2,8.44263,0.718207,0.230566,42.7287,12.6731,51.9183,0.119872,0.301281,0.726215,0.31289,0.998604,0.241455,0.0554707
399,660.014,2,8.44198,0.718148,0.230628,42.7272,12.6718,51.9168,0.119845,0.301097,0.726522,0.312722,0.998603,0.241452,0.0554625
400,670.965,2,8.44126,0.718205,0.230671,42.7222,12.6685,51.9104,0.119858,0.300981,0.726674,0.312619,0.998598,0.241448,0.0554594
401,670.469,2,8.4418,0.718319,0.23059,42.7177,12.6718,51.9038,0.119872,0.300848,0.726997,0.312488,0.998596,0.241463,0.055461
402,667.904,2,8.44167,0.718212,0.230609,42.7133,12.6744,51.8996,0.119875,0.300739,0.727358,0.312359,0.998592,0.241459,0.0554523
403,662.043,2,8.44254,0.718157,0.230545,42.7074,12.6837,51.8928,0.119885,0.300701,0.727363,0.312322,0.998593,0.241444,0.0554502
404,663.27,2,8.44273,0.718217,0.230548,42.7016,12.6909,51.8865,0.119891,0.300657,0.727349,0.312294,0.998593,0.241439,0.0554475
405,662.535,2,8.44309,0.718183,0.230517,42.6961,12.6931,51.88,0.119893,0.300656,0.727412,0.312268,0.998595,0.241441,0.0554432
406,661.465,2,8.44292,0.717813,0.230552,42.6942,12.6936,51.8789,0.119903,0.300659,0.727559,0.312271,0.998596,0.241459,0.0554307
407,661.153,2,8.44195,0.717683,0.230652,42.6952,12.6916,51.8808,0.119904,0.300648,0.727459,0.31225,0.998596,0.241445,0.0554228
408,657.852,2,8.44181,0.717542,0.230661,42.6962,12.6887,51.8829,0.119911,0.300696,0.727175,0.312321,0.998597,0.241429,0.0554127
409,660.259,2,8.44057,0.71739,0.230814,42.6969,12.6852,51.8838,0.119925,0.300765,0.726995,0.312405,0.998597,0.241436,0.0553967
410,661.337,2,8.43949,0.717197,0.230965,42.6958,12.6824,51.8809,0.119915,0.300848,0.726674,0.312485,0.998599,0.24144,0.0553914
411,664.946,2,8.43838,0.716922,0.231123,42.694,12.6815,51.8785,0.11991,0.3009,0.726399,0.312532,0.998601,0.241468,0.0553866
412,661.656,2,8.43722,0.716771,0.231267,42.6922,12.6796,51.875,0.1199,0.300963,0.726094,0.312602,0.998601,0.241461,0.0553804
413,662.261,2,8.43633,0.716716,0.231362,42.6921,12.6751,51.8742,0.119878,0.301047,0.725764,0.312682,0.998601,0.241464,0.0553728
414,659.087,2,8.43546,0.71658,0.231446,42.691,12.6737,51.8736,0.119893,0.301117,0.725607,0.312775,0.998603,0.241485,0.055355
415,659.231,2,8.43475,0.716457,0.231541,42.6942,12.6718,51.8768,0.119897,0.301177,0.725618,0.312857,0.998606,0.241503,0.0553438
416,653.322,2,8.43441,0.716443,0.231563,42.6955,12.6713,51.8785,0.1199,0.301242,0.725502,0.312936,0.998609,0.241518,0.0553227
417,664.744,2,8.43377,0.716435,0.231662,42.6968,12.6731,51.8795,0.119882,0.301341,0.725473,0.313055,0.998612,0.241509,0.0553253
418,672.628,2,8.43357,0.716371,0.231703,42.6999,12.6717,51.8825,0.119884,0.301421,0.725193,0.313163,0.998614,0.241514,0.0553387
419,669.726,2,8.43301,0.716297,0.231767,42.7001,12.672,51.8829,0.119859,0.301526,0.725021,0.313278,0.998616,0.241522,0.0553468
420,666.328,2,8.43193,0.716397,0.231866,42.6991,12.6738,51.8815,0.119832,0.301654,0.724722,0.313401,0.998619,0.241508,0.0553557
421,667.006,2,8.43149,0.716405,0.231918,42.6991,12.6746,51.8819,0.119843,0.301818,0.72446,0.313592,0.998621,0.241505,0.0553557
422,666.046,2,8.43164,0.716472,0.231893,42.699,12.6755,51.8818,0.119843,0.301967,0.724199,0.313772,0.998624,0.241494,0.0553621
423,671.353,2,8.43177,0.716542,0.231848,42.6969,12.6761,51.8798,0.119837,0.302088,0.724133,0.313889,0.998625,0.241495,0.0553685
424,674.652,2,8.43187,0.716723,0.2318,42.695,12.6775,51.8779,0.119823,0.302229,0.724107,0.314029,0.998626,0.241516,0.0553748
425,679.101,2,8.43235,0.71697,0.231692,42.6941,12.6744,51.8772,0.119796,0.30234,0.724246,0.314138,0.998625,0.241537,0.0553819
426,670.919,2,8.43163,0.717189,0.231768,42.6945,12.6715,51.8768,0.119771,0.302433,0.724051,0.314227,0.998626,0.241517,0.0553963
427,677.843,2,8.43119,0.717364,0.231784,42.6935,12.6681,51.8756,0.119729,0.302579,0.723771,0.314363,0.998627,0.241518,0.0554158
428,683.879,2,8.42995,0.71753,0.23188,42.691,12.6677,51.8731,0.1197,0.302696,0.723554,0.314461,0.998626,0.241513,0.0554433
429,685.342,2,8.42937,0.717559,0.231921,42.6931,12.6644,51.8758,0.119684,0.302852,0.723192,0.3146,0.998624,0.241515,0.055465
