rep,id,Cl,V1,Q,V2
1,1,5.6532619427277,31.6239047582958,14.3845629098567,35.1021231011958
2,1,5.76203472296897,27.9060586392172,20.8108630099231,31.1032806574709
3,1,5.46366704767853,31.0271081706147,16.1592146103598,35.4519780591184
4,1,5.42551641298474,29.766224011231,15.9063495306569,33.0616856259933
5,1,5.21187811802471,31.9170640910352,13.0115592192281,35.6985439434958
6,1,5.45716986779304,27.7332933797503,11.3917558383637,30.4081990218186
7,1,5.27332070516732,32.2125268762638,15.557307253996,36.0866470008395
8,1,5.4575265664119,31.7975608927599,13.8096616141563,35.8496463379147
9,1,5.41845660155009,30.2655100314399,19.7383696069436,33.8345865152318
10,1,5.41775712729437,29.8337433424134,19.5367105633025,34.1541747704474
1,2,13.1679925845827,45.4441673237828,9.35958587259113,55.8608218847241
2,2,13.2082455150622,44.44981081334,15.2780676825844,53.8905152377833
3,2,13.4961425967953,52.0105500736377,10.5152188065802,62.1519638927056
4,2,13.2965904830973,56.4933554093573,7.34465987486226,72.6325683351008
5,2,13.4918470204885,47.6154582866225,11.2431942773181,58.4429540920024
6,2,13.0229484497515,48.7903367331694,7.11320814254588,60.3322523323852
7,2,13.325376377738,45.6206101139138,9.92948450971124,55.42396257034
8,2,14.0708231604921,46.7448106182176,17.6754852044578,56.6371684602105
9,2,13.985206853419,47.4750911761128,13.087510057375,56.7469436395982
10,2,13.1061428720315,46.8487031431984,16.0311689635201,56.375820070911
1,3,13.0969481136822,55.763104060118,12.2938258667739,70.6671711086875
2,3,12.8383542114336,53.6025821262583,11.0563774062102,66.0852813882325
3,3,12.577475235529,48.1813774472459,14.2609374656769,59.9210550737749
4,3,12.5522999570106,55.8616779503989,10.7643484513572,69.9235477289035
5,3,12.6005894447088,54.3248982558308,10.9914700184067,68.1335717542057
6,3,13.1449652451471,52.5038432871269,17.717997486284,64.6320027626018
7,3,12.0186651131106,50.8382427245699,11.6913394191293,62.5198791895884
8,3,12.5831762083776,50.65992821743,11.4318509066055,63.6439277664665
9,3,12.5457114205536,50.0744213495929,12.3963224973035,62.0984471208658
10,3,12.3924556672443,53.3894812431787,7.70795554070064,64.083602030271
1,4,10.3969871612775,46.7959116162251,4.91405340746492,55.7493983452471
2,4,10.0024719379512,36.9227123258429,8.06298584882244,42.3483554363421
3,4,10.4209427383347,26.2772104629997,19.2477892523589,28.632727995328
4,4,9.99974183460343,38.9747778988111,7.18156214243626,45.6280192645565
5,4,10.0289560639763,39.9203509592991,5.84806880996974,45.7160394612889
6,4,10.4163015795471,38.8126315777157,6.93287546442832,43.8051767241082
7,4,10.5443345553793,34.9233339027992,12.0926412907328,39.1810318577928
8,4,9.95014887289965,39.6308619044442,6.04957173764909,45.1529852704797
9,4,10.5222672599434,36.0726473231662,6.88979848440325,39.764976449801
10,4,10.3734697838363,39.5943696549797,6.18704915201534,46.4408274674763
1,5,8.67508784159048,39.3784588513959,13.4692952034352,47.4253177524759
2,5,9.05467544386704,47.0371245626506,16.6956765251524,55.0290535102929
3,5,9.34416553532266,47.9135484095921,15.875876878978,58.4044626380656
4,5,8.7375474195592,39.0533662770901,15.8295460290433,44.7822659605345
5,5,8.98043564496257,45.2103610266455,17.8326167658932,53.7733381644182
6,5,8.98442560121034,44.4694580171347,20.4390315067544,53.4061126563253
7,5,9.1333104513518,52.752172863614,12.140475263457,65.7189804236252
8,5,9.40168427518124,37.583352175893,18.1444930458475,43.1503864441851
9,5,9.63667276445508,49.1164229359509,23.6774385140869,59.5085241781605
10,5,9.47272537600928,47.4351298702134,15.2203192476799,59.2937635171209
1,6,12.0507411977093,51.3878502044868,43.7292410197488,63.8181296381717
2,6,12.0127254750581,65.0246962147428,28.789174262654,83.1620040819392
3,6,12.5108677404351,51.0271295878536,48.5567915719758,63.1971027191406
4,6,12.0007784189876,69.1641456753732,21.3116023009219,90.2969396405686
5,6,11.8915997982653,53.0611669686235,42.829670161816,66.2134608189654
6,6,12.7912052890798,78.9204810826972,25.946200610918,105.670003435947
7,6,12.4894796051247,67.5447914603393,43.5076058215603,89.975368835735
8,6,12.532616747035,68.7025588052445,35.511942436051,91.8810368060581
9,6,12.3834056492466,51.2926113214879,59.9468657770822,64.9216438034706
10,6,11.7635773234026,88.4879199337764,20.1521313246909,122.529078766479
1,7,12.3382566268396,29.0931059518789,5.84210116035855,32.2512436039407
2,7,12.172013907122,24.2249779692695,6.95608760466805,26.4476531358096
3,7,11.8184438685371,22.5599129579172,8.30176766736444,24.1045809710037
4,7,11.0173846437402,24.3971504395068,3.99783553415969,25.8160807947553
5,7,10.9536231467055,25.2407775917905,4.00294735294803,27.8456898351558
6,7,11.3519637918845,23.1615200404463,4.98964220703424,24.707884398076
7,7,11.5003991635235,19.9590853589714,9.29355869765435,21.050709183169
8,7,11.9707083442724,25.7193963225366,5.36990826366242,28.9499328913477
9,7,11.997434572398,24.568194582823,6.10229103744701,26.3977617517602
10,7,11.7563532656093,22.3649217910217,6.637102785097,23.5551380353874
1,8,13.4296568709467,38.9984745215318,10.9620591440275,45.9039858278278
2,8,13.6506804306025,45.0794157836647,11.7082945350461,55.0354579553364
3,8,13.2440731875796,44.8779625606022,8.46459816967415,53.7093917820097
4,8,13.2597774514186,40.6405193676969,9.55142275268819,47.3887520025742
5,8,13.4687607480398,39.8088020952162,12.1406576549292,47.2891352895439
6,8,12.8948763532869,38.4560250476214,9.07516156700504,44.514704168268
7,8,13.5664406822415,43.2281354426707,11.3190092025635,51.6324250149696
8,8,13.2222588858299,43.741918317795,9.61182082527104,51.6481070996777
9,8,13.2439729429724,40.3645741074808,12.0275233803706,47.5237671408282
10,8,13.4006533207501,42.6274886455815,9.90808678942309,49.3516883450555
1,9,9.42279452711078,35.3944292292946,15.1859495560302,41.2227374971102
2,9,9.90240017382943,47.4496795861941,15.8110045137301,58.1750945953996
3,9,9.70208800121384,44.6846902979819,16.5757399666763,52.2206013321379
4,9,10.3327560305292,38.90886933303,27.6027119932102,46.6096716143795
5,9,9.82313470081208,41.0697765665362,17.4047519358987,49.0171202158642
6,9,9.88349453924684,43.1504364748245,16.7813818952637,52.6208094705566
7,9,9.5388396373281,47.405020598407,12.4118398640724,58.7466313150141
8,9,9.99866357213827,37.8871094105198,17.2766034723011,43.1783896517412
9,9,9.98186314305796,44.7414785788635,20.5495522909236,53.5521331891517
10,9,10.1540015294754,45.1352136344052,13.4890872778705,55.4123311832252
1,10,7.32468017234669,30.7400444175749,9.96050154791301,34.196366297966
2,10,7.06294329040097,32.175810827026,8.34315172619698,36.7648975559191
3,10,7.15734200184768,24.8089640564509,17.532736856123,26.4865502706363
4,10,7.23017095730715,28.1226079818701,14.3261333254904,31.3522459260671
5,10,7.3942948851945,35.0958790424653,7.46881689940183,38.93924352226
6,10,6.78403133548631,33.7621842189661,5.07099983455455,38.9927600407772
7,10,7.69128007475802,30.0296178211349,24.7549427893167,33.2263494860869
8,10,6.78505135084816,29.1634564613283,7.89539808440418,32.2522501262484
9,10,7.26942046409117,29.2471441902507,12.6842061174034,33.1651299730192
10,10,6.6135450975835,37.1136150180406,3.1420425232723,43.2547469756474
1,11,12.7526779117016,49.5436643513431,12.1948603867779,62.166696746054
2,11,12.413919145088,50.2149499809297,7.90842899371539,60.7847266759485
3,11,12.9290413192464,59.5288081171393,8.83403995603493,74.5142891656912
4,11,13.0413133608382,41.4848408670694,18.4619626659533,49.0903670215796
5,11,13.4873323353885,45.4434679391583,16.4174841932939,54.7547929082023
6,11,13.2268312932727,45.0245383521631,18.9204927658496,52.9332079123154
7,11,13.1614987485854,65.3586191833158,5.70444897443674,83.2050622529934
8,11,12.9123677300966,45.0798495288342,12.334690006053,53.3190322933688
9,11,12.839133717885,36.233571836384,29.6054196667211,42.106978502392
10,11,12.9829552535595,38.8252746601619,20.9426043066888,45.0925517446353
1,12,9.88016151188077,45.6465182517381,18.6274432180234,54.7144999688973
2,12,10.0769431040054,57.9755479418189,16.5438778420804,75.5976731065848
3,12,10.7359528919412,47.9201038232049,32.3756587737566,58.2256578475163
4,12,9.92995690359554,46.9838833196779,22.5257300272587,55.5905287467782
5,12,10.2000566097087,43.6666462957942,35.567725055449,51.6859953847145
6,12,10.3501415632859,55.6663010018387,16.1335451019811,70.2540706634801
7,12,9.93371692011524,41.9262922052306,19.221914716667,50.0827896291452
8,12,10.1056855496243,50.8252987442173,24.2023534242942,63.495997259147
9,12,10.0924187943321,41.228491698608,23.5550976253697,48.5221599159061
10,12,10.1099481244477,48.5036166281625,20.6770440360342,59.4085157974572
1,13,10.5377257024461,50.7717674875926,10.1007182635444,63.0743923405206
2,13,10.671725573635,37.7012203659401,22.2480636579153,43.8401068572143
3,13,10.7770328673422,33.7200043710617,36.5211874682526,37.887106865335
4,13,10.2876104708781,44.4073011693315,11.3417129944199,53.1236847489566
5,13,10.513554852462,54.2916408258153,9.40218664843811,68.1584885585624
6,13,10.9065831753451,37.4598233361062,28.3603125460867,44.0499843213182
7,13,10.534720883142,40.3850850384311,17.3097716818326,48.7728385737982
8,13,10.0571717034617,43.4320941774954,10.6003032770644,52.5338661735949
9,13,10.3951141844097,46.9099326857292,11.3325462189681,58.137024428428
10,13,10.4688409273751,34.4492275574716,20.0209858168419,39.0464321590226
1,14,12.1113163305341,45.3733959194816,4.10863252593058,57.1896677163085
2,14,12.9783797023056,29.0405023707169,48.3801534759719,32.4724259798714
3,14,12.2494517744147,48.9550847260662,3.09633744421559,58.6342685257376
4,14,12.594526041005,51.590641706842,4.14849500851862,63.0552676920091
5,14,12.1853407046367,47.7628612903075,3.62404715608956,58.8403513055772
6,14,13.6306597462574,29.6894253172467,59.8601604230755,32.7325645329618
7,14,12.0470299176612,48.2593894935493,3.86026029918356,59.7688271468637
8,14,12.1433932659165,48.6441185065239,3.99893244459597,60.2068387207416
9,14,12.2048395278807,45.6223515026457,5.14195628552822,54.6587890056205
10,14,12.8381515408578,29.6377945956253,49.2949868007878,32.1307241899642
