rep,id,Cl,V1,Q,V2
1,1,2.72700343581033,13.721893661625,11.1554016913045,14.6768000456404
2,1,2.63216350237465,15.171288238556,7.38877352452405,16.5552872782945
3,1,2.67487049280088,17.9604447326371,6.08227434354941,19.1984733712817
4,1,2.61565782942903,16.6340752667152,6.12826365197639,17.9565314989149
5,1,2.75578331823838,14.0624702850553,12.9872201180123,14.7740682718261
6,1,2.6046720329015,13.7364914092124,6.21407191608642,14.7621128435276
7,1,2.53741324684563,21.0899222196776,5.79057398810647,23.065666206177
8,1,2.53573842158499,17.3039110705896,7.92278026092527,19.0332296120845
9,1,2.6670162692137,14.5900958446456,5.50604349552855,15.981256048027
10,1,2.74803299388828,15.2880825447292,5.4077789154762,16.2221977393633
1,2,6.62803805640154,25.5228891174302,4.93883921209226,27.0951132737931
2,2,6.59324675739812,27.3163592418079,3.96145387530923,29.8094540886045
3,2,6.36753992446435,25.1960548610725,4.26279441332552,26.9273522442868
4,2,6.47732359933811,24.4761873748973,4.02270085756421,26.5458680247082
5,2,6.18777655624366,23.3572678513334,3.54688608069692,25.412218786971
6,2,6.41445547743534,26.2249117463942,3.10880776665264,28.6776154474799
7,2,6.41706841031917,25.1607961101649,5.10635344152555,27.371923025684
8,2,6.45532228449207,25.8283133559606,3.20900206143982,28.6539304291234
9,2,6.80727740616851,23.4232744909604,5.81366235695946,26.3840417088271
10,2,6.48105759178787,25.3378485818453,3.64832424034168,27.8912716565326
1,3,6.4993108291051,21.864939749526,8.61113296644816,23.4539188205826
2,3,6.3405634391644,27.1609458524674,6.01433646293277,29.9512830118051
3,3,6.2103777768878,26.0228616924055,5.52297130387685,27.9567947800551
4,3,6.13077145249642,24.8523475158021,5.37792126082541,26.8032039055409
5,3,5.97325719421908,31.5353413269127,2.95285626294578,34.0340781000312
6,3,6.2268607772712,28.4896569847257,4.30583895076661,31.6677704862382
7,3,6.14710856184029,26.5077547457375,4.69435691258999,29.0458680316172
8,3,6.1022977413348,23.799732199996,4.29149751787221,25.9231654842998
9,3,6.32030411003623,28.7602271521909,4.56372981088878,31.6521471733311
10,3,6.05050204589378,27.2471014201516,4.74364066139952,29.1451297059943
1,4,5.10762276666392,20.7602864391383,3.27246675792572,22.6297685489449
2,4,4.85884699493446,19.3368108099302,2.97213934782412,21.2404495593737
3,4,5.08313071628823,12.7157005848966,11.4842737993052,13.0116988013141
4,4,5.07610321545716,19.7898969069532,4.50384188370509,21.3249643536934
5,4,5.08075468600573,14.9581757798379,6.74506454106716,15.9905846648922
6,4,4.81998267295298,19.4290624691721,2.46683900128599,20.9764806771944
7,4,5.01816579521691,13.2456912864511,7.54628355138166,14.3986130711926
8,4,5.1446144179392,22.2844814031634,2.89263874021425,24.7314282001766
9,4,5.10300665764514,13.888675665083,10.5940823347503,14.7887056295143
10,4,4.87131814587283,19.4001225225839,2.16470978116102,20.9594708302857
1,5,4.59347569598373,26.4594943306639,5.17923464697608,28.9018994469596
2,5,4.33356016029789,26.168129040924,5.2827973816201,28.9447790604954
3,5,4.68442564110147,23.2765099973882,10.6261446997819,25.6415792118183
4,5,4.35781606481541,25.6214583669773,5.5109365578967,27.7162910449356
5,5,4.58034257048063,27.2879948698183,4.99750639415972,29.9580473031351
6,5,4.71096913468281,23.9819465675054,8.09083279452492,27.1728869578302
7,5,4.61542923063689,25.5868208889023,8.53640033619265,27.9289929618543
8,5,4.56404493172627,20.5142377353536,11.3727160155977,22.3074143590254
9,5,4.67136158658753,23.7692018066862,9.82819080960254,25.7158910546657
10,5,4.63741298149675,21.6771132972113,9.41595401014313,23.6536246190204
1,6,5.93214181337559,37.8239008074987,6.55356738598284,40.3328936110438
2,6,5.9837440141959,38.70962268557,9.9259486777099,42.4316719113161
3,6,5.76523748775071,35.2342880624828,9.22582633877914,38.6703787592053
4,6,6.24748766072458,35.6784859871978,16.1999837134978,37.9536765760864
5,6,5.86825092100559,33.8909998225458,11.584697378382,36.4061134961578
6,6,6.08729780083995,32.4936139706428,14.7630626334274,35.9299216870236
7,6,5.80929367787988,32.4133391770768,8.57509395555882,34.7062190144288
8,6,5.71835296470348,37.3503479015491,6.54827896930586,39.8850617608337
9,6,5.65014961436597,29.2191690598499,8.26352047301899,31.8171190677722
10,6,5.58004331186113,35.0093735027007,6.58919572571909,37.3036929530901
1,7,5.59626695219886,11.9031465729928,2.19163282244952,12.6155877205275
2,7,5.69352011019582,10.5942316568208,3.4778246944223,11.5479615197531
3,7,5.48559175125743,12.4076723943723,2.5402302235973,13.5680290002202
4,7,5.68841491096265,11.865491848847,2.50214779422082,12.7612903120629
5,7,5.84004694841802,11.8215073893897,3.04341165426511,12.2961541542124
6,7,5.63787905481421,9.65654651252909,4.01018838312887,10.1662396678693
7,7,5.71544087849986,11.7265621221129,2.33570183207623,12.4949459380674
8,7,5.64859977333677,10.923263614035,2.58274546128936,11.8794206997411
9,7,5.8217241166597,11.7259896541007,2.62649802683743,12.4150652639816
10,7,5.82667881022316,10.4046228462802,3.35595291929685,11.3907666080421
1,8,6.65572486949678,24.6251688850721,3.95168010274953,26.5766574738721
2,8,6.43866680233248,21.986909705513,3.39446717350331,23.4692101378262
3,8,6.42976316909296,22.8079550234386,3.66471822473789,25.1277309524428
4,8,6.53246338525122,21.7022292620777,4.80587208236239,23.3558445559398
5,8,6.94721622899654,20.4358292317847,6.40778500005049,21.8442889714723
6,8,6.56447100064485,19.7115630733601,5.67064372844508,21.431717733764
7,8,6.48759170639958,22.5893873047098,3.71562279371887,24.4093058892899
8,8,6.738167719523,20.0907608118725,6.48879200252138,21.2066834804541
9,8,6.62620056178056,22.5002852788247,4.39590361371083,24.6544605508935
10,8,6.62622506376952,20.538562549895,4.77501977754174,22.324774432003
1,9,4.94055776925814,21.4779188920975,7.70976039451288,22.9650563267673
2,9,4.70632627622624,18.0792582416556,7.05739267285287,19.8348472759355
3,9,5.07599351708838,19.6862909437863,8.57221586542336,21.4711002373667
4,9,4.82406888708261,22.1040082401889,6.16979135450106,23.9338279267599
5,9,4.78207406560235,20.2761806702693,7.59425107132846,21.9682706145142
6,9,4.83094278052032,21.826705702833,6.53993905334246,22.8462988240653
7,9,4.75060405644987,18.6017573783284,7.99961374468356,19.8441887206804
8,9,4.79018522786558,19.2686196554972,7.03363891438413,20.994380208518
9,9,4.75737657089457,20.1907099266413,9.05187663668849,21.657810805277
10,9,4.7811846174367,20.4108327689418,7.70855679506578,21.9941312493434
1,10,3.41071436352112,20.029821537154,2.44867290044369,21.4102248356207
2,10,3.27021927490765,17.0346862893313,2.02498009431393,18.0505390501188
3,10,3.42690399846958,19.0236617837633,3.24303665129596,20.9706150374312
4,10,3.4086929909702,19.761382153203,2.11302650885464,21.5897022750414
5,10,3.32575659204009,17.3013557925143,3.16711642063255,19.0213544641488
6,10,3.52121977621439,20.307048007744,3.10887185688148,22.4825870171027
7,10,3.38075168962962,13.1663916414646,4.89984345732183,14.1150219885998
8,10,3.49978280616045,16.130135681766,3.56445399055039,17.8307799934952
9,10,3.45306774259881,17.132078870126,3.41134762861265,18.5423769726517
10,10,3.2637813526925,17.4632240351823,1.56170424727502,18.4065287156735
1,11,6.35444393150974,21.15792321951,7.24522123241828,22.509005901138
2,11,6.33530736222034,29.1891987098094,4.65907571338526,32.1934196899812
3,11,6.21377373635197,23.5656456266513,3.56632368168919,26.1537678549059
4,11,6.33351629080486,26.1808291050923,5.28591306527359,28.7229219583014
5,11,6.44781673590043,23.7652030580008,6.91316929868188,25.3936965324052
6,11,6.30342378570358,28.3089019498509,3.29915949199334,30.669991095513
7,11,6.33781756401887,23.8238367616889,4.90329230176474,25.97365372581
8,11,5.91078294630137,25.3976021395056,4.03062829093853,27.925420247164
9,11,6.16455091376237,22.213072425753,5.77922406411384,23.5393177426272
10,11,6.44300905777367,25.7284921270417,3.65292507133652,28.048376626412
1,12,4.86700302540456,29.7003236011828,6.87268671255818,31.8641415499257
2,12,4.88572550779745,22.2889794322733,10.1186554863663,24.2961893195792
3,12,5.07966423757563,21.5217417973608,15.455492095912,23.5824392508233
4,12,4.85404028802471,26.7674851642542,6.01583883126853,29.1205656783722
5,12,4.96681747471721,26.649989834972,6.90729071724988,28.3688105045371
6,12,5.08471562325192,20.5706512710896,15.0403238462604,22.4297813634424
7,12,4.76576092108183,21.9458525810104,10.1504412899697,24.0787988485679
8,12,5.13344660867822,26.6906757165374,8.16847768359814,28.5145229099018
9,12,4.79544583247821,26.2704090996991,6.97420700482876,29.1905682813637
10,12,4.88658066097646,21.33683628304,7.62815590027122,23.2739318185014
1,13,5.01276844948372,20.3851140797996,5.1060585820755,22.1296829356484
2,13,5.22821018738687,24.3533019671554,5.24330176132077,26.4982701698983
3,13,5.09583375965147,26.6511274149025,3.67636247439919,29.7032269733741
4,13,5.02375764082372,25.10337081497,3.79125107319307,27.0936967294108
5,13,5.09102535780185,20.5526632141972,7.7379187958835,22.5187627101419
6,13,5.28761943807284,24.7231304223369,5.44236274913348,26.9865547512355
7,13,5.28177812268178,19.9201209825212,13.1828139968274,21.4172509011276
8,13,5.19879729471671,27.6042606225259,3.29953394494565,30.4358904493239
9,13,5.40553939121518,25.7499116511164,4.36665541311717,28.5100920919313
10,13,5.08473838297884,23.3050190558836,4.53146717527749,25.2752287360681
1,14,5.90435855930973,23.6174109175044,1.66817972850795,25.3939468978612
2,14,6.07342916196748,23.1817137504152,2.02931143485081,25.1198934204521
3,14,6.19808678516153,13.6539004153181,21.029091004712,14.5755530196611
4,14,6.14860975052388,24.4915026900964,1.91644206926567,26.8032935498333
5,14,6.04973825661369,25.3262353251431,1.28674695844082,27.6187232681231
6,14,6.02220728237522,23.0427268770325,1.88176932318833,25.2966004047189
7,14,6.34813922639232,14.7669239278433,17.6083176672075,15.8045205371478
8,14,5.96552163248181,24.3140452909129,1.67832349376422,26.5187079822745
9,14,5.93649632208902,24.8170364388984,1.63792165565267,26.8472515750179
10,14,6.11302885924194,23.0379254282088,2.20286469299385,24.9002388215021
