rep,id,eta_Cl,eta_V1,eta_Q,eta_V2
1,1,0.250555918009698,-0.0248316834138227,0.00868535158721606,-0.0355772123053595
2,1,0.267642636559872,-0.206593537511097,0.42253312174558,-0.000618175583371183
3,1,0.296275735845553,-0.0374566827085974,0.243637997789,-0.0212157797517527
4,1,0.24565318054625,-0.0230777006111342,0.118847485842679,0.0928726227604812
1,2,0.196915102994305,0.0856477078374471,-0.9943389938071,-0.107128862070209
2,2,0.187586328155093,0.0971132334524198,-0.665057073083138,-0.0492477933391853
3,2,0.167050982108266,0.0244069619209251,-0.479792267324466,-0.0955120451371974
4,2,0.201622598307044,0.0432822308150507,-0.627944576010534,-0.0101356145964395
1,3,0.197543690608817,0.131396341993434,-0.732306004330347,0.0411139845860098
2,3,0.172993387342915,0.140279175323893,-1.24811759494426,-0.0392823135828251
3,3,0.182285368452423,0.0613306432591108,-0.804960552534237,0.00226862221953228
4,3,0.196245031589394,0.111781331168281,-0.919448275020117,-0.0160752561328579
1,4,0.219849275241093,0.170301708353359,0.183755490104348,0.0522829246338237
2,4,0.258903060248828,-0.116909338155243,0.881267018910456,0.00182966928584749
3,4,0.306223608099821,0.0100511708836732,1.24788273306456,0.16981503254107
4,4,0.24660002940754,0.0598725123416091,0.428182856325672,0.0156667279075866
1,5,-0.386466619714064,-0.180147143551181,-0.261085017981519,0.0120998752261241
2,5,-0.452788284002523,-0.211084219889238,-0.989126164990493,0.00313876996962392
3,5,-0.411944883384771,-0.273945671043401,-0.437885571509624,-0.120672637710506
4,5,-0.35462558588577,-0.11964931066311,-0.419797562369721,-0.0907373856644105
1,6,0.0584507189475607,-0.0262680230154859,0.796758428065448,-0.0254344406786573
2,6,0.0333453659183369,-0.148620976142684,0.766327117284221,-0.0253133666600518
3,6,0.0794203201331924,-0.181583367352798,1.5632151319875,-0.0691607517050321
4,6,0.0411600493902926,-0.140327656483281,1.24940424299405,-0.157768189571643
1,7,0.148460517220673,0.390361970673702,1.52228631233671,-0.119311043290473
2,7,0.19388029760178,0.342992649643781,1.50151502246826,0.00136814451742895
3,7,0.168338941737736,0.490448997141278,0.905796745814125,0.0836164103208636
4,7,0.201373103527019,0.275694215707417,1.15207735511193,0.149210808440438
1,8,0.201195285657376,0.143758662589512,-0.847720775896008,0.0307095988739534
2,8,0.165518430599557,-0.015459559064579,-0.783402697347088,0.0374823604186565
3,8,0.220369222720456,0.185840876072962,-0.814109671169582,0.010484161902399
4,8,0.170384466427124,0.0728011594734381,-0.811730173357319,0.158681786384223
1,9,-0.383483260943704,-0.172336414953635,-0.584173887364044,0.161506473260982
2,9,-0.437301654892024,-0.104507002310688,-0.580523328867258,0.116843808019974
3,9,-0.445612106896655,-0.162630073294712,-1.08975020757093,-0.0592968075094618
4,9,-0.437439749014806,-0.268209548183759,-0.843864890805365,0.179724953769913
1,10,0.0409421954417557,0.268736104567356,0.155683930908434,-0.00161898495950918
2,10,0.0675255917846149,-0.0959004923143922,1.09680016900449,-0.184775238419455
3,10,0.055040875114313,-0.0483414322867683,1.22000887004047,0.0125726067590373
4,10,0.0761620806253307,0.0514575543461921,0.895207335575255,-0.135209900034751
1,11,0.28205892644874,0.0436966277534903,0.269471717885286,-0.0160308084732357
2,11,0.276193352469858,-0.0908565086678346,0.486301463990631,0.0517951391407943
3,11,0.273421907139733,0.158383513218828,-0.00434932312791503,-0.0875282287835453
4,11,0.251235793920197,0.0662268588829797,0.11272726067447,0.000429745898089973
1,12,-0.617867680274283,-0.403889193545768,0.700516897278462,0.058349742271508
2,12,-0.633024449837311,-0.358721260063839,0.38833498056094,-0.0320976113484397
3,12,-0.715350858523258,-0.462586294006676,0.31296079746027,0.0131361599664581
4,12,-0.651986904141053,-0.240367091379379,0.225686006814575,0.0398556461627311
1,13,-0.404902361168003,-0.165787342490538,-0.853346664406426,0.0500426835242251
2,13,-0.364253297187789,-0.182953738584326,-0.139473376284793,0.141639792944714
3,13,-0.394607321396514,-0.154170154739087,-0.557324596198589,0.0618667753905533
4,13,-0.410827066128813,-0.198233097182718,-0.947455125206599,0.0249669223645106
1,14,0.237235679464125,0.0274296629537334,0.360728769319771,-0.110082413501076
2,14,0.256087862482376,0.21649139548326,0.271105916536885,-0.0742159682167669
3,14,0.227230793817302,0.0868874479957746,0.259803007456791,0.191056857712612
4,14,0.204634797473973,0.104706989958603,0.0189317685815658,-0.0595367655599794
