rep,id,Cl,V1,Q,V2
1,1,5.37250183251002,32.4945719135473,11.7438836609194,39.752576475504
2,1,5.58650084335489,28.6529159820184,11.0186682070949,34.8844251034207
3,1,5.52437816708057,28.0732105664786,14.0253014572555,33.6567016212829
4,1,5.22691690184086,31.2427194445897,18.5583888824133,36.6649827257543
5,1,5.31958301277472,24.6191773758151,17.8414170293794,29.0147855248422
6,1,5.23495041973468,34.1194701751936,11.8769074143087,38.4052789666854
7,1,5.03801358064571,24.9826742697029,19.2731875277412,30.0563747992665
8,1,5.34874929926757,31.4686730703065,11.9998665287526,36.8007316150413
9,1,5.54029235134778,27.8194424841991,23.8027343015751,30.2820859398588
10,1,5.30734497083891,34.4876090234197,16.5653209417387,40.3908334989316
1,2,13.7621981708974,46.8620301556374,15.7833045819174,55.7675654272221
2,2,13.691363547671,39.1426564844061,24.9188797497785,46.1848981896042
3,2,13.373240315419,38.1961618313641,20.9400838976996,43.2065253617268
4,2,12.7792329447311,50.4865590540329,6.64830210687905,57.9542358283247
5,2,12.707459902538,41.6370813600237,10.2543252488128,48.6485950029798
6,2,13.4584432834312,37.5588035810707,21.7725613261856,44.1600156224402
7,2,13.3163953942746,40.2370184597514,13.7492819122823,43.3142076598094
8,2,13.3494516115331,49.2526354220938,10.4528392531638,57.6584911979774
9,2,12.8987848283957,30.4479592343872,49.4730455139815,35.8846779673933
10,2,13.5573510975582,39.999076577101,30.0183202052582,47.3463534736285
1,3,12.3821954875747,45.5783977060899,14.6536859482035,53.7257063303131
2,3,12.250771960033,43.1064687652707,14.7159513493972,50.2598694846473
3,3,12.5786763237788,51.656608852536,12.2935090000926,61.0275825451472
4,3,12.6244885862984,46.8717333619798,15.8570637213303,54.5592060703293
5,3,12.1542354732578,42.5549179174737,13.9568032229731,49.8819005270264
6,3,12.8051925572391,48.2098589145963,14.8691718430785,56.4370541254702
7,3,12.0831444887154,44.0015832681545,12.143442110461,51.5700671006035
8,3,12.2576934609783,47.6276835629449,9.56284252793853,57.9938857045071
9,3,12.231047071202,47.9585100395199,14.6727329121074,55.9374719768919
10,3,12.4489116827535,55.4792324332377,10.5086181931212,66.1858344032858
1,4,10.5842896146476,31.4609035930852,15.4646056881717,37.859243009557
2,4,10.2329327764942,33.9133581432542,12.0715112678607,38.9034642539843
3,4,10.4309332030565,24.8042365761417,34.6951061836689,30.3709727405795
4,4,10.1352714193474,23.0025419206077,45.3117428267691,26.699858557562
5,4,10.2863522988865,29.342644490524,17.7943369852937,34.6324232050503
6,4,10.0898625772209,25.9758123753177,16.8065207685168,30.0043498118209
7,4,10.2128430528994,41.657926704822,4.62042356286531,50.0668303497637
8,4,10.2965486820453,25.2188478371524,30.5835303032622,31.1234338160113
9,4,10.5950125140074,27.4387533877635,23.3152937070441,31.981862204243
10,4,10.3724159761599,29.4722997609107,16.4988946966757,34.5484319096716
1,5,9.1944072813415,41.2927541156457,25.3314909983595,50.0663883725641
2,5,9.35858355503124,62.8966688521423,11.0941615792899,76.5878251659883
3,5,9.0822088351039,64.7276673864786,13.1890179317152,74.4491983986926
4,5,9.0932085097338,46.967333689316,17.7284913594954,54.9863906582569
5,5,9.26306772956281,45.7532666118968,13.4979879306032,53.9297761158084
6,5,8.81759730297869,51.3198309360868,11.9030850187996,60.395715311269
7,5,9.07688711956743,45.0152562957746,16.431971939977,53.3370258633232
8,5,9.19052901440029,46.8520765237121,12.7201004636114,54.6433730294186
9,5,8.78626770029116,52.7319158443482,10.6327277881443,60.6332601594512
10,5,8.62242686975942,49.9396221690503,11.202006864915,57.7617753895298
1,6,11.7986547537117,78.3025834381516,23.8857648644014,93.4077087391411
2,6,11.8184223300176,77.3897097760986,17.5684969715591,87.4740764059175
3,6,11.9044596810526,84.5907267457762,19.6052392603466,97.4674894479244
4,6,11.7799652691913,68.9007346949742,36.3544625670179,80.2481921171485
5,6,11.8895219832565,85.4359915429253,23.141209548976,105.201466002542
6,6,11.8397409262618,62.6931037486009,40.7940535471714,76.8892493469109
7,6,11.6494902004744,83.6216970281472,17.3997505047457,96.0350544589461
8,6,11.4114724972451,66.7630234156604,19.2848940235955,80.2147139542987
9,6,11.5850839717656,95.4698375559188,13.1220014207643,114.157884727406
10,6,12.1154762042184,53.9961019791826,43.5909258979134,64.1174857733433
1,7,11.7037813037089,19.5073914989602,8.40642519358318,23.6341824287733
2,7,11.28341408076,23.6660991644412,5.05646138994748,26.5982414157193
3,7,11.5976999597452,24.1619976670159,6.83275326751535,28.970683621295
4,7,11.4323420895876,22.52551233685,5.41810754262735,26.5902951843601
5,7,11.5474954255779,24.3989183276982,5.99624311274833,28.2978820050899
6,7,10.8824267434364,20.6880503077815,4.9294525814185,23.31315120145
7,7,11.850455894972,18.9264009072985,10.3726085944858,22.5253668624267
8,7,11.6507550873225,27.4543583155703,4.28174167347959,32.6234982075065
9,7,11.3830101690036,17.2413376850959,9.38270364874665,20.2205944083309
10,7,11.8410002826752,21.6891504737482,7.80723368878932,24.5323921955403
1,8,13.7163421928136,39.2694195996869,17.3462520029866,47.8271740438916
2,8,12.3825826226436,41.4409387557761,7.88520526199367,49.2668894145589
3,8,13.3748721969546,39.8864313136205,8.6684050357236,49.5635412294516
4,8,12.7893516153178,39.2753569294432,9.15898714197264,44.3461334532656
5,8,12.7969146321278,30.4524949804482,18.4864690620911,37.5151212428361
6,8,13.0929343061663,43.4205013633177,8.94903199436464,50.3102399913755
7,8,13.4414622987457,48.7398662894006,8.8450607203374,58.5501385686825
8,8,13.1341468057683,38.3271001434074,10.9693477440949,46.1403730366293
9,8,13.3088115244043,30.577431238273,25.7280157543459,36.5916757821788
10,8,14.0091761582996,48.9079941906242,10.4923309606593,58.4153218889961
1,9,9.82703829370679,39.4001636972502,14.6681342779021,46.1743110136883
2,9,9.79384376865782,39.6612573332758,17.4621446018037,49.3938167459741
3,9,9.680577013408,46.763961189867,14.1608945632056,53.4586762146054
4,9,9.61624786965194,41.267385224656,13.2222165351123,46.9659610890566
5,9,9.89255637029529,40.5408244957355,19.6443020706147,48.9016719864551
6,9,9.91569325160471,35.0316442323368,18.9536529030066,42.7852620928188
7,9,9.55195486894915,38.0467306544057,14.7891473682153,45.7196716254444
8,9,9.72125825890607,45.6608737194988,12.6734383739955,53.7529702421153
9,9,9.90801739259784,38.5479376814387,17.4036759551479,44.4062742429218
10,9,9.81537391457804,31.9586422808147,30.1037566214027,37.7153381194717
1,10,6.95048282047061,31.9297405003817,9.88007831742663,37.468198687061
2,10,6.60574874600239,32.6660937447998,4.25326520816929,36.9623810840127
3,10,6.92138531689247,29.599563820351,16.8717184092189,33.956996840244
4,10,6.75242125990734,21.2292922229532,29.261481197371,26.0145927296685
5,10,6.90382930894419,28.5212388911658,7.84120715380017,32.315636963024
6,10,6.37520904680009,36.9164962125187,3.69310066475886,45.3089111974083
7,10,6.69957270613082,37.5869684437163,3.23652500569341,45.4371935092008
8,10,6.80710495453318,20.6639052992661,27.6361083427131,24.8109491257772
9,10,6.90124406296929,34.3113043810206,7.32094551945962,40.9928055234487
10,10,6.99409877147331,30.561229704568,7.80028657461147,36.6741661607753
1,11,12.9999474049628,45.492612346978,18.6087682279347,53.4065396169838
2,11,13.0454572358937,51.5585229973731,16.3783203825646,61.5272665394569
3,11,13.3500769569336,56.7859875708107,9.4515415196108,65.3221718679742
4,11,13.1077330660569,38.461485885628,35.9131472583474,45.8948952040147
5,11,12.7428093681532,44.0841039288923,11.881295777898,51.9085239280093
6,11,12.5877606945786,57.6659654828709,7.51326385983355,69.7787347714879
7,11,12.3108625840286,58.8535564816582,5.56270738427842,69.2021869278734
8,11,12.448140427304,43.0299360762263,13.6494762615302,49.1568027007122
9,11,12.8277291567926,41.207568108324,21.5007860172098,48.1829394790794
10,11,12.8384942315371,49.6951015631989,16.4467527608141,55.9240030534461
1,12,10.0232504314812,47.4844445612292,22.9180226725895,57.8697883959605
2,12,9.81703168206689,45.7817188640824,27.6779490729088,53.5492169792292
3,12,9.62554209085338,51.7037058727697,10.0461566591658,59.4008110956484
4,12,10.3040181062496,51.6773914151069,17.5170987270002,59.2008061548804
5,12,9.93181717389456,61.5721953810664,11.9351996444768,68.2835376801873
6,12,9.80529027545451,45.086464280757,16.1260114212447,55.5306001702844
7,12,9.6956428255402,43.1385243198224,17.8517411719074,52.3301113770276
8,12,9.76895900563095,55.4284466266841,13.0208781301344,70.5874447047168
9,12,9.58732092149373,41.5718986176982,17.4546058265542,48.2460086189127
10,12,9.6706841790735,54.7571660644323,15.0826242570615,68.3454008141979
1,13,10.5301755317645,43.9778720102564,9.63637392863773,50.7348856000889
2,13,10.7926379846431,49.9757895074658,10.9908086512312,59.1418228276442
3,13,10.5501249494193,52.0579150774229,10.2412162946376,59.9254105936885
4,13,10.4373746125494,33.7435403507551,43.2083192655911,40.882942372346
5,13,10.1314658528998,45.932009669256,9.26046703848209,57.1574705240696
6,13,10.6308177081792,52.8034155419206,9.65865385583382,59.2268452233219
7,13,10.9905175705786,36.5667637389417,28.9546693502254,42.4211988535438
8,13,10.4635965966582,38.054209550448,20.6248962253782,45.7538613899152
9,13,10.4775872655997,36.9855753084244,19.5811697684665,45.9254352020838
10,13,10.6865139796292,45.3308997602317,13.6454701889655,52.5613046408479
1,14,12.2383641627637,48.1340975992836,3.89715803386568,58.310679779358
2,14,11.9527822592882,24.5343862307888,72.9784906046334,28.0986646568237
3,14,11.6261496337171,43.6693133957223,3.96632185224127,49.2974352346529
4,14,11.3037922727729,44.5436870137599,2.98453583092947,51.885677182616
5,14,11.7512307703126,46.6701713039834,2.80924018296244,54.5391805760198
6,14,12.3598283091525,26.3010077068809,60.9981972356883,30.4736402775328
7,14,11.4397457072137,46.7423030188913,2.18123460800815,54.858633419663
8,14,12.6297698361338,52.271742278472,4.40346164652389,62.5919775288572
9,14,11.9062375808696,52.0003816572614,3.15051609993675,62.2446425731799
10,14,12.436351817655,28.7229778748822,44.4608401830029,33.5868209973158
