rep,id,Cl,V1,Q,V2
1,1,5.26010238738416,31.8015308995312,19.0953324844547,43.5809615911879
2,1,5.39357723495206,30.3536229767871,16.186592029192,42.9500942727191
3,1,5.32453108485447,28.1843231490825,25.2878900336212,40.9739651223833
4,1,5.18682557656464,21.142981881731,21.310349806809,38.5062904453813
5,1,5.27842261281967,27.4602850984327,15.0019947065742,40.7460405551392
6,1,5.58340990551555,21.6166019065348,21.3128835908624,37.6882515846337
7,1,5.49104499832069,34.3057153541237,12.9288946278632,47.4820141629336
8,1,5.59890328816166,23.403866613881,19.5970664111427,38.0563086993667
9,1,5.64689008253662,19.5251994371481,35.5219056601087,36.2018381405761
10,1,5.3172476000665,24.8311472545522,19.0743416994006,40.8021540253854
1,2,13.3440113346383,33.6643970109145,38.9688711907694,45.0308106945758
2,2,13.6111742650037,48.9660682275527,14.0165662501019,50.7391775262231
3,2,13.2408495108029,54.1082762935355,8.57788493186295,55.8888563740399
4,2,13.3623619135423,42.1309921252093,13.9293275664133,46.1928966213656
5,2,12.9098260896686,34.5664279426269,20.3907738777074,43.5216687544048
6,2,13.5376030061195,51.4612130305395,10.2044983754957,51.1438096448229
7,2,13.5628133449548,51.985077586387,8.15841302144047,53.3784176521454
8,2,12.9384509191604,32.7090368028374,19.452458068764,46.0721722926571
9,2,13.3174531957942,48.221058407194,13.9752825271473,50.044189578125
10,2,13.6115156305095,57.9738765512299,9.45320213828576,55.4414564730255
1,3,12.2164949106036,50.0200751227608,14.9947500601883,49.6122602266679
2,3,12.0416860186174,46.6045930698154,11.0811119484338,51.4535915593377
3,3,12.7554625199879,55.3197385208077,9.84743125719754,54.3784567023475
4,3,12.3006980814567,46.854320800928,11.8700753861841,50.3816952265058
5,3,12.3946796432898,45.7887563840082,9.97251322031044,52.0974509861937
6,3,12.358583436963,44.0260492199012,11.1045848373109,48.9834683920598
7,3,12.6613598119346,55.3569844119049,11.0370154160862,55.482514376132
8,3,12.6053223332813,45.0825619844525,17.1710084309056,50.3859362392746
9,3,12.9309096218451,47.0395165026147,14.575851680932,50.3544744120901
10,3,12.9042128431884,52.8080689211861,13.685289224087,54.1763943762936
1,4,10.2345297388079,37.5830136035103,7.27737633153623,47.9932304030299
2,4,10.217807905238,20.8258632725044,26.3688121829972,38.1765593375135
3,4,10.1593654726362,19.2953952581163,45.4410309065739,36.7114144610129
4,4,10.0312172352574,16.7809503631961,42.2645036698426,34.3449132462002
5,4,10.5125884967227,35.466968098854,11.8802023089589,44.7444926734544
6,4,10.5060431872378,20.4672492576143,36.9899271693981,37.361462998994
7,4,10.5766837658457,21.6582355704328,29.6383956438138,36.6091747182566
8,4,10.2416745035095,18.5026462037974,34.8170466683522,36.2950851886722
9,4,10.5359449502309,35.942978905081,9.16179249429171,45.7144218455429
10,4,10.2371213879779,20.0642149818466,43.4438708218051,37.4087766369928
1,5,8.99009137054984,55.5571930120355,9.41206094149595,53.3090059521107
2,5,9.08967889650681,38.5698196143186,24.2752689531656,46.3210892311664
3,5,9.38634218429082,50.6709678391889,11.2139757314087,51.8297769858421
4,5,9.36163159630355,37.0869559564458,34.5267105257094,46.4582671598891
5,5,9.12099909020262,50.8963231257173,12.7127405798317,52.5522833052711
6,5,9.40080130568282,48.3021826994061,12.4530204736214,50.1617000195872
7,5,9.15242376574719,43.9481699500386,14.3246015379367,50.0546829115393
8,5,8.97025450513132,34.5772835026962,20.7942637097797,47.1450697574978
9,5,9.40186291513264,34.6086629202949,33.8605467402929,46.6835815801469
10,5,8.80172662721166,40.3090481507192,21.8597379438184,48.3820900122058
1,6,11.5947419075113,77.396617595262,14.3352051398489,61.297389258108
2,6,12.13059143557,74.0535324077188,25.1836274947813,59.2098227209423
3,6,11.577705968325,93.2726661157771,9.03225299803283,67.2816288494195
4,6,11.6925030286775,76.1589052375815,21.1379147934772,61.7775104642203
5,6,11.9874296396548,83.448093734316,14.6989284507706,60.8291687670551
6,6,11.4902536030198,69.4724927543151,17.9510539435537,59.121234131535
7,6,12.0483035229302,70.9686158771394,21.9765248734594,58.5814257859045
8,6,11.9187100775607,98.0885721351541,17.3339693753908,66.704210674248
9,6,11.5308173809079,82.7430764858628,9.3098006729908,62.8887840673286
10,6,11.9107998874166,75.4612152660576,13.2496563214466,60.8892861970942
1,7,11.7704834878127,8.92923577908467,19.7422102924712,27.6976616612199
2,7,11.322380588215,23.1308572433319,4.7614168666133,37.5816351570887
3,7,11.539215731624,28.1416576223181,3.84791716411244,40.5941928346036
4,7,11.8442550396445,27.7390960536076,4.96502747385334,40.8994800793667
5,7,11.8969513098072,12.4522461326666,18.3194231164825,30.963058182866
6,7,11.7336138974088,22.2752088466142,6.34146238291512,38.4988282537923
7,7,11.0214935882976,21.9089964071173,4.40740405953775,38.4018451719882
8,7,12.0656581634827,23.2262116206326,6.93981339904869,37.7866851155776
9,7,12.054432159088,12.070846288238,13.4567781612145,29.587170230082
10,7,11.8350057361494,23.2158618093225,5.50513983787765,38.5138128243524
1,8,12.9712935206617,41.2935783489167,8.59764630230254,47.1818648651857
2,8,13.9200038413767,47.8394593656149,10.9134132878391,51.4089423176864
3,8,14.0556526000883,41.0252133571159,13.6689029052229,49.1251346757441
4,8,13.2597687466591,42.3239772063647,10.3910510894576,48.6394230876263
5,8,13.3044232595352,39.9328145872218,11.3571194425788,47.1737591917963
6,8,13.0742896773364,42.2024818925383,9.44641259672137,48.3596555462782
7,8,13.4740623316245,42.4710522240104,10.4841048753868,50.2899267679251
8,8,13.2364090720703,42.7960065756877,10.8437931651991,48.4138853584546
9,8,13.4804699164935,43.2814530454974,11.6720581510163,48.883251614324
10,8,12.4797753848911,41.2536411917205,7.24785581139546,47.7543044456477
1,9,9.90686006073077,35.9048238404494,19.0660551130769,45.3405076030176
2,9,9.30459665720581,26.0386058639594,29.3894706481035,41.1872438832625
3,9,10.0231746616481,39.882630108388,20.7002961355007,47.303681338789
4,9,9.90539820017656,40.6322250097369,24.4486604406543,49.2797433393076
5,9,9.64884015674133,40.2598397830845,15.1964757654345,49.0550370673622
6,9,9.63277352328034,36.2128516188613,21.6192359539732,45.7825832444941
7,9,10.1907183016617,42.2259355296902,19.4382448639606,49.1962706283283
8,9,9.47747711331253,39.7310584172519,13.4081163478724,46.8541612269078
9,9,10.0189808272169,32.392743092527,25.5193916669952,45.559235797317
10,9,9.62891529448168,34.396075184662,18.363053520185,46.1501425067405
1,10,6.87128856728328,37.3830172875011,3.99535015599929,46.9603298311058
2,10,7.02521698632901,15.4142441986362,55.0194424455907,33.3239086014089
3,10,7.02133976615109,35.6574232787754,5.97024283627901,45.4084066300002
4,10,6.85947727751241,34.301547329548,6.22636497780312,45.5562416712431
5,10,6.91234984922149,36.0021208559322,6.03572342962613,45.8177625292004
6,10,7.00173872340019,14.7113935667382,33.6215631294451,31.666323526435
7,10,6.51376661634831,38.8253470105731,3.55223528356553,46.1361459287754
8,10,6.5663308805289,39.2965139373126,4.18922723828205,47.9851326153791
9,10,6.96515147765236,36.613977262048,7.15941123291527,45.2760749152352
10,10,6.82341489520394,16.4190078837656,38.7945374431788,32.9997300189387
1,11,12.7852537631358,47.9463976989488,12.2328494822923,50.0967037489641
2,11,12.8607475256837,45.5176465208375,17.3884829359525,50.086058902433
3,11,12.9980468144769,49.0640426145217,8.7073438947536,52.5647550603497
4,11,12.652584537316,49.4851803497801,8.69149852406945,51.7606671118275
5,11,13.048240784105,41.8755388823638,22.3789909616437,49.1595074063701
6,11,12.5338925030724,48.8766348754441,9.54818202907077,51.1938945186533
7,11,13.1214739591709,52.8379104246816,10.3115739213768,51.8087791945781
8,11,13.4673003533987,57.5095204907601,11.6708981019044,53.3972365160686
9,11,12.9899464909,39.9745013056324,22.0642839128313,46.0491727207893
10,11,12.7693434122901,52.7797420696768,10.6077119120629,52.8564657423196
1,12,9.75886542139979,33.1296915993705,30.8619892166766,43.9757328926286
2,12,9.36229954664437,55.6782067100771,11.2840040789733,56.1816465448388
3,12,9.76309083144386,47.5159595469028,12.7099390316473,51.7862295052648
4,12,10.2245185745509,50.5353136920916,24.798728747248,51.8619744157723
5,12,9.62759424346286,47.4919860296029,19.3681256844135,49.706875128451
6,12,9.82402482981327,37.0324419329632,29.0946194865949,47.5164615104279
7,12,9.76158037122748,42.9754359284545,21.9906059481074,48.9234004104143
8,12,9.68123477518451,47.3822488562653,16.6979143070211,50.4263131995394
9,12,9.84037183882391,54.7521872489117,18.2446373076607,52.6102444848582
10,12,9.88685290047933,47.4816200340344,23.0221962685008,50.4941603267822
1,13,10.5960052198378,31.7619520373752,27.45280557591,45.2243753170116
2,13,10.4958694444296,45.6206514550329,12.7284923379117,48.2521079129561
3,13,10.5551966770997,47.4629550729021,14.3400064775179,51.2640947236201
4,13,10.2779863546441,52.0673985033004,6.75794815236482,54.8088133732252
5,13,10.4599365276021,44.0351104255264,14.0841605571317,47.979922134414
6,13,10.827683890188,43.2893653416944,15.7114834288689,50.4550824831277
7,13,10.8686926559144,47.3636465413488,14.9971806000198,50.9017479012077
8,13,10.3241395377096,41.6494289930313,14.1885261768642,47.9461701014409
9,13,10.4075363814807,35.8674246087135,20.3943631092183,45.2481200820075
10,13,10.6213398097942,45.8789134200711,14.9491297152004,51.3055954469586
1,14,12.4756314525142,50.0267845010375,3.64241137409524,52.9486951976978
2,14,12.453100122051,22.9008204364141,66.5858848757017,37.9051539408221
3,14,12.1510624028173,48.8443920818003,2.7018870927711,51.2418750389156
4,14,12.6838220815915,21.3329973712919,79.1647097240611,37.6434119022213
5,14,12.3137348686862,50.4649076633894,3.49403664886948,50.1032901350414
6,14,12.5506425427494,22.9442952568736,65.5828496360615,38.0735278416568
7,14,12.1894849721775,46.5180595291099,4.262557082529,50.6512520939358
8,14,12.6076039903323,21.397377660088,51.9090726110099,38.6150850510024
9,14,12.1761898361607,47.5074860025161,3.84718392165344,52.1180479155194
10,14,12.5394718310682,19.8753632119977,166.709831070031,36.3185370476854
