rep,id,eta_Cl,eta_V1,eta_Q,eta_V2
1,1,-0.637158828432395,-0.0676012639262445,0.253248465650334,-0.226259343720005
2,1,-0.648193969348598,-0.0803886167088872,0.0341338103042627,-0.348687574101356
3,1,-0.671035476253122,-0.134843710431433,0.105941453996032,-0.712017857105815
4,1,-0.639992049398741,-0.102052136681799,-0.147385670783818,-0.29636799556886
5,1,-0.703574707345452,-0.095942048449586,-0.227524947601978,-0.363343716380558
6,1,-0.650933711493123,-0.0888963122890195,-0.174083428273051,-0.342715621968976
7,1,-0.630385574489047,-0.166132683767495,-0.229832320413566,-0.44518448233504
8,1,-0.654659063890906,0.0119915687897664,-0.349005666399729,0.0203238127949408
9,1,-0.644811835447397,-0.156782533438249,0.380890344193112,-0.591968492334353
10,1,-0.670739912235997,-0.0853595558841089,0.0809875821262374,-0.232706413771335
1,2,0.219051777958908,-0.0888572950305861,0.803637342966957,-0.288082433780739
2,2,0.25883947776803,-0.0324434695640236,1.00883827735829,-0.082999773491983
3,2,0.177455191477495,0.325068665759536,-0.509673287525976,1.27312114874706
4,2,0.290953725846344,0.0740726849678493,0.261181029600113,0.169811635130481
5,2,0.230724026851218,-0.0706997035932249,0.585880378142428,-0.18470892779241
6,2,0.247872074472397,0.00222052945733093,0.0935090226503266,-0.0798369839745851
7,2,0.173362031567225,0.31680241609745,-0.489950357083967,1.23976620541457
8,2,0.198034615206935,-0.0844960929886764,0.437421092890423,-0.408168162521088
9,2,0.245415826200756,0.027618400930181,0.0135905766203691,0.0659115240381472
10,2,0.277590020366359,0.0614723616056682,0.216340026547119,0.205683776745515
1,3,0.148641618351745,0.16890884852159,0.0299080706678251,0.607451234718433
2,3,0.112050348802869,0.267364525859383,-0.431357011893847,1.09385628203567
3,3,0.123582832035708,0.371078966745732,-0.252659774015204,1.31251098736541
4,3,0.168937621460808,0.176605224815286,-0.161594129145428,0.65777013975089
5,3,0.222129382813978,0.202786347069299,-0.0964219474452083,0.787495360728952
6,3,0.144218158791908,0.245137345691824,-0.19872827233328,0.851163968352064
7,3,0.166127434975901,0.212876959188066,-0.203300762713928,0.882493072971322
8,3,0.188081269629674,0.134746913960591,-0.0807712541553409,0.560884800437662
9,3,0.206502989155229,0.185378077850123,-0.0373445251267438,0.700644395122139
10,3,0.152157215425956,0.295725091773446,-0.165616287886972,1.20959230400693
1,4,-0.0194289794216542,-0.23371145636605,0.380935676751934,-0.737124269123291
2,4,-0.0578996143224876,-0.217573333209917,-0.294626143879849,-0.849055152190896
3,4,-0.0589620334566458,-0.221740951818083,-0.179643634061011,-0.865022880960865
4,4,-0.000291998155396803,-0.193824760673951,-0.0610660369650942,-0.680812453272209
5,4,-0.00586519016774015,-0.199323848172881,0.500001865765949,-0.872275462954095
6,4,0.0162579441137497,-0.140600092033939,0.197218392189046,-0.708564187039645
7,4,-0.0358090411288786,-0.198672445230213,-0.135897709197205,-0.851312025795093
8,4,-0.0282707896643668,-0.201971441809626,0.510195982682008,-0.904602470331007
9,4,0.0408054107307917,-0.195495347108685,0.424658589907579,-0.67855804285184
10,4,-0.015375713809808,-0.161250483314837,0.086293098607178,-0.528511555459228
1,5,-0.163676139986228,0.212934723772505,0.0140000717528942,0.692999699322168
2,5,-0.189474886050012,0.283271895641417,-0.136088183227296,0.9682225219572
3,5,-0.219667992485456,0.266533947100824,-0.229942458522397,1.08666156804603
4,5,-0.0952662575032796,0.0595448560899868,0.826080388776289,0.205406242741063
5,5,-0.150557607746316,0.172606030900254,0.189360166470687,0.707974614490704
6,5,-0.112401400404374,0.0693075285544255,0.0283677031851921,0.189115455484963
7,5,-0.138080733136005,0.193721816396822,0.148727493343243,0.642541324355618
8,5,-0.192815192885606,0.2388983460206,0.0686226308307965,0.922635091967842
9,5,-0.10904885897297,0.0449016659358118,0.316084132040462,0.176657756652473
10,5,-0.216901919297597,0.258799680881043,-0.0454296044652605,0.91194823261152
1,6,-0.337592402640584,0.596252569723375,0.310177229349803,2.2564067033943
2,6,-0.0276327337682758,0.519826965148418,0.554299511423025,1.86030590386436
3,6,0.132679719740635,0.128136613875874,1.03308735427708,0.567116420366177
4,6,-0.169120568210745,0.568020510216522,0.339249051257633,2.08782143307739
5,6,-0.247072499331557,0.578036576109983,0.569120242071057,2.20649496834339
6,6,-0.311532332205634,0.632529795182893,0.581274347071414,2.29006746352695
7,6,0.16551732866689,0.136277179515687,1.38974248233067,0.4247185120321
8,6,-0.234945273665485,0.607536412286877,0.625136224733392,2.20495061806249
9,6,-0.194636585512696,0.569167294659113,0.245051116718889,2.12658153623942
10,6,-0.20165116642662,0.555595144093504,0.659418069481161,2.13824720476353
1,7,0.117042117960357,-0.404611212402065,-0.897703723402572,-1.36553468522607
2,7,0.112091675735094,-0.369418322458284,-0.796164220459741,-1.21792286348911
3,7,0.0725917707297072,-0.337290169151426,-1.29824211370419,-1.15251981929418
4,7,0.14159240115135,-0.346580449262216,-1.06018500540765,-1.21674338144338
5,7,0.156962203442172,-0.320879889515516,-0.810747334547341,-1.10302136073498
6,7,0.122245853108005,-0.376063018425521,-0.765394727693599,-1.14436839868564
7,7,0.0990638966931956,-0.384054760745767,-1.30106036776313,-1.32713930619883
8,7,0.134347585665165,-0.350528410689989,-0.876018597153427,-1.24930203111779
9,7,0.15559407456468,-0.328111109064327,-0.83489726723337,-1.18311661223803
10,7,0.112631669080616,-0.380465599558583,-1.04578780096471,-1.29466667432308
1,8,0.228598548742544,-0.0563592467479971,-0.154642865888862,-0.322956607765918
2,8,0.26337456544901,0.0530313322414259,-0.0102485660647181,0.163028683141476
3,8,0.248896546953148,0.0866024410314149,-0.485071908278897,0.312250037263342
4,8,0.227966515279546,-0.0203246407660487,0.000212252712790018,-0.0773529059227361
5,8,0.23829285737705,0.129211139257613,-0.49127923476931,0.516062261749413
6,8,0.229190443901645,-0.0193781369359355,-0.17926819986157,0.0471385203035573
7,8,0.221926901398212,0.0726850696604618,-0.341028055586001,0.308824479168888
8,8,0.228213970080792,0.0410549978347109,-0.396492411495928,0.0965712638192537
9,8,0.242925389809791,0.0456073997308909,-0.203246286819031,0.116838037681929
10,8,0.169343592431164,-0.0489656816745046,-0.422957551347731,-0.242143732540181
1,9,-0.0327252793562116,0.0422019085783421,0.225231479304338,0.145884230015834
2,9,-0.0613994707424263,-0.0579963248577635,0.625165081149019,-0.1657481436428
3,9,-0.0201299819109271,0.00368166610410373,0.421799242267657,-0.0382632438965504
4,9,-0.0600810579865159,0.025895654575367,0.362983107265835,0.164828255592861
5,9,-0.0460164665196852,0.0773011632093197,0.244937903743978,0.388763219958587
6,9,-0.0458638253729207,-0.00589185983608972,0.50308380341948,0.0713733669980961
7,9,-0.0336353783712573,0.137328923779426,0.469925939103008,0.483745459057819
8,9,-0.0705681794318993,0.134740265991751,-0.251202516785417,0.507770505484311
9,9,-0.000212618547996465,-0.0214560505619539,0.602688154173978,-0.159380549232049
10,9,-0.0739822311985162,-0.0414760240660421,0.19437110726293,-0.0666671304479814
1,10,-0.398983511364316,-0.245205491300099,-0.241085839281062,-0.844169408005766
2,10,-0.377581623034513,-0.142614987888428,-0.552282419265372,-0.68835030574641
3,10,-0.394472537124017,-0.247289212688019,-0.578073961509747,-0.907992304038679
4,10,-0.384733444222779,-0.187894295147286,-0.322267947386275,-0.598843596563019
5,10,-0.373477921346066,-0.181612317904142,-0.27148250896654,-0.726426902416381
6,10,-0.412429200190118,-0.115381099037863,-1.10314926476063,-0.355735641614301
7,10,-0.434636456652854,-0.314481418644083,-0.153039853466505,-1.23921918482529
8,10,-0.451118946794101,-0.0707675829531095,-1.17959979171539,-0.216452925808632
9,10,-0.399312446855239,-0.251021883095457,-0.0753197145052772,-0.980856173394578
10,10,-0.456518439784762,-0.17955173113802,-1.16705466193954,-0.801093046071548
1,11,0.211609777124774,-0.0312864427820299,0.676745176526783,-0.115962144199609
2,11,0.175980440342635,0.27614844207581,-0.0780162023736607,0.930579345487447
3,11,0.146349372373435,0.305989367032433,-0.46308871882143,1.21347749800039
4,11,0.184951312223755,0.220877736330807,-0.3505788664223,0.846206342311685
5,11,0.213475098786672,-0.0396397442547298,0.521922235430393,-0.053010985454475
6,11,0.159153945631279,0.252160216935191,-0.521178420510288,0.948450544615376
7,11,0.141707030303364,0.301703221736317,-0.384916637736028,1.09291810202221
8,11,0.201544783339971,0.321551211586302,-0.281022614517844,1.25600136835659
9,11,0.2535501787346,0.0270412104333947,0.592016283630542,0.00957536905642047
10,11,0.162579953219431,0.360537252874162,-0.279505901295125,1.33459667069309
1,12,-0.129287048171147,0.248940825293189,-0.317519042510225,0.839304271924518
2,12,-0.0394589174510076,0.11033616692711,0.507231091668104,0.448090177998998
3,12,-0.06302708653644,0.0601087959276798,0.102263971222542,0.247256597037031
4,12,-0.00829866736580672,0.03412346437337,0.891973607786753,0.110149157281151
5,12,-0.0887269685214403,0.131224813060904,0.100953809168747,0.418746831752183
6,12,-0.0444029550397178,0.0819111656677479,0.467727999571312,0.366210950092784
7,12,-0.129697679151477,0.317044626523903,0.020462499446549,1.19891403456551
8,12,-0.0289016222675516,0.104222394606496,0.526788234918739,0.365123733797997
9,12,-0.123850666938834,0.325543620098875,0.00782133460712357,1.12130085190294
10,12,-0.0582407015842768,0.236971741484542,0.285341734261428,0.877073560575091
1,13,-0.0155269759368641,0.12166299902349,-0.212575659669495,0.601932188529767
2,13,0.0396860047869378,0.0320377838743841,0.30307395705811,0.0175229817169893
3,13,0.0324312991351164,0.0171704935576084,0.479077379020768,0.0874526229578682
4,13,-0.0390376863442896,0.188440733241913,-0.607050963131735,0.684487192159062
5,13,0.0172221989084651,0.0124390340065587,0.391698847544795,-0.0156174538177244
6,13,0.0270439575215387,-0.0315307454719768,0.542165280555318,-0.145860522607126
7,13,0.0127915791582371,0.0511359207850321,0.107167679579581,0.230841408137592
8,13,-0.0385814831527944,0.18206847328613,-0.499352449409802,0.678703867973229
9,13,0.00467296790091201,-0.0275863166093076,0.337511548361693,-0.116932594012134
10,13,-0.00874350626320476,0.201976904242328,-0.124994190395886,0.767594861411269
1,14,0.131544305970088,0.254257545927942,-1.11646443985383,0.92772405523866
2,14,0.13574005468787,0.231709542112062,-1.21542196566741,0.817801137173959
3,14,0.109963083340684,0.201111070740601,-1.20956822404333,0.768685103911927
4,14,0.147875289218073,0.234167923193897,-1.01375063131202,0.904266521675852
5,14,0.137829217829169,0.217471911251704,-1.2572178297717,0.778009947878519
6,14,0.125658177353128,0.212235539557548,-1.39387025393173,0.788198446346313
7,14,0.134571131124106,0.239346722691696,-1.28183321661818,0.941852263555379
8,14,0.0972841520850541,0.244567222734474,-1.31220366258721,1.05254136513942
9,14,0.101885772106933,0.212780239356446,-1.34577071429275,0.917681827823805
10,14,0.145900409586769,0.0654810041552993,-0.937909690896498,0.115417110040496
