rep,id,eta_Cl,eta_V1,eta_Q,eta_V2
1,1,-0.670079765278428,-0.05546510060808,0.506464559563075,-0.0645651995897239
2,1,-0.622130618739659,-0.0506189954814814,0.380955427081849,-0.0523808537584864
3,1,-0.642978030466494,0.071503493976059,0.190100860425412,0.136365716147688
4,1,-0.668033515192248,0.290909484118687,0.118008796426469,0.336979250193803
5,1,-0.640538830652918,-0.124987931145108,0.844412560551452,-0.159360472084305
6,1,-0.645242910075661,-0.184917026426411,0.54262772904178,-0.205504142419722
7,1,-0.668122043035526,0.22626547863689,0.205173077698389,0.261201873298828
8,1,-0.712480684899171,0.225209019135604,0.170885127024345,0.27025625935646
9,1,-0.650302286112887,-0.0650781479015699,0.428728171205331,-0.0930894416703622
10,1,-0.677705355200256,-0.223895481656737,0.624960424647514,-0.264576543618186
1,2,0.208330672477928,-0.0109622123975253,1.34835676698801,-0.0201773865837382
2,2,0.240317486834791,0.72061758115653,-0.415417380824659,0.851758482467223
3,2,0.249767335326641,0.115820624170771,1.02283820273727,0.143443061604272
4,2,0.215067293923438,0.484410752179829,0.131985039235194,0.562173951416188
5,2,0.288907049674546,0.106940393548829,1.04899570562107,0.126905629448454
6,2,0.227349185999675,0.739828603640809,-0.608450938960353,0.874510658983867
7,2,0.262743446896291,0.170272899283644,1.04494255481578,0.168609927078197
8,2,0.201034505784657,0.667074647236523,-0.57344044506778,0.799372750044024
9,2,0.226280187076213,0.10215178662002,0.785686141111459,0.126312871860001
10,2,0.202261292782717,0.664657921546643,-0.487350708369981,0.810453959559809
1,3,0.202356127854673,0.503386058720995,0.152979153514647,0.601722787681237
2,3,0.164601371033428,0.744643655661193,-0.338899652479538,0.866868885889915
3,3,0.199986486049752,0.609586574381405,0.0173183576403528,0.728403301094434
4,3,0.171527573511141,0.441653680929758,0.0879659383019084,0.530837641302241
5,3,0.218013151152017,0.45159879342351,0.0983700585895897,0.531892116876034
6,3,0.203118220845236,0.661305565224033,-0.0103666895563928,0.792588478849851
7,3,0.172165442063994,0.725587376564537,-0.183827926167815,0.861450603281891
8,3,0.190703087176946,0.629894118481489,0.0121555021694825,0.73568054678177
9,3,0.106893349685413,0.706599067973573,-0.663418592089861,0.833878945341341
10,3,0.159089421203377,0.572897876442242,-0.182617850190518,0.702447197094077
1,4,0.00793226332021758,0.492749328452875,-0.457240920710916,0.56630922950454
2,4,0.00853772945780032,-0.203128431396669,1.14102658709413,-0.245801306431743
3,4,-0.000993557790468616,-0.272505861658438,0.734998766673382,-0.353549501488144
4,4,0.00318076954805298,-0.140577288516081,0.842263265113469,-0.202664826235596
5,4,-0.0368556655807084,0.418117535671102,-0.693137285554829,0.500859324355498
6,4,0.00949712513544033,-0.225411532536382,1.09839150164576,-0.304077597509607
7,4,0.00187298511364217,-0.234326496464732,1.01599656507973,-0.344063893782546
8,4,0.00635431042219407,-0.234225368520665,1.33158830687822,-0.246239006807036
9,4,-0.0648571461901385,0.3959587363936,-0.956918148344708,0.456312497259549
10,4,-0.00717693286740867,-0.2317586259418,0.886336083123116,-0.280630187824309
1,5,-0.161273702967625,0.61080585889838,0.0583032643261523,0.751811676801912
2,5,-0.126252903169797,0.48384330217872,0.0121311941104122,0.55471380676052
3,5,-0.119801924269492,0.109579652045962,1.24688548791615,0.138277289938367
4,5,-0.129439021597905,0.0571346313729582,1.11642547026724,0.0609712179275127
5,5,-0.0983483180681375,0.140812799120754,1.07683697188276,0.170073826991229
6,5,-0.184620223345303,0.657279238323477,0.0891144654726567,0.780993029589422
7,5,-0.0825105417892277,0.0764852808518791,1.44369795199908,0.11260235131568
8,5,-0.149211647627074,0.350726016315201,0.286628401066271,0.41875066835361
9,5,-0.128941269142678,0.139861052280804,0.813227535220591,0.175886019210285
10,5,-0.139378284218849,0.672072773830865,0.239629253966186,0.814387320789611
1,6,0.1550650006089,0.664552375697941,1.3231835802853,0.76539581772753
2,6,0.089296388174823,0.894764109683357,0.578470445438288,1.07514030793705
3,6,0.180338142742777,0.469189657045407,1.55502357214157,0.56974793848231
4,6,0.148682415031668,0.492389586982438,2.07047001525075,0.581253497783581
5,6,0.151971086129954,0.611958698911316,1.14963868122765,0.713168057290465
6,6,0.132115116102114,0.943261384865291,0.827919049208601,1.14045629466328
7,6,0.151794143453361,0.552255406182354,1.35433398066719,0.65517872116789
8,6,0.182705038569837,0.540821288632421,1.98794642398698,0.615261354433006
9,6,0.151796864501214,0.566939848490232,1.62604568983497,0.683826693873799
10,6,0.149744519270257,0.840037423068931,0.536353503098324,0.990477046653811
1,7,0.141176056354027,-0.00580571072910389,-0.859625566767319,0.00825290689945937
2,7,0.111004142594745,-0.172361820087742,-0.744340251061995,-0.18171126348933
3,7,0.0723811867285058,-0.111073064848967,-1.13150134350381,-0.0985308369590102
4,7,0.127051956038054,-0.208285015895348,-0.668375015307293,-0.275142994589018
5,7,0.0932392322560504,-0.0332577984076739,-1.03241298988961,-0.0576859534897913
6,7,0.0849602760953918,-0.1662638902976,-0.906826517423645,-0.177985583989095
7,7,0.0560860253234678,-0.0758591211141591,-0.949535319459539,-0.0710296888648123
8,7,0.0707212653655815,-0.0814933509099276,-1.00749807183188,-0.0800740548620792
9,7,0.121169629798273,-0.0432307761220729,-0.928517179848347,-0.0711001581698094
10,7,0.10641373398899,-0.187045259485472,-0.803375918132901,-0.280653382927877
1,8,0.266027408839087,0.025088470404909,0.669985242520761,0.0218215934235335
2,8,0.206942266988885,0.403800178412274,-0.286230698011474,0.505219699510419
3,8,0.232774419722631,0.565341984552349,-0.437933484421434,0.688188513541373
4,8,0.199926641487909,0.392252468703978,-0.366342393858762,0.469318962260014
5,8,0.278763203444176,0.0191171678051203,0.845363320851674,0.0185419192933165
6,8,0.228708931365949,0.49328222760047,-0.553291881280775,0.581881420961536
7,8,0.197010283233488,0.52233356788437,-0.394541669439435,0.630436388463755
8,8,0.217306281705731,0.459204567429376,-0.253746549084445,0.536206889100515
9,8,0.265674053073825,-0.051045723202832,1.15081255741732,-0.0589606334744932
10,8,0.244122501957752,0.506743470943355,-0.311125240241715,0.610560064796939
1,9,-0.0370478044718801,0.128534812628768,0.7287544547661,0.181190802573184
2,9,-0.0506114992839353,0.178632062545272,0.75146129918964,0.215871759629693
3,9,-0.028132454323723,0.264017271266541,0.815835336802775,0.294227174120939
4,9,-0.0472740506310588,0.268015807322852,0.369245247577191,0.328992414769223
5,9,-0.0437363791309144,0.199656035393606,0.636619245816232,0.203315261079825
6,9,-0.0484198639892235,0.155193127977513,0.624581151416582,0.197072095079993
7,9,-0.0197223852758857,0.139245346236595,0.756010046476842,0.173866280293436
8,9,-0.0823970184403562,0.290308899927507,0.06626887900272,0.338498081720371
9,9,-0.0340278887318987,0.15121343057514,0.975821598232225,0.169515717598584
10,9,-0.0568690343194549,0.076150811673385,0.622285428899088,0.0732959810245994
1,10,-0.367812953723472,-0.3116548553787,0.962786506624013,-0.38646204928017
2,10,-0.460042474711691,0.320829820979388,-1.25809697413731,0.371854914863751
3,10,-0.418251385912794,-0.32888859640671,0.69407355351279,-0.399619336960455
4,10,-0.417598875300772,-0.277666233155192,0.805156194821043,-0.327021168995589
5,10,-0.39375845523704,-0.318333940605186,1.23235449758436,-0.396172116171618
6,10,-0.461749478243021,0.238881565701077,-1.03285487491241,0.249004155219952
7,10,-0.412682504858264,-0.354582399361481,1.12481680218368,-0.406646045275614
8,10,-0.378222353538094,-0.3522343193555,1.13612801283055,-0.390376222554639
9,10,-0.435621995609673,-0.382052405792594,1.09067736061105,-0.440539230211196
10,10,-0.400676825079085,0.334282121885733,-0.543354213968772,0.437858094936696
1,11,0.203863648460995,0.0757825639916854,1.09431684945375,0.0848788689230545
2,11,0.167487716990747,0.63709329518917,-0.41691890720461,0.757478268668777
3,11,0.228093407847628,0.0850097778803447,1.11805581158703,0.087785477189929
4,11,0.225225924746708,0.654461204272817,-0.229088967261227,0.799211659150085
5,11,0.269516900036605,0.180875857740546,1.12884288935126,0.192507697477491
6,11,0.184415713674447,0.727556474196952,-0.277585070922403,0.882338753185384
7,11,0.230525490673542,0.0398722790594185,1.15057437738512,0.0856144900579077
8,11,0.183861213860348,0.712013433037491,-0.334042647432587,0.843791419435958
9,11,0.245441613134551,0.104711312748501,1.22890214046834,0.131255388915483
10,11,0.1581093078843,0.669997135699336,-0.499255605926613,0.78537193761507
1,12,-0.075394254185093,0.434848312118213,0.136656350617604,0.486385376841733
2,12,-0.0847239504425986,0.45038489187512,0.103508252645877,0.517333965337875
3,12,-0.0160842171595823,0.413058507342438,1.2624040116473,0.500817880843717
4,12,-0.0548865060566156,0.618313831174035,0.351119301176218,0.724767883929483
5,12,-0.0634774432910678,0.573681832988386,0.484432251704741,0.66848239627613
6,12,-0.0365765359555371,0.537773200871348,0.522300680324302,0.645097936743751
7,12,-0.0156627110521259,0.191284874459546,1.25638813523481,0.247114891538101
8,12,-0.057674810208825,0.572201673244562,0.240311459329809,0.680364124650832
9,12,-0.0354940323311487,0.596400008007319,0.33321789123789,0.674524473128345
10,12,0.0282347034263568,0.370515807781636,1.26409535054216,0.438539711566405
1,13,0.0219716254314671,0.0274048128217128,1.02841037984907,0.00806698211832467
2,13,0.04122480375687,0.0228668852215546,1.48505858874399,0.0376927198829948
3,13,0.0177186985321078,0.0801833887277722,1.04268972555227,0.113591348741578
4,13,-7.81623789501539e-5,0.0100528030111524,1.07909928025301,0.0081611644382142
5,13,-0.0248745688685157,0.417794978237967,-0.293716556117968,0.501899065460744
6,13,0.0347316635680102,0.103548160608456,1.09435459725784,0.128217977984474
7,13,0.0363368424984662,0.148837415328582,1.1889812042211,0.155917456084232
8,13,0.0172029508295674,0.057496983259512,1.00709997260617,0.0715341034373
9,13,0.045897084687651,0.513324893364956,0.0895164243059597,0.625938985227298
10,13,0.0211658046827167,0.130522026172858,0.971832578023951,0.159919033439198
1,14,0.146363026923139,0.62843519614887,-1.16014863025971,0.742727227325742
2,14,0.170549386834049,-0.209295115046975,1.45190597009396,-0.261142287874758
3,14,0.154855675654316,0.63266623426995,-1.14542799646943,0.75740464719305
4,14,0.130992909560639,0.657977854272384,-1.25236003390576,0.795998080583221
5,14,0.153783288084798,0.596730265249131,-1.14061192746746,0.69645411905753
6,14,0.2004082115334,-0.21156638403581,2.51698972713128,-0.285679688094044
7,14,0.110449472258155,0.57735468688239,-1.27962623879228,0.700844147340396
8,14,0.134548954899026,0.626295794816284,-1.22456576418567,0.774170275561101
9,14,0.13428775128419,0.630432585247397,-1.2240386981472,0.756112692232705
10,14,0.171392514377137,-0.215144592545588,1.40305101173697,-0.227656234824215
