rep,id,eta_Cl,eta_V1,eta_Q,eta_V2
1,1,-1.83245471843284,-0.230408834558984,-0.74347518651801,-0.232200788288784
2,1,-1.86880949606116,-0.428006216104086,-0.770698036782168,-0.437971567640451
3,1,-1.85966011426177,-0.252480367570497,-0.916655627013728,-0.247724110522779
4,1,-1.78559626633638,-0.462328539658961,-0.780568582717361,-0.463406641948517
5,1,-1.85606860073762,-0.195305712051929,-1.3423126669972,-0.234299906026652
6,1,-1.85026191048372,-0.37164947976801,-0.805263599982718,-0.388991728347477
7,1,-1.87765486954391,-0.332328533197003,-0.606132695379821,-0.308191208870198
8,1,-1.8665402603419,-0.214229409367463,-0.965047213343796,-0.215563271760114
9,1,-1.80480905933935,-0.0737429720607636,-1.14183538700199,-0.0610523939271884
10,1,-1.7862303636863,-0.58095815613079,-0.586841014168571,-0.582218900202657
1,2,-0.913955237136988,0.00776822420831789,-0.249469889885087,-0.00226752007740988
2,2,-0.944698582408444,-0.0817520986164764,-0.0732027178306429,-0.0870832099460643
3,2,-0.905827679815334,-0.0949988699149896,-0.247076620901195,-0.0782565165664714
4,2,-0.91046303986199,-0.056832145163715,-0.309522223314868,-0.0505549430642102
5,2,-0.94550711777794,0.0721871307960974,-0.521122251680422,0.0880409526626274
6,2,-0.928984474085957,-0.0329287076848035,-0.537291390175436,-0.0131266856763947
7,2,-0.951374453528397,-0.268986343987366,-0.105432574800746,-0.278897502642326
8,2,-0.924912404174897,0.000758356653744831,-0.393313772064601,0.00104500722046984
9,2,-0.913183110525666,0.10771460679398,-0.62313679508234,0.103866402517739
10,2,-0.969552822409467,-0.227756088100469,-0.0460961552555784,-0.222134794437797
1,3,-1.01024745246223,0.231155396754323,-1.22505055855992,0.215739822090733
2,3,-0.976283024004137,0.243913514587904,-1.03537862134128,0.265264825544726
3,3,-0.965235142017491,0.00874635195091476,-0.645057973211886,0.0298912194732425
4,3,-1.03741776705524,0.0527056186873587,-1.11167485535009,0.0557201601549405
5,3,-0.970264702096613,0.0839802658585506,-0.554061017627097,0.101544255797301
6,3,-1.01744319124761,0.286174484824303,-1.30754510954931,0.316271679301402
7,3,-0.956969047387196,0.1071171340107,-0.639146399019456,0.117562756462079
8,3,-1.00446290201635,0.106287397527438,-0.79769140532654,0.0993326274840342
9,3,-0.973792183754954,0.0865547162871624,-0.83312472857774,0.11169940216857
10,3,-0.971596692105546,0.159653482275908,-0.885719773321876,0.17535518452845
1,4,-1.18349051899876,-0.201773714342131,-1.23278474548039,-0.194860134856144
2,4,-1.1965635616326,-0.452046033117661,-0.485124934746425,-0.475214667142376
3,4,-1.17417612728949,-0.404030379333489,-0.457708930622026,-0.397534200138049
4,4,-1.21150890098571,-0.510443711439491,-0.41082271831385,-0.517840750397424
5,4,-1.17126720852804,-0.219999321540105,-0.993186156613593,-0.214916052404237
6,4,-1.20750444957448,-0.486279856437481,-0.383943737155614,-0.466364193147802
7,4,-1.16958674393569,-0.421557405921979,0.180039244332116,-0.409269451213357
8,4,-1.19185471460398,-0.457835112983716,-0.236505719488765,-0.465727595330826
9,4,-1.17529561063897,-0.382337277577298,-0.653917533800908,-0.396835664577756
10,4,-1.21738799930697,-0.500086181174976,-0.491307242125533,-0.515534018008017
1,5,-1.26976746556896,0.066307417855954,-0.522987391772575,0.076724121876747
2,5,-1.2840293989193,0.105314383534256,-0.797270213196065,0.123494890168735
3,5,-1.25167165776704,0.0530965725059729,-0.342999089340224,0.0585034653954026
4,5,-1.32013826605277,-0.0444115605716955,-0.648969688304932,-0.0344981371759073
5,5,-1.2505482682174,0.0263981087529134,-0.102382673021545,0.0312387140372603
6,5,-1.27643874706741,0.0617229358086655,-0.487368968406723,0.0481093336151115
7,5,-1.31690506774679,-0.116548765427885,-0.393220805611581,-0.129253675959895
8,5,-1.30020928574045,0.0231482415467255,-0.0903583548872574,0.0295781087786002
9,5,-1.29711178993159,0.0290770509657322,-0.447937869166274,0.0317559673792278
10,5,-1.33872267946752,-0.276543479694255,0.158449600257654,-0.264509048555348
1,6,-0.98039363319712,0.346164931544346,0.579083609979648,0.3588453972153
2,6,-1.03114518651494,0.198068408418281,0.603380440530883,0.193163706160263
3,6,-1.03033893226186,0.299767113532877,0.522256008940995,0.302132680164989
4,6,-1.03505722567828,0.304576144456323,0.29388272332997,0.302791286782918
5,6,-1.06417200562784,0.262258906055997,-0.00971145123587516,0.260909921224919
6,6,-1.01637503871019,0.360179579358071,-0.189091537020793,0.366885165853594
7,6,-1.07941207993989,0.307022672561938,0.285225918911423,0.300107144433564
8,6,-1.04625109682485,0.31660502568151,0.143185337550273,0.332549959975765
9,6,-1.0007831358426,0.369197524064641,0.368442917296185,0.375335666823496
10,6,-1.01472575270568,0.358677586509746,-0.162070075774727,0.354039664056805
1,7,-1.09927786777139,-0.646371275204864,-1.8146362290139,-0.638874241498337
2,7,-1.02581277930322,-0.597847146265097,-1.63521309783475,-0.594564217526936
3,7,-1.03139167659328,-0.676063027125974,-1.40380819556085,-0.673934712822825
4,7,-1.07919022524606,-0.53359442805016,-2.04361696907841,-0.530081133922368
5,7,-1.0510835374675,-0.583587215526494,-1.76397417907242,-0.622836961175202
6,7,-1.08030962704991,-0.591212407820576,-1.77048669332233,-0.591919802705026
7,7,-1.09054859740196,-0.657532434488965,-1.53670612217949,-0.692210938675728
8,7,-1.08629720072648,-0.591090746835566,-1.84242765530154,-0.606852620769578
9,7,-1.04680419317361,-0.500160794812149,-1.81352715028924,-0.514187083513629
10,7,-1.05310984587572,-0.600408620125459,-1.50897019383525,-0.628496137071523
1,8,-0.929251534661461,-0.0514351141792461,-0.967678941367061,-0.0552782488123393
2,8,-0.967703281200651,0.0147266849969489,-1.35786914258803,0.00958507099604849
3,8,-0.941460005815151,-0.0932306301457337,-0.978426227515553,-0.112003216289682
4,8,-0.961646315369485,-0.0422710907549733,-1.16183816803084,-0.0226397788315017
5,8,-0.940204898334135,-0.213531226957582,-0.507999727445618,-0.222216460914246
6,8,-0.905700745328591,0.0478622270927844,-1.09890773123295,0.0328100353520959
7,8,-0.95221435520514,-0.150403619363862,-0.884319708455781,-0.158363834492207
8,8,-0.937884529397106,0.0225191628750749,-1.27314827717874,0.0196424158379388
9,8,-0.880300054289922,-0.11960846212302,-0.566778815385798,-0.107096171982084
10,8,-0.948192495332658,0.0136565880569625,-1.0503737368791,0.0121067584108323
1,9,-1.24248173211621,-0.0825649843162041,-0.490130672858823,-0.0916373283208752
2,9,-1.23867555218289,-0.135450112075024,-0.612978906836165,-0.129318718912421
3,9,-1.21780069833803,0.112597729080443,-1.01673383929975,0.111205761790669
4,9,-1.23561399436716,-0.0936179883100119,-0.55499660289501,-0.101374825735943
5,9,-1.22714728920577,-0.141096869736745,-0.277503533878898,-0.161366877933707
6,9,-1.23961785945988,-0.0597527742243469,-0.627554723065642,-0.0735335135389439
7,9,-1.23249275657284,0.118516988180144,-1.24029708785907,0.105827638723969
8,9,-1.28313658287337,-0.107212076655076,-0.836004394611952,-0.103012418541183
9,9,-1.23762928380065,-0.00745199731575099,-0.557285776472355,-0.00727985705827959
10,9,-1.20575899508481,-0.0766089441246499,-0.427286586277602,-0.111447452151048
1,10,-1.54233945811836,-0.213645164685017,-1.41587254269887,-0.2481374098948
2,10,-1.55827138143011,-0.24088036282279,-0.999894753146194,-0.255013380667457
3,10,-1.61342964103393,-0.658646579591535,-0.259344782910207,-0.685001414259031
4,10,-1.5367045625506,-0.45697975527802,-0.314291919494962,-0.48196036052029
5,10,-1.59732575309205,-0.460209285053488,-0.646438589686377,-0.464201196312865
6,10,-1.60508486783945,-0.177674269629016,-1.87756309520882,-0.197032440344853
7,10,-1.57287716262898,-0.461510423521811,-0.288177602627567,-0.481453804525822
8,10,-1.5538136299694,-0.524705777155556,-0.321827241029454,-0.518911463036808
9,10,-1.55156943555768,-0.387492823507238,-0.224110586285416,-0.394214726567336
10,10,-1.60114042056484,-0.200405990921391,-1.80702179182382,-0.210122832132286
1,11,-0.894360247580915,0.0983924704653056,-0.293300903899427,0.0825844650621383
2,11,-0.951893705871937,-0.0799670427524097,-0.0801759037200995,-0.0783650543483787
3,11,-0.985247800878052,0.0389176140142824,-0.727609253368963,0.00891946428175489
4,11,-0.980511367882185,0.0128658458831763,-0.824098879427423,0.00723333524706056
5,11,-0.930925774007688,0.00777454534920877,-0.307399187068498,-0.000981597533159434
6,11,-0.94887827596504,-0.00249809377526936,-0.611987055896373,0.00385808409850213
7,11,-0.954644102779092,0.10406360650309,-0.683914151111701,0.12398701104398
8,11,-0.913046760397639,0.0909304624460896,-0.352651484957309,0.104344721564112
9,11,-0.991749459252771,-0.145679016494546,-0.201895187015638,-0.151155101441118
10,11,-0.977578240703633,0.207240801768462,-1.33696845584782,0.237495516260296
1,12,-1.22116310324166,0.176013837772978,-0.545820376107829,0.199809645645018
2,12,-1.2172044184883,0.0200222540912796,-0.300193587375852,0.0419203111555328
3,12,-1.21248063561531,0.114687728314641,-0.415149416680725,0.12318220729382
4,12,-1.20446894559858,0.165403329325593,0.246614004607406,0.165806649575428
5,12,-1.23631621870176,0.162160494302738,-0.602247928845518,0.157267143691061
6,12,-1.18032532000975,0.12563295698615,-0.707141567621772,0.139108288827656
7,12,-1.21539330479275,0.113673805898706,-0.673295186576142,0.12671465604019
8,12,-1.233221107727,0.11113177452545,-0.610920717857935,0.123528919471999
9,12,-1.24684357636763,0.106856349429674,-0.637457021515759,0.110772959100861
10,12,-1.21278703824623,0.216283693203819,-0.953070851021753,0.2287780162773
1,13,-1.1564202195779,-0.145363134112439,-0.171979012006591,-0.131396365007695
2,13,-1.13288217995498,-0.0727236820729128,-0.237123666038237,-0.0822686371979279
3,13,-1.15896370731039,-0.201217711198433,0.186731899530983,-0.194168705724591
4,13,-1.15334364942589,-0.261081688474601,-0.164124274126444,-0.240545734831952
5,13,-1.15206328477074,-0.14871601705143,-0.693349201565667,-0.162936636821997
6,13,-1.12627414416327,-0.103676099375658,-0.267018725119008,-0.123182417411805
7,13,-1.17971505497096,-0.299214709065847,0.294981381527103,-0.287386406226178
8,13,-1.13990194924339,-0.142220235120197,0.0872576371648541,-0.154783621584918
9,13,-1.15707042511675,-0.0879529591064996,-0.06136968506295,-0.081531579614816
10,13,-1.11862646154222,-0.0876989322460624,-0.215012376568444,-0.0814578657943647
1,14,-0.99877949431227,-0.322587891633744,0.399935804172913,-0.337438618871031
2,14,-1.00599834933285,-0.404090531040838,0.490917134630298,-0.405544641008613
3,14,-1.02586293056959,0.178847108392093,-2.2308633058531,0.183575028774856
4,14,-0.942753198405891,-0.297159340344314,0.147203302503675,-0.323830187314239
5,14,-0.934942209417962,-0.199646693194927,0.28708264387886,-0.193143111905669
6,14,-0.977022968384495,-0.370502542577585,0.932844605247861,-0.359245464330227
7,14,-1.03793240382333,0.11204869713111,-2.14027220225333,0.127155858701551
8,14,-1.03270824560622,-0.462839600325778,0.914904532737465,-0.462942001118534
9,14,-0.990941826595798,-0.364670750887277,0.75260416984512,-0.374012428616343
10,14,-1.0010951737289,-0.344670211546796,0.249866400003266,-0.34321899727986
