rep,id,Cl,V1,Q,V2
1,1,5.15160597451735,33.9507896506655,11.4700021566493,40.3968684845999
2,1,5.58546258601027,26.2030053679334,27.1341853870134,31.1962490008637
3,1,5.43571905357619,34.3522676094697,11.3997138361371,40.2245331200593
4,1,5.72197280422898,33.7693671669376,26.2477463008061,39.5944419306289
5,1,5.71268841329938,27.6295187065588,21.5135058470597,32.4026481567255
6,1,5.57321161172069,25.2482047258641,22.0131829743251,28.6189862658221
7,1,5.39170917481984,35.5489402742372,17.4282930857974,43.0820967943695
8,1,5.36957906013469,33.7314115391342,15.2611501843196,39.8930786430923
9,1,5.2091620147727,30.3414166418541,14.9118898025807,34.9116019734969
10,1,5.52123133393037,24.5057185582395,14.1629982000589,27.0280188945833
1,2,13.9436379302521,43.8666572955096,17.9668978202781,55.1705562202234
2,2,13.4159004487707,35.3585267280929,26.1640004815047,41.3940739757066
3,2,12.6693153623697,49.3088320610047,7.30797493318688,64.1261787626509
4,2,12.9066007446388,53.8132182639759,6.75870085263521,70.8650166947828
5,2,13.1378554076061,46.9320181397257,8.61313401212848,60.5116681346552
6,2,12.890599117798,46.1656383960801,11.2967364666154,58.6538694146346
7,2,13.4655810826794,53.9592530925632,8.7067920129889,70.128976711136
8,2,13.1445448860604,49.9023754267326,7.74254752271618,65.391789916481
9,2,13.7525261577823,40.6755684440931,19.8653424442522,50.6254792550163
10,2,12.6916738648995,48.9813795037342,7.91149273177632,63.7839173125025
1,3,13.3318920470861,55.8315923201652,10.8746034281436,73.512239945436
2,3,12.991285426099,62.9821890416092,9.36089858535828,81.1667075074182
3,3,13.2207150091194,57.2736551564544,11.5170491877676,75.3523254513937
4,3,12.6106385110337,49.2818451425945,9.99546692221756,62.3798732087307
5,3,12.8834430144285,53.214695368576,12.0187161640489,69.7044748059237
6,3,13.0138358705983,51.5394255050435,12.1973287164132,66.5084903424563
7,3,12.3067220932008,52.2236855155946,11.2345081799848,68.7471956313052
8,3,12.3929848746404,55.2767560410332,9.05935675209482,70.5689434546721
9,3,12.7387100083019,53.8690543168702,10.4841351231151,69.9507509315294
10,3,12.8094086030191,57.1655116250124,13.2536007101325,76.262532189099
1,4,10.0871482235609,44.3284365053166,3.86198189067077,54.1978973617769
2,4,10.4840055295929,23.9283870787073,36.1801574113444,26.6988295647771
3,4,10.076036317349,42.9675994798752,7.92924093680768,52.1744544957216
4,4,10.3797629485111,28.3697906616384,22.8639986725927,32.4507674313592
5,4,10.408845524735,43.479214186005,6.27611274764184,53.5106574165193
6,4,10.3803409662803,27.1588845377145,23.9491776523967,30.7964449965814
7,4,9.91579064228113,41.7101498186303,3.87777402661086,50.7218589827483
8,4,10.3608556562192,27.2382889554327,23.4427051788979,31.0853175579156
9,4,10.2876378207727,38.3303986071724,8.71472205282029,46.3671700486825
10,4,10.7798638122909,26.5505673998462,27.908548803232,29.090711740314
1,5,9.48400769592028,42.2732014355341,20.402220666645,53.5412907106348
2,5,8.97403680578898,44.2806010151232,13.335416961747,55.4905655344027
3,5,9.35584952387603,47.7921678538323,15.8391578460773,61.4373905651572
4,5,9.17138036785169,40.308401563053,17.9959009772329,49.13027128823
5,5,8.99661235573082,34.906460671221,22.0425671723794,41.8667871591486
6,5,9.0994404975381,39.310639115771,21.7093069676757,46.3200248746813
7,5,9.5534507993552,49.367719128869,15.7149029338941,62.8188256805466
8,5,9.05033637904196,38.3479508203863,18.1527814857188,45.7715524382715
9,5,9.44822122444819,42.1474253911884,29.2617922614768,51.3504957509575
10,5,8.82105053205168,39.2231926777724,19.1394475889318,48.5459154595019
1,6,12.0463803695967,47.026606472505,54.3548758510914,60.3551047786074
2,6,11.6876535480448,68.0873107672133,20.388569364352,93.5265064755104
3,6,12.1792801694042,51.4154721320396,37.8711104754934,65.3334488617187
4,6,12.2316555137371,52.7324474652238,67.5756301588589,67.075233521143
5,6,11.508220212406,46.0144811811014,60.2031943914532,59.2825644362735
6,6,12.0916428741176,76.4215112972319,21.5619103255884,103.864329606058
7,6,11.7810066036488,49.2972118790725,36.6202024573248,61.8091579268475
8,6,12.1770435744379,53.6961620871104,43.4005350058401,70.3440242471655
9,6,11.7656975004483,45.4637758233504,52.1943543071119,57.4742073725164
10,6,12.3830161228791,84.8789397698363,25.2275730901877,121.018577572759
1,7,12.3282492551583,25.4270030263412,6.8919716439466,28.5650648282234
2,7,11.6678094556823,24.2999425072316,5.99147946526931,26.3367897374376
3,7,11.5562468499268,24.3318714421568,4.67383316356794,27.2920934492932
4,7,12.2289417833021,24.8483640987321,7.18448004544695,27.655398004492
5,7,12.3250952766807,26.9972290470713,6.63340630662731,30.816106381983
6,7,12.2377332398646,25.7917652839162,6.33225812997718,29.0393150768105
7,7,12.0718443312417,21.9293979895023,9.28692890245176,24.0122377423527
8,7,11.02112839832,25.9130750321596,3.41799732087957,29.3125596568839
9,7,11.1195030786978,24.9295833060864,4.40673066506045,27.6887702490741
10,7,11.3146826848738,24.963987778416,4.35592146222273,28.1857505679113
1,8,13.4205722051849,34.3873157098056,17.2875481612865,41.2934072570331
2,8,13.5190862451529,39.8980595746463,10.0346440434124,50.1026396897563
3,8,13.9535826905328,42.9855489206002,15.01234642784,53.3733383219628
4,8,13.2708705392778,30.9141719600238,24.2061869865808,36.2682731850824
5,8,13.4588365106243,38.2019925090967,11.9744337568709,47.2827187397025
6,8,13.8085155128325,45.9204320800265,10.765050528214,58.6039723896009
7,8,13.113557287162,43.1095466896158,10.4865620004934,53.1460873328275
8,8,13.5010899461409,34.8064040906447,15.5845728610922,41.427178728427
9,8,13.2021390630976,39.5159827993179,10.4494061474216,48.9451589573533
10,8,12.9991129821869,36.9745776270551,12.2769976293502,44.1170917295025
1,9,9.70113435370318,33.964247277492,24.5519813200872,41.0388768677884
2,9,10.0191290045864,41.3720818924327,16.4690910418325,52.0022002761064
3,9,10.5025307846874,39.0635514072273,22.4933122440761,47.5123642954364
4,9,10.0599846889272,36.5525093350876,21.2095425583469,44.637316687965
5,9,9.96604151352549,41.3336488494094,19.4702752730918,51.4754934189311
6,9,10.140241403559,40.9825696036401,21.7350132198694,51.4278908059221
7,9,9.98546043842695,47.6340136856509,13.2939349584971,59.9663788625428
8,9,10.3391093093529,36.794961556034,29.7227225333263,45.6280404638772
9,9,9.79052526235644,45.0714734198827,15.5714893128115,57.0226744745964
10,9,9.8257863774418,40.0453869692499,18.7558379616052,47.9077245575991
1,10,6.87374448101253,23.8626978092928,18.1986776081425,25.941190998945
2,10,6.80003693392825,36.7622360908382,5.12056019845485,44.4108111005078
3,10,7.00025633566213,25.0278680723334,24.0543589780334,27.1824460661037
4,10,7.05095443299143,27.027019046583,14.6933736134485,31.2454290019089
5,10,7.1345002891732,24.681726339992,14.7204175881192,27.2410730739552
6,10,7.17843221933672,34.9066800138714,7.65163952629484,42.3864089214734
7,10,7.06341059515402,22.7474473764446,22.2324325512364,25.3043981259296
8,10,7.19407042418962,27.6007573422735,11.178512549257,31.4993154004202
9,10,7.55959342591946,24.9507091692001,29.6560956163581,27.6218910114559
10,10,6.66967472744348,38.6846287212238,4.09228733764113,47.8799718543237
1,11,13.2562802808663,45.2155339372227,16.1208434063326,57.7563184118966
2,11,12.8340375453244,46.9763408282271,14.5374153135714,57.7541716634516
3,11,13.2546452099156,43.9348462474019,26.0575319414228,55.4836735319603
4,11,12.8565014492572,36.4471674802933,27.96167110456,43.8874224436064
5,11,12.733453261899,44.217694353217,11.5972112777775,55.1153551329784
6,11,13.0965198411445,51.3100007817949,10.2364944647008,64.4110277190258
7,11,12.5533682639329,54.2558791259022,8.78524627530914,70.2289590844517
8,11,13.2391480550472,37.4687352887106,21.3038357480451,45.4059843365608
9,11,13.570533695989,38.5548004754451,26.6888523128125,47.1013747304194
10,11,12.8792476626516,48.1900346433644,15.1245782100242,59.8550468600664
1,12,10.0351933232296,51.7407405968662,15.3559472184881,66.3658466320429
2,12,9.99209552742492,42.4374997394953,21.9213028722828,51.9480729640597
3,12,9.9637766176885,49.0757808949685,25.5036452772508,62.1438268057241
4,12,10.1479733721221,45.7970243578646,17.8201788191722,55.7576477556147
5,12,10.1185895329931,45.4603669505248,18.2861070070889,55.4482561248778
6,12,9.8770990919752,48.021604316332,18.1464146917803,63.1757717949966
7,12,10.5704459019528,42.079206993431,33.7242885690162,51.1162111455446
8,12,9.90612653542302,45.2959257517611,37.6839870234977,57.2924414589674
9,12,10.2357370474066,44.3276470356104,28.9459105791709,54.8229355881868
10,12,10.2973354646812,50.0633294461838,18.4344949814551,64.1959247365808
1,13,10.3287203606968,50.7400130402049,9.64767677933764,65.4116885071832
2,13,11.0422555483008,37.7554563523591,31.9214116282788,46.2319625764544
3,13,10.6331744914409,36.614824857908,21.9158216520099,45.1587378393636
4,13,10.0795724985844,39.8535438163791,10.9250864314074,48.6567293168369
5,13,10.8114240203053,56.5248741107954,9.25998483085607,72.7336457307857
6,13,10.8165492381521,38.8892917960572,28.5934663910061,45.944475411809
7,13,10.6897504139067,32.1572635508063,33.6590921282708,37.8406351832099
8,13,10.675811514668,37.4896682226041,23.9628352973112,46.1028294330273
9,13,10.2426228992324,56.0130049256054,9.07706033764462,73.6531493359399
10,13,10.5113354244417,40.3734851119007,19.2619497098703,50.6374436467166
1,14,12.2386470576871,50.2092234760195,3.42670091298336,65.2058583678591
2,14,12.5522402906017,28.7931436740725,89.1095810772868,33.5782997472991
3,14,11.901353281961,48.5683958109767,2.66124719344334,64.0650974946173
4,14,12.8035428697152,27.2546144162475,49.5698094535758,30.8911585340856
5,14,12.5157361396911,48.0999773716609,4.31175879965963,62.5425327954181
6,14,13.1191465230428,29.0727148301547,63.3880685512051,33.1171709153094
7,14,12.0534647247475,50.7656095960421,2.56040558477067,65.0064615231678
8,14,12.7694611894916,29.5628447780163,44.4811420388782,34.7080996774281
9,14,12.2514677066749,48.4900583497783,3.52250460122352,62.4636713566007
10,14,12.8441215513042,26.9195291957496,60.0377145379183,29.9374054076624
