id,time,y1,popPred_medianCOV,popPred,indivPred_SAEM,indivPred_mean,indWRes_SAEM,indWRes_mean
1,1,17.266,16.3783,16.3783,16.3731,40.9414,0.175611,-2.85531
1,2,31.008,22.5974,22.5974,23.1593,55.2272,0.965159,-1.90886
1,4,19.578,5.24199,5.24199,5.59185,35.229,4.14404,-1.94277
1,6,12.772,2.52048,2.52048,2.34856,28.6404,5.60033,-2.67064
1,8.25,10.534,1.59107,1.59107,1.43249,24.0482,6.59819,-2.7298
2,1,15.464,16.4125,16.4125,15.8423,21.0503,-0.0799322,-1.01989
2,2,29.518,22.6445,22.6445,22.4251,30.9555,0.908835,-0.15725
2,4,16.62,5.25292,5.25292,7.04567,15.4267,2.83809,0.246397
2,6,10.238,2.52574,2.52574,3.99031,10.0644,3.11603,0.0565449
2,8,8.79,1.66794,1.66794,2.70422,7.60673,3.89835,0.478137
2,10,7.432,1.17738,1.17738,1.89428,6.09728,4.52059,0.654636
2,11.5,7.006,0.913999,0.913999,1.45608,5.23982,5.19544,0.960629
3,1,18.59,16.3537,16.3537,16.4119,21.077,0.412119,-0.415234
3,2,29.82,22.5634,22.5634,22.6943,30.8556,0.903044,-0.112901
3,4,16.486,5.23411,5.23411,5.43233,16.2712,3.67129,0.043379
3,6,9.902,2.51669,2.51669,2.66781,10.9488,4.33712,-0.332325
3,8,7.63,1.66197,1.66197,1.76567,8.4236,4.84004,-0.327229
3,10,6.4,1.17316,1.17316,1.24256,6.84996,5.42066,-0.224699
3,11.5,5.928,0.910726,0.910726,0.961743,5.94912,6.01451,-0.0117592
4,1,29.86,16.4102,16.4102,17.4338,27.2838,1.77955,0.298383
4,1.58333,34.862,20.6522,20.6522,21.8877,35.2752,1.53933,-0.0389677
4,3.58333,23.5,6.66165,6.66165,7.23348,22.1086,3.89663,0.201844
4,5.58333,17.078,2.82387,2.82387,3.28921,14.0104,5.44718,0.654768
4,7.58333,13.922,1.80135,1.80135,2.04707,10.5072,6.33981,0.930625
4,9.58333,12.576,1.26381,1.26381,1.34713,8.36894,7.38732,1.34684
4,10.1667,12.158,1.14439,1.14439,1.1948,7.86573,7.67237,1.44012
5,1,22.654,16.4135,16.4135,16.3062,25.5833,1.08733,-0.402141
5,2,31.134,22.6459,22.6459,23.2095,35.7407,0.971414,-0.456341
5,4,18.28,5.25323,5.25323,6.39661,21.285,3.47253,-0.503312
5,6,12.86,2.52589,2.52589,3.07042,16.2007,4.73671,-0.763707
5,8,10.064,1.66804,1.66804,2.04427,13.4254,5.27118,-0.953041
5,10,8.882,1.17745,1.17745,1.50396,11.3915,5.87305,-0.822921
5,11.05,8.614,0.985961,0.985961,1.29424,10.4802,6.26838,-0.648516
6,1,17.242,16.4159,16.4159,15.5212,19.3735,0.347711,-0.385457
6,2,24.78,22.6493,22.6493,21.0682,26.315,0.536643,-0.198767
6,4,16.326,5.25402,5.25402,4.37679,16.1224,4.35354,0.0414935
6,6,11.786,2.52627,2.52627,2.05656,13.0057,5.77369,-0.32565
6,8,9.736,1.66829,1.66829,1.32006,10.906,6.60799,-0.375293
6,10,8.518,1.17763,1.17763,0.895526,9.18706,7.4492,-0.250059
6,10.5,7.178,1.08199,1.08199,0.814132,8.80247,7.19829,-0.674674
7,1,14.454,8.70508,8.70508,8.72756,17.6748,1.66836,-0.665269
7,2,25.028,11.7448,11.7448,11.776,24.9236,2.4933,0.0138197
7,4,27.162,13.9515,13.9515,13.9248,31.458,2.20959,-0.485589
7,6,11.73,3.89011,3.89011,3.87427,12.3988,3.66352,-0.183383
7,8,5.516,2.09726,2.09726,2.09999,7.05408,3.19369,-0.813379
7,10.25,3.484,1.36172,1.36172,1.43014,4.77787,2.94463,-1.04441
7,11.5,1.284,1.09829,1.09829,1.19232,4.02202,0.24497,-3.77599
8,1,16.634,16.4128,16.4128,16.2012,22.2959,0.0871798,-0.968817
8,2,28.006,22.645,22.645,21.7875,32.7847,0.830347,-0.521001
8,4,12.792,5.25302,5.25302,5.22724,15.1608,2.95959,-0.56185
8,6,7.65,2.52579,2.52579,2.84348,9.5875,3.27291,-0.746582
8,8,5.14,1.66798,1.66798,1.77937,7.1237,3.5081,-1.07934
8,10,4.394,1.1774,1.1774,1.12849,5.61235,4.49547,-0.809335
8,11,2.782,0.994261,0.994261,0.899198,5.02167,3.73505,-1.95311
9,1,25.77,16.4135,16.4135,18.256,25.7937,1.14,-0.00304128
9,2,32.7,22.6459,22.6459,25.0593,36.2105,0.880109,-0.337231
9,4,19.098,5.25323,5.25323,5.75524,19.8422,3.96671,-0.126427
9,6,14.928,2.52589,2.52589,2.82317,14.9197,5.50748,0.00183746
9,8,15.156,1.66804,1.66804,1.86849,12.053,6.92253,0.7576
9,10,10.244,1.17745,1.17745,1.30957,9.86247,6.80257,0.125522
9,11.5,10.138,0.914054,0.914054,1.00958,8.49838,7.62855,0.583414
10,1,28.208,16.4187,16.4187,16.6182,34.2798,1.74978,-0.644706
10,2,41.59,22.6531,22.6531,23.0815,50.1875,1.94729,-0.621415
10,4,27.604,5.25492,5.25492,5.90249,30.2359,5.1014,-0.301166
10,6,21.472,2.5267,2.5267,3.02724,21.1952,6.47882,0.0429119
10,8,19.442,1.66858,1.66858,1.99061,16.513,7.53673,0.539995
10,10.25,23.238,1.12893,1.12893,1.31062,13.3687,9.50871,1.82837
10,11,16.666,0.994619,0.994619,1.14293,12.5725,8.86214,0.932129
11,1,19.056,16.4177,16.4177,15.8113,21.2796,0.617286,-0.364983
11,2,33.526,22.6518,22.6518,21.7461,30.7601,1.43158,0.284747
11,4,17.118,5.2546,5.2546,4.68132,15.4822,4.28775,0.332164
11,6,22.562,2.52655,2.52655,2.09712,10.6333,7.85655,2.4878
11,8,10.328,1.66848,1.66848,1.38975,8.26244,6.63306,0.737928
11,10.25,8.992,1.12886,1.12886,0.97256,6.48624,7.35539,1.08025
11,11.5,6.922,0.914292,0.914292,0.804948,5.70102,7.11571,0.641762
12,1,27.146,16.4125,16.4125,16.2359,23.8565,1.69984,0.427174
12,2,37.604,22.6445,22.6445,22.7611,33.2739,1.66032,0.404578
12,4,21.9,5.25292,5.25292,6.65995,19.5858,3.93662,0.369345
12,6,18.666,2.52574,2.52574,3.67988,14.9584,5.37006,0.732288
12,8,15.704,1.66794,1.66794,2.39599,12.3857,6.21764,0.785006
12,10,12.04,1.17738,1.17738,1.60029,10.4632,6.67378,0.464213
12,11.5,10.08,0.913999,0.913999,1.18536,9.25066,7.07875,0.283937
13,1,26.226,16.4187,16.4187,16.4384,23.9825,1.54482,0.29574
13,2,40.09,22.6531,22.6531,23.1677,34.1736,1.81348,0.528044
13,4,19.922,5.25492,5.25492,5.62742,18.6207,4.18068,0.223392
13,6,16.372,2.5267,2.5267,2.47075,13.4868,6.25379,0.641106
13,8,17.376,1.66858,1.66858,1.58255,10.8131,7.92385,1.56862
13,10,13.73,1.17783,1.17783,1.13782,8.91534,8.23609,1.42802
13,11.5,12.168,0.914347,0.914347,0.904901,7.753,8.59415,1.49058
14,1,18.508,16.4128,16.4128,15.1206,22.9341,0.668506,-0.709098
14,2,30.042,22.645,22.645,21.7748,34.7175,1.06435,-0.478359
14,4,14.706,5.25302,5.25302,6.51898,17.3433,2.69041,-0.54549
14,6,11.446,2.52579,2.52579,3.23887,10.4914,4.17487,0.287978
14,8,7.33,1.66798,1.66798,2.13153,7.42535,4.08465,-0.0427399
14,10,4.846,1.1774,1.1774,1.5305,5.78115,3.81156,-0.583522
14,11.1667,4.216,0.966741,0.966741,1.27598,5.11737,3.95249,-0.640756
