rep,id,eta_Cl,eta_V1,eta_Q,eta_V2
1,1,-0.446423841432114,-0.128040182145412,-0.557897612459066,-0.122823671205871
2,1,-0.506236713826472,-0.194313864746442,-0.860130839878964,-0.175461179576637
3,1,-0.541298130802758,-0.0920323315044347,-1.58416965460502,-0.0824276971798183
4,1,-0.492272665336183,-0.0877181062480075,-1.26274874929749,-0.0790688158217785
1,2,-0.0420474312220944,-0.00823100241257269,-0.0335335289575771,-0.00107603340037388
2,2,-0.0654857249143421,0.0451339048229666,-0.126651735523567,0.0318616870650126
3,2,-0.0458155992069971,0.0121442639858214,0.0275838205197207,0.0159862844721914
4,2,-0.0794806146115787,-0.109479637517111,-0.0297675749003641,-0.105583070618003
1,3,-0.0921797217832594,0.022830296476597,0.56915691246968,0.0231570442459375
2,3,-0.134449491011581,0.0206134203256685,0.336384236587185,0.0170613565800171
3,3,-0.101828649006499,-0.0685078007440283,0.790386475092222,-0.06866341494701
4,3,-0.130414063712031,0.170318960405702,0.182147638964185,0.161858557348056
1,4,0.11954200298638,-0.101949388527729,0.166747271510238,-0.0955754281271917
2,4,0.141342554635099,0.0463825647693827,-0.0360536234723901,0.0470564201138921
3,4,0.11185855459584,0.0112780860935113,-0.0102087342420962,0.0125137298633091
4,4,0.124319821614043,0.117503166612364,-0.198215205146905,0.107703967717419
1,5,-0.0395001618499728,0.0271633044901334,-0.890332709614716,0.0213989494883338
2,5,-0.105174031266151,-0.150608143833524,-0.729240164088666,-0.136389854004603
3,5,-0.173467009927187,-0.168457450953035,-1.21342718400378,-0.1616217470054
4,5,-0.0639858074437405,-0.102314205422929,-0.72407462201853,-0.0923654182475757
1,6,-0.0993093285992355,-0.04581536594447,0.207502254708495,-0.0420426865618855
2,6,-0.0910201038609348,0.0433420928978743,0.223344521871922,0.0370810639284942
3,6,-0.0818572010450715,-0.0360116192166173,0.299847053039538,-0.0253060903226219
4,6,-0.136538476860481,-0.156665626149724,0.274975278502265,-0.139257266912304
1,7,0.0732895272412237,0.229927596677857,1.3439041983848,0.205372221407933
2,7,0.104383577826396,0.358285752041141,0.889630720956495,0.334590049336291
3,7,0.0994773807653906,0.207323553202147,1.2807693327726,0.190526728146493
4,7,0.0577814053101349,0.0878711769066509,1.09917316660216,0.0861180674396418
1,8,0.076281009378242,0.0678573687475645,-0.438471906468993,0.0639932636915974
2,8,0.13136565762004,0.0537536454284742,-0.121897019494188,0.0492662001990989
3,8,0.171245247821921,0.106646543428947,-0.0490949564015388,0.0953600216764698
4,8,0.202140886557317,-0.00793859948246567,0.662062426391901,-0.0109253073918061
1,9,-0.104518161668256,-0.137021599265796,-0.280455365902148,-0.120915249273062
2,9,-0.0594189068381172,-0.218873923816048,0.81834874055448,-0.190177210310205
3,9,-0.0409315724463253,-0.0862921490247195,0.568366410442738,-0.0799504515892902
4,9,-0.068340113166774,0.0600128906185531,-0.0988648695227672,0.049749219200812
1,10,0.124370935837161,-0.0365237097794582,-0.0265521294104585,-0.0299239343702125
2,10,0.118346943231066,0.153768999211572,-0.376019116858592,0.132157435957618
3,10,0.162010993815568,0.126523965258439,-0.21538080352167,0.120495744115848
4,10,0.110108161720472,0.104625147118935,-0.402521145838537,0.0910975675147121
1,11,0.167541021017027,-0.123094725050831,-0.303141437244227,-0.110121879456806
2,11,0.173033815607035,-0.104337653281531,-0.281255439261726,-0.102568850685347
3,11,0.188139980319317,-0.0460719886273635,-0.319848075194898,-0.0442887408974806
4,11,0.185260972790609,-0.197958099705529,0.157323041755201,-0.186968107693582
1,12,0.0984500750445969,0.0288771185982708,-0.0947703759178862,0.0203180599672539
2,12,0.0928043488226502,0.050453390671557,-0.214558528266898,0.0366093349521837
3,12,0.155832835115912,0.0341487837840164,0.23870076568987,0.0245462152029483
4,12,0.135651010267232,0.074231674617482,-0.125437399026952,0.0727666815583787
1,13,-0.159391671757711,-0.148967687527769,0.483070090062721,-0.143410731181401
2,13,-0.170145232896283,-0.0260301589859813,0.305587993312583,-0.0160196396826189
3,13,-0.188773416200811,-0.02420319067387,0.11187238445773,-0.0221339904803233
4,13,-0.237789037281072,-0.188080084330726,0.337370877224472,-0.174715371117683
1,14,0.218989423833236,-0.219299260510616,0.334243969440718,-0.211745038330638
2,14,0.163432513955391,-0.0951961063062687,-0.314465971611321,-0.0875287267612701
3,14,0.199987217133235,-0.0581229545902646,-0.363795375546344,-0.0533895911656876
4,14,0.155528410642194,-0.0443401124034888,-0.509997848563792,-0.0373936900859495
