iteration,convergenceIndicator,phase,Cl_pop,V1_pop,Q_pop,V2_pop,omega_Cl,omega_V1,omega_Q,omega_V2,a1,a2
1,1541.39,1,10.2275,43.2233,11.1604,60.344,1,1,1,1,1,1
2,1513.85,1,5.42358,31.6321,12.5528,53.4454,0.974679,0.974679,0.974679,0.974679,0.974679,0.974679
3,1500.7,1,5.63183,28.4678,11.5025,60.8879,0.95,0.95,0.95,0.95,0.95,0.95
4,1491.69,1,4.90123,32.2711,12.96,76.0606,0.925945,0.925945,0.925945,1.04751,0.925945,0.925945
5,1492.61,1,4.85184,34.6451,11.2388,79.3318,0.9025,0.9025,0.913944,1.02959,0.9025,0.9025
6,1479.49,1,4.92731,31.015,9.51775,93.0223,0.879648,0.879648,0.890802,1.03083,0.879648,0.879648
7,1468.07,1,4.54551,33.7224,8.6566,102.277,0.857375,0.857375,0.876537,1.06565,0.857375,0.857375
8,1459.64,1,4.39836,33.715,8.9499,91.4196,0.835666,0.835666,0.918247,1.16117,0.835666,0.835666
9,1457.45,1,4.60515,32.5406,8.22852,90.4156,0.814506,0.814506,0.917529,1.28806,0.814506,0.814506
10,1445.27,1,3.99653,27.0186,7.68594,108.745,0.793882,0.793882,1.00132,1.34422,0.793882,0.793882
11,1429.56,1,4.55274,25.6028,7.3902,100.672,0.773781,0.773781,0.975969,1.31019,0.773781,0.773781
12,1416.68,1,4.29468,28.264,7.48141,98.9764,0.754188,0.754188,0.951257,1.27701,0.754188,0.754188
13,1417.31,1,4.08683,23.7516,7.99118,149.742,0.735092,0.735092,1.04357,1.24468,0.735092,0.735092
14,1398.54,1,4.00423,27.8373,7.10752,135.625,0.716479,0.716479,1.07364,1.21316,0.716479,0.716479
15,1384,1,4.14657,27.6598,6.38764,142.48,0.698337,0.698337,1.04798,1.18244,0.698337,0.698337
16,1388.57,1,4.24628,30.4331,8.16472,107.488,0.680655,0.680655,1.02144,1.16105,0.680655,0.680655
17,1365.4,1,4.35001,25.986,5.96422,125.362,0.66342,0.66342,0.995577,1.13165,0.66342,0.66342
18,1349.99,1,4.54254,25.7736,5.09692,92.0026,0.646622,0.646622,0.970368,1.17113,0.646622,0.646622
19,1347.44,1,4.42804,27.5294,4.77356,104.524,0.630249,0.630249,0.945798,1.14148,0.630249,0.630249
20,1323.95,1,4.59771,27.8991,4.97195,93.8838,0.614291,0.614291,0.92185,1.11257,0.614291,0.614291
21,1310.27,1,4.97229,26.369,5.45614,79.3577,0.598737,0.598737,0.898508,1.0844,0.598737,0.598737
22,1295.09,1,4.67303,25.7571,4.52132,102.049,0.583577,0.583577,0.875757,1.05694,0.583577,0.583577
23,1284.63,1,4.91704,24.8935,4.16145,83.8412,0.5688,0.5688,0.853583,1.04951,0.5688,0.5688
24,1278.53,1,4.75137,27.6705,4.62895,97.2171,0.554398,0.554398,0.831969,1.1063,0.554398,0.554398
25,1269.04,1,4.92406,26.5078,4.62846,90.7443,0.54036,0.54036,0.810903,1.10319,0.54036,0.54036
26,1253.8,1,4.6446,27.1719,4.75274,95.9258,0.526678,0.526678,0.790371,1.07526,0.526678,0.526678
27,1248.98,1,4.85239,27.6946,5.42617,94.3045,0.513342,0.513342,0.770358,1.04803,0.513342,0.513342
28,1233.29,1,5.02299,27.479,4.82989,79.1039,0.500344,0.500344,0.750852,1.04389,0.500344,0.500344
29,1225.68,1,4.88213,24.994,4.66207,78.426,0.487675,0.487675,0.73184,1.05076,0.487675,0.487675
30,1210.2,1,5.1716,26.8589,4.83855,65.8961,0.475327,0.475327,0.71331,1.02416,0.475327,0.475327
31,1208.09,1,5.13537,25.7661,4.68414,74.5769,0.463291,0.463291,0.704769,0.998227,0.463291,0.463291
32,1184.57,1,5.12626,25.4845,4.65446,64.7865,0.45156,0.45156,0.686924,0.972951,0.45156,0.45156
33,1182.32,1,4.96998,24.6931,4.28351,70.1365,0.440127,0.440127,0.66953,0.948315,0.440127,0.440127
34,1182.91,1,4.82003,25.2488,4.5915,65.5004,0.428982,0.428982,0.708927,0.924303,0.428982,0.428982
35,1167.16,1,4.83837,23.771,4.68807,65.7006,0.41812,0.41812,0.690977,1.04755,0.41812,0.41812
36,1171.97,1,4.82853,24.4114,5.30972,68.3852,0.407533,0.407533,0.681513,1.02102,0.407533,0.407533
37,1156.5,1,4.8547,25.4123,4.41793,66.1199,0.397214,0.397214,0.760505,0.99517,0.397214,0.397214
38,1138.54,1,5.08244,25.7185,4.03247,56.8176,0.387157,0.387157,0.741248,0.969972,0.387157,0.387157
39,1133.69,1,4.98647,24.7438,4.05472,69.1732,0.377354,0.377354,0.722479,0.945411,0.377354,0.377354
40,1127.58,1,5.00892,24.3123,4.71634,69.5951,0.367799,0.367799,0.737213,0.957439,0.367799,0.367799
41,1129.12,1,5.18346,25.9668,4.80156,61.8071,0.358486,0.358486,0.721673,1.0402,0.358486,0.358486
42,1113.61,1,5.27117,26.2958,4.69845,55.0744,0.349409,0.349409,0.7034,1.01386,0.349409,0.349409
43,1096.4,1,5.31878,26.0481,4.85941,52.8451,0.340562,0.340562,0.68559,0.98819,0.340562,0.340562
44,1083.62,1,5.07753,23.7942,5.18318,63.9219,0.331938,0.331938,0.66823,0.963168,0.331938,0.331938
45,1082.83,1,5.11206,24.1616,4.78014,64.2976,0.323534,0.323534,0.65131,0.954758,0.323534,0.323534
46,1074.25,1,5.07978,24.9123,4.49271,67.3823,0.315341,0.315341,0.653356,0.930583,0.315341,0.315341
47,1063.55,1,5.162,25.3586,4.87353,60.0449,0.307357,0.307357,0.636812,0.945973,0.307357,0.307357
48,1053.9,1,5.07226,25.0234,4.61226,64.9906,0.299574,0.299574,0.620688,0.983645,0.299574,0.299574
49,1043.48,1,5.16395,26.176,4.43816,62.3947,0.291989,0.291989,0.604972,0.958738,0.291989,0.291989
50,1041.51,1,5.15414,26.1606,4.12787,54.9643,0.284596,0.284596,0.589654,0.934462,0.284596,0.284596
51,1035,1,5.20267,26.1902,4.03831,61.18,0.27739,0.27739,0.574723,0.910801,0.27739,0.27739
52,1016.75,1,5.20371,25.6191,4.39934,58.8246,0.270366,0.270366,0.560171,0.92427,0.270366,0.270366
53,1020.27,1,5.11271,24.8814,4.47173,63.7415,0.26352,0.26352,0.545987,0.940507,0.26352,0.26352
54,1018.52,1,5.05636,24.4885,3.99251,60.3386,0.256848,0.256848,0.532162,0.960027,0.256848,0.256848
55,998.578,1,5.1296,25.803,4.45671,63.075,0.250344,0.250344,0.518688,0.938589,0.250344,0.250344
56,1009.87,1,5.05307,26.3566,4.40524,63.0696,0.244005,0.244005,0.505554,0.969474,0.244005,0.244005
57,997.678,1,5.02595,25.2527,4.44423,74.6946,0.237827,0.237827,0.492753,0.944927,0.237827,0.237827
58,987.153,1,4.91062,24.8823,4.31766,82.6143,0.236818,0.231805,0.480276,0.921,0.231805,0.231805
59,981.939,1,5.00851,25.7914,4.44919,84.9224,0.230822,0.225936,0.468116,0.89768,0.225936,0.225936
60,978.864,1,5.1272,24.7866,4.3256,67.4514,0.224977,0.220215,0.456263,0.87495,0.220215,0.220215
61,978.928,1,5.25651,25.0087,4.44193,59.3361,0.234837,0.214639,0.44471,0.868372,0.222427,0.214639
62,977.058,1,5.1996,25.1708,4.44307,55.2364,0.22889,0.209204,0.43345,0.961972,0.216795,0.209204
63,970.778,1,5.17398,25.0008,4.09935,59.7001,0.223095,0.203907,0.422474,0.937614,0.223117,0.203907
64,968.681,1,5.11072,25.0785,3.92902,64.3882,0.218077,0.198744,0.420779,0.913873,0.225196,0.198744
65,960.771,1,5.14471,24.8823,4.22199,63.0069,0.224643,0.193711,0.410124,0.890733,0.226545,0.193711
66,960.919,1,5.17175,24.769,4.46956,61.1519,0.243805,0.188807,0.39974,0.868179,0.234474,0.188807
67,955.622,1,5.1807,25.5221,4.04412,63.7409,0.240616,0.194731,0.389618,0.846197,0.233388,0.184026
68,952.845,1,5.21529,25.3149,4.26678,64.3232,0.234523,0.1898,0.379753,0.824771,0.241447,0.179366
69,946.817,1,5.1305,24.3809,4.56553,66.2509,0.242672,0.184994,0.370137,0.803887,0.235333,0.174825
70,948.604,1,5.02641,24.5421,4.58627,73.5919,0.241103,0.197127,0.360765,0.801844,0.239391,0.170398
71,950.432,1,5.13187,24.6538,4.38542,65.9764,0.239961,0.216602,0.35163,0.816249,0.241291,0.166083
72,958.088,1,5.20377,24.9516,4.30699,59.0361,0.248505,0.211118,0.343532,0.867975,0.251734,0.161878
73,952.242,1,5.17542,24.6958,4.35758,54.2952,0.247849,0.214857,0.337099,0.853639,0.267344,0.157779
74,943.976,1,5.25544,23.4734,4.67733,46.8005,0.244504,0.209417,0.335118,0.832025,0.262524,0.153784
75,932.799,1,5.19004,23.8922,4.49226,57.3636,0.243709,0.204114,0.326632,0.843085,0.263382,0.14989
76,931.976,1,5.15697,23.3816,4.54725,53.339,0.258029,0.20001,0.318362,0.821737,0.275421,0.146095
77,927.668,1,5.12324,23.3113,4.36988,53.2227,0.251496,0.194946,0.310301,0.83228,0.26994,0.142396
78,923.164,1,5.07471,23.7039,4.30258,55.4712,0.270561,0.19001,0.302444,0.831462,0.283911,0.13879
79,917.465,1,5.11799,23.5787,4.35752,60.9513,0.26371,0.185199,0.294786,0.810409,0.284205,0.135276
80,916.666,1,5.13609,23.4966,4.56699,63.6835,0.257033,0.195754,0.287322,0.789889,0.288279,0.131851
81,913.145,1,5.13739,23.3547,4.19573,62.4195,0.258877,0.196243,0.280046,0.769889,0.291523,0.128512
82,909.686,1,5.11898,22.6942,4.19687,53.9779,0.269047,0.191274,0.296241,0.750395,0.288244,0.125258
83,909.767,1,5.13106,23.1577,4.27051,56.5093,0.262235,0.199986,0.28874,0.731394,0.296326,0.122087
84,903.229,1,5.09955,23.3374,4.44206,57.0259,0.261773,0.194922,0.281429,0.743704,0.298293,0.118995
85,902.781,1,5.10945,23.3782,4.4476,59.2737,0.261086,0.189987,0.274303,0.724873,0.292642,0.115982
86,905.416,1,5.10005,22.7134,4.30515,55.8414,0.26803,0.200391,0.267357,0.744095,0.300234,0.113045
87,903.099,1,5.12293,22.9248,4.25701,51.1561,0.261243,0.195317,0.260588,0.870922,0.302217,0.110183
88,886.212,1,5.11043,22.8013,4.24255,55.9883,0.254629,0.198162,0.253989,0.890499,0.298405,0.107393
89,895.004,1,5.05768,23.2618,4.36597,56.1828,0.248181,0.210888,0.247558,0.890214,0.298974,0.104674
90,889.316,1,5.04642,22.7184,4.25385,53.8675,0.246902,0.217348,0.24129,0.888549,0.300279,0.102024
91,882.25,1,5.09897,22.2439,4.35612,52.7967,0.258455,0.211844,0.23518,0.86605,0.309762,0.0994403
92,885.928,1,5.13174,22.7233,4.48862,51.101,0.25191,0.20648,0.229225,0.863262,0.316413,0.0969224
93,883.709,1,5.11731,22.7025,4.38798,50.3213,0.254673,0.221422,0.233149,0.881977,0.31296,0.0944682
94,879.554,1,5.08838,22.468,4.35554,50.919,0.262514,0.215816,0.23826,0.88171,0.310133,0.0920763
95,876.607,1,5.02383,22.6235,4.25295,51.8176,0.265483,0.210351,0.232227,0.933271,0.307733,0.0897448
96,872.333,1,5.04623,22.5817,4.34617,53.9354,0.268199,0.219388,0.227287,0.910758,0.315045,0.0874724
97,865.693,1,5.01925,22.6846,4.38036,54.3011,0.264338,0.213833,0.221532,0.897701,0.313352,0.0852576
98,868.807,1,5.09508,22.6337,4.4095,52.5134,0.269312,0.216717,0.224304,0.927998,0.316935,0.0830988
99,860.772,1,5.0868,22.5764,4.64913,50.4289,0.272905,0.216615,0.218624,0.956817,0.315949,0.0809947
100,858.805,1,5.07129,22.4208,4.48325,46.7608,0.27406,0.211935,0.213089,0.967396,0.32317,0.0789439
101,863.125,1,5.09608,21.9822,4.35985,46.4441,0.269048,0.207294,0.207693,0.942901,0.330573,0.076945
102,859.617,1,5.09966,22.1808,4.40644,43.1901,0.273494,0.202045,0.210637,0.938795,0.322203,0.0749967
103,855.938,1,5.11192,21.9899,4.52863,48.2501,0.26858,0.196929,0.221472,0.915024,0.319913,0.0744004
104,857.518,1,5.12044,22.2698,4.49012,50.9689,0.276088,0.191943,0.215865,0.891855,0.325229,0.074586
105,853.434,1,5.10646,22.2071,4.54675,46.7281,0.269683,0.198517,0.213832,0.928947,0.31822,0.0727808
106,841.85,1,5.09306,21.9699,4.68765,46.8745,0.267543,0.203235,0.208417,0.940824,0.317576,0.070938
107,847.461,1,5.10439,22.0311,4.59744,48.5932,0.275047,0.206412,0.20314,0.932844,0.329308,0.0691418
108,844.278,1,5.04392,21.9177,4.65614,49.5982,0.268083,0.201186,0.197997,0.943789,0.327868,0.0686493
109,848.575,1,5.09807,21.8586,4.77686,46.7547,0.265668,0.210441,0.207479,0.968948,0.329755,0.0679294
110,846.529,1,5.09669,21.5063,4.7428,46.8328,0.269182,0.211338,0.215735,0.944414,0.326586,0.0676607
111,848.247,1,5.06144,21.6398,4.68626,45.5519,0.270662,0.21472,0.221261,0.966411,0.323665,0.0680851
112,842.283,1,5.0637,21.4081,4.59832,47.1066,0.267023,0.213072,0.215659,0.941941,0.323773,0.0670992
113,840.896,1,5.0465,21.4896,4.65215,44.6998,0.266324,0.217319,0.210198,0.971592,0.327039,0.0662499
114,847.544,1,5.06256,21.3878,4.73854,47.7904,0.27056,0.226468,0.218556,0.946991,0.328035,0.0667736
115,843.778,1,5.07261,21.6281,4.6756,45.9349,0.263771,0.220733,0.213022,1.0013,0.322606,0.0673909
116,850.665,1,5.07488,21.895,4.53151,43.2729,0.263535,0.215144,0.207629,1.00648,0.32708,0.0691652
117,848.042,1,5.09604,22.0133,4.62202,46.1099,0.256862,0.209697,0.206521,0.98259,0.318798,0.0706275
118,847.366,1,5.10958,22.4289,4.60734,45.6882,0.262756,0.209409,0.201292,0.95771,0.324125,0.0697654
119,846.029,1,5.14067,22.4711,4.53916,45.1026,0.258871,0.204107,0.196195,0.982286,0.321636,0.0706451
120,835.828,1,5.09654,22.1894,4.60952,45.9155,0.257464,0.207748,0.191227,0.957414,0.319707,0.0688563
121,843.513,1,5.10821,21.8457,4.59165,46.4531,0.269025,0.202863,0.186385,0.961846,0.324738,0.0688717
122,840.7,1,5.08316,22.0966,4.64455,47.2213,0.274093,0.203144,0.19314,0.937492,0.324128,0.0675055
123,852.202,1,5.12209,22.2495,4.6815,45.923,0.267816,0.207284,0.208423,0.926524,0.325691,0.0705737
124,842.286,1,5.14142,22.1952,4.9095,43.2075,0.267717,0.224342,0.203561,0.961157,0.323069,0.0687868
125,835.209,1,5.16136,21.716,4.87906,44.0366,0.269133,0.228021,0.198407,0.93682,0.327246,0.067045
126,834.935,1,5.15234,21.7002,4.73068,43.8541,0.270953,0.222247,0.193383,0.935725,0.323047,0.0653474
127,834.684,1,5.12721,21.4974,4.80005,42.693,0.281178,0.219478,0.188487,0.939871,0.328747,0.0650437
128,828.648,1,5.11132,21.5529,4.81658,43.4283,0.274058,0.224782,0.183714,0.99047,0.330705,0.0633968
129,833.344,1,5.10497,22.0008,4.77189,42.1957,0.274224,0.21909,0.179062,1.05503,0.322616,0.0646894
130,839.941,1,5.05882,22.1649,4.82793,46.5806,0.284889,0.21716,0.174528,1.02832,0.321511,0.0678802
131,830.945,1,5.03483,21.8942,4.73191,49.7152,0.287042,0.214723,0.170109,1.00228,0.32006,0.0661614
132,840.997,1,5.00195,21.9386,4.59607,48.5947,0.29138,0.218823,0.165802,1.02014,0.324798,0.0668695
133,839.852,1,4.99309,21.8579,4.4804,47.0484,0.286821,0.224167,0.184257,1.00802,0.324709,0.0653409
134,839.08,1,5.00122,22.2005,4.49358,48.0626,0.285154,0.227933,0.184025,1.01491,0.326071,0.0646521
135,842.076,1,5.02601,22.195,4.44812,47.4512,0.277934,0.236087,0.205073,1.06551,0.322909,0.0648734
136,848.047,1,4.98409,21.8394,4.64481,48.1097,0.274606,0.23641,0.19988,1.03853,0.329599,0.0675004
137,850.456,1,5.00264,21.6271,4.6533,51.5953,0.271902,0.239141,0.194819,1.01223,0.33178,0.0677759
138,844.079,1,5.01316,22.2615,4.54258,48.8102,0.26865,0.233086,0.193497,1.00734,0.325326,0.0671347
139,838.213,1,5.0951,21.7271,4.51892,44.772,0.261848,0.227184,0.188597,0.981831,0.323946,0.0665809
140,846.626,1,5.10971,21.7941,4.43939,42.3111,0.260876,0.22977,0.198193,0.997628,0.328947,0.066889
141,847.52,1,5.06135,21.8297,4.45469,43.367,0.256332,0.237528,0.193175,1.05299,0.328979,0.0678694
142,847.696,1,5.05113,21.9851,4.37193,45.1172,0.261336,0.237615,0.188283,1.02633,0.326593,0.0686466
143,848.167,1,5.01792,22.3265,4.48233,42.8872,0.268207,0.231599,0.183516,1.09072,0.319994,0.0691049
144,846.023,1,5.11444,22.1172,4.47789,40.2492,0.27087,0.2263,0.209292,1.0631,0.326152,0.0673551
145,843.469,1,5.1473,21.9824,4.50959,39.1073,0.264011,0.22057,0.212564,1.03619,0.325255,0.0668397
146,850.374,1,5.16339,21.5709,4.5918,35.0749,0.258289,0.218819,0.209677,1.00995,0.325526,0.0690961
147,844.528,1,5.1752,21.5648,4.66339,36.4749,0.258903,0.213278,0.204368,0.984377,0.321483,0.0692312
148,842.908,1,5.18388,21.6166,4.73638,37.7555,0.276217,0.208303,0.199318,0.959452,0.331228,0.0674783
149,834.167,1,5.17055,21.5193,4.68907,39.0524,0.269223,0.214974,0.194272,0.935158,0.32729,0.0657697
150,836.014,1,5.14931,21.2337,4.65834,37.2904,0.266291,0.228743,0.191133,0.943975,0.323992,0.0649717
151,839.616,1,5.23742,21.7672,4.63203,36.7814,0.266919,0.228744,0.194228,0.940259,0.324575,0.0659437
152,836.239,1,5.20131,22.0488,4.60772,36.618,0.271083,0.222952,0.18931,0.965098,0.321803,0.0659424
153,833.608,1,5.18297,21.9907,4.66631,37.185,0.272898,0.217307,0.184516,0.995911,0.326636,0.0642727
154,844.028,1,5.21222,21.5729,4.65317,38.74,0.274377,0.211805,0.200061,0.970694,0.328922,0.0674047
155,841.311,1,5.20653,21.5315,4.56754,36.6145,0.277682,0.218993,0.194996,0.946115,0.323582,0.0678367
156,845.347,1,5.24257,21.2725,4.69602,34.1433,0.278293,0.243378,0.193695,0.922159,0.33029,0.0666305
157,839.046,1,5.24756,21.6923,4.69179,34.5526,0.282085,0.237216,0.20616,0.89881,0.332243,0.0649433
158,840.707,1,5.24305,21.6218,4.67629,34.6046,0.282413,0.231209,0.20094,0.876051,0.327281,0.0661456
159,833.502,1,5.2087,21.7523,4.81061,33.7228,0.282594,0.225355,0.195852,0.853869,0.326307,0.0646173
160,833.465,1,5.22844,21.1588,4.84823,34.2534,0.279672,0.219649,0.211287,0.847447,0.32914,0.0637067
161,833.602,1,5.19901,21.1684,4.87011,33.9174,0.278036,0.214087,0.220579,0.862532,0.328149,0.0636027
162,843.768,1,5.2191,21.3865,4.72446,33.9086,0.282756,0.208666,0.217182,0.867093,0.325514,0.0672827
163,846.779,1,5.23379,21.5737,4.56066,35.3057,0.278589,0.218273,0.229278,0.865315,0.331741,0.0662068
164,849.154,1,5.20954,21.8636,4.59813,35.007,0.283677,0.22738,0.226007,0.886125,0.329551,0.0668067
165,842.737,1,5.20704,21.9205,4.55878,36.6349,0.29159,0.221623,0.244043,0.884975,0.326783,0.0651151
166,843.814,1,5.23283,21.8812,4.49086,36.8529,0.291363,0.216568,0.239246,0.862567,0.331822,0.0649407
167,839.857,1,5.19769,21.8615,4.52003,35.3862,0.286596,0.211084,0.23574,0.840726,0.32342,0.0662159
168,829.954,1,5.19342,21.8883,4.48809,37.5492,0.288956,0.205739,0.229771,0.827523,0.324376,0.0645392
169,831.777,1,5.20657,21.7259,4.55192,41.9562,0.287699,0.211114,0.223953,0.81066,0.327414,0.0640939
170,831.185,1,5.22193,21.8576,4.53827,39.8324,0.289119,0.21702,0.218282,0.790133,0.328925,0.0636644
171,836.436,1,5.23535,22.1677,4.54451,36.4952,0.288958,0.211525,0.215078,0.791331,0.324959,0.0655957
172,831.031,1,5.23377,21.9134,4.52205,35.8685,0.291302,0.206169,0.209632,0.771294,0.327833,0.0643212
173,831.148,1,5.21397,22.0054,4.40704,38.5784,0.290217,0.200949,0.211417,0.751765,0.325996,0.0651642
174,837.362,1,5.24613,22.2906,4.38982,39.5148,0.290407,0.210564,0.216074,0.732729,0.32747,0.0660777
175,840.569,1,5.21913,21.8303,4.4105,39.9166,0.300338,0.217543,0.217847,0.714553,0.334959,0.0650845
176,839.523,1,5.22003,21.8696,4.60953,37.3057,0.299297,0.217454,0.212331,0.74984,0.326909,0.0663895
177,837.348,1,5.2435,21.7934,4.53353,37.0887,0.291959,0.213921,0.223711,0.79887,0.328786,0.0647085
178,834.698,1,5.2156,21.7881,4.57059,37.8878,0.294415,0.208505,0.25146,0.778642,0.323115,0.0643834
179,838.333,1,5.22085,21.5118,4.66033,37.9661,0.292968,0.222565,0.245093,0.766572,0.325201,0.0655125
180,839.829,1,5.25321,21.6947,4.67283,35.8171,0.290552,0.21693,0.254249,0.749919,0.331975,0.064241
181,841.74,1,5.28447,21.9919,4.67254,34.552,0.283195,0.218925,0.259211,0.74038,0.323569,0.0668752
182,837.999,1,5.27913,21.5201,4.55632,34.812,0.27732,0.217681,0.252648,0.7231,0.324091,0.0659573
183,841.607,1,5.28922,21.6521,4.55255,34.9622,0.27317,0.214437,0.249228,0.730833,0.326928,0.0665782
184,835.641,1,5.33212,21.719,4.59177,32.093,0.284278,0.209007,0.242918,0.732144,0.330662,0.0648924
185,834.525,1,5.32567,21.8221,4.62139,32.3971,0.281974,0.215828,0.236767,0.713605,0.324909,0.065793
186,828.873,1,5.31085,21.9173,4.58503,33.621,0.286984,0.210363,0.243031,0.697285,0.320951,0.0645487
187,836.166,1,5.31541,21.8056,4.51356,31.6221,0.285678,0.205037,0.236877,0.716363,0.320602,0.0676331
188,841.271,1,5.31578,21.7641,4.63169,33.2369,0.283759,0.202764,0.246212,0.708627,0.323753,0.067713
189,835.878,1,5.33222,21.785,4.7637,31.3387,0.294289,0.19763,0.239978,0.703517,0.323632,0.0670426
190,830.272,1,5.31875,21.5849,4.88668,30.5184,0.29136,0.192626,0.23658,0.723301,0.323276,0.065345
191,830.032,1,5.33161,21.4584,4.87956,29.3326,0.29078,0.19622,0.249437,0.704987,0.323573,0.0640642
192,838.141,1,5.28636,21.6303,4.71416,32.1748,0.288867,0.194448,0.246129,0.695649,0.325325,0.0667116
193,848.346,1,5.32497,21.5361,4.67976,31.0871,0.281995,0.20256,0.250551,0.723949,0.329521,0.0687072
194,843.001,1,5.32718,21.735,4.63,28.0765,0.28304,0.203783,0.244206,0.748313,0.325884,0.0686693
195,840.914,1,5.30994,21.9027,4.58539,32.3084,0.276749,0.205538,0.238023,0.729365,0.329172,0.0669305
196,829.991,1,5.29598,21.8386,4.59227,33.7605,0.276579,0.200333,0.231996,0.736167,0.324362,0.0652358
197,831.229,1,5.29166,22.0928,4.52486,34.4219,0.279178,0.204654,0.226122,0.723322,0.322998,0.0656344
198,832.22,1,5.2407,21.8928,4.42752,35.1028,0.277354,0.199472,0.220396,0.748589,0.326403,0.0663709
199,843.458,1,5.26795,22.0197,4.53692,33.3277,0.271433,0.202752,0.214816,0.797609,0.324277,0.0690851
200,843.482,1,5.26254,21.8557,4.50723,31.8273,0.275299,0.197618,0.225962,0.805801,0.326767,0.0682339
201,839.583,1,5.27893,21.6026,4.65197,33.5389,0.277321,0.201195,0.231911,0.785398,0.323217,0.0674945
202,837.166,1,5.25968,21.4401,4.70891,30.9743,0.277373,0.196101,0.227472,0.804961,0.328451,0.0657855
203,840.926,1,5.25248,21.5426,4.66715,32.5989,0.271583,0.194599,0.237358,0.793543,0.326873,0.0670284
204,842.336,1,5.25588,21.9045,4.54671,33.0244,0.278067,0.206568,0.231348,0.812398,0.330282,0.0667941
205,843.816,1,5.22308,21.7873,4.44043,34.365,0.28409,0.201338,0.226059,0.799692,0.327463,0.0681425
206,845.353,1,5.22192,21.5497,4.40879,36.0417,0.276897,0.207857,0.220335,0.80645,0.32454,0.069287
207,848.036,1,5.23035,21.8867,4.42731,34.668,0.280566,0.207104,0.214756,0.812862,0.326598,0.0702699
208,840.766,1,5.1987,21.9037,4.5262,38.2705,0.273462,0.208374,0.209319,0.853859,0.32199,0.0689735
209,844.659,1,5.19273,21.7433,4.50325,40.8128,0.283561,0.219967,0.204964,0.832239,0.328095,0.0674801
210,841.432,1,5.19541,22.0523,4.60257,42.2772,0.291589,0.214397,0.199774,0.811166,0.328794,0.0672571
211,846.735,1,5.17979,22.0282,4.63433,42.946,0.29733,0.212913,0.194716,0.843261,0.330436,0.0691914
212,843.817,1,5.13631,22.0934,4.50872,44.517,0.295782,0.230916,0.189786,0.881094,0.331544,0.0674394
213,849.75,1,5.10867,22.0146,4.36297,43.9106,0.288292,0.230784,0.186791,0.884996,0.328856,0.0688536
214,834.051,1,5.12354,22.3445,4.38574,44.1104,0.292432,0.22494,0.182061,0.862587,0.325602,0.0671102
215,837.575,1,5.09456,21.9873,4.43877,41.7656,0.305789,0.219245,0.177451,0.861328,0.333711,0.0654109
216,840.508,1,5.06387,21.9373,4.45587,42.4495,0.308256,0.213693,0.178934,0.892161,0.326746,0.0663951
217,838.279,1,5.09803,22.2319,4.43816,43.4089,0.314586,0.218546,0.174404,0.892394,0.32476,0.0662623
218,844.222,1,5.10057,21.9918,4.49764,41.7528,0.312513,0.213013,0.187725,0.905412,0.327502,0.0669512
219,836.94,1,5.11422,21.7887,4.55338,41.7571,0.305927,0.207619,0.204045,0.882486,0.32581,0.0652559
220,840.291,1,5.11901,21.7914,4.51953,40.266,0.31024,0.208593,0.203236,0.860141,0.326015,0.0657898
221,842.313,1,5.1261,22.139,4.56951,41.0403,0.302384,0.214553,0.19809,0.911206,0.324135,0.0674135
222,843.301,1,5.13341,22.1379,4.62542,44.1027,0.294738,0.220958,0.194555,0.916146,0.3286,0.0660102
223,845.493,1,5.11004,22.3654,4.64815,45.0094,0.292348,0.218153,0.189629,0.948423,0.321138,0.0688087
224,848.893,1,5.09847,22.1805,4.62586,45.8055,0.289566,0.225617,0.199941,0.925674,0.322312,0.0688754
225,846.942,1,5.15552,22.4031,4.62217,42.3237,0.285734,0.219904,0.215484,0.914695,0.321456,0.0683035
226,841.884,1,5.14834,21.8851,4.66427,45.2748,0.289768,0.216496,0.239743,0.893029,0.323274,0.066574
227,846.189,1,5.11393,22.0816,4.60951,42.1597,0.286068,0.219646,0.234996,0.941345,0.324171,0.0661645
228,841.373,1,5.12285,22.0537,4.40861,37.8825,0.299507,0.214084,0.229045,0.919871,0.325653,0.0652123
229,839.875,1,5.18921,22.2168,4.4439,36.7418,0.291923,0.224627,0.223246,0.899433,0.324729,0.0657693
230,849.26,1,5.19371,22.4317,4.29263,37.8709,0.289403,0.228809,0.218339,0.937964,0.32484,0.0673345
231,839.218,1,5.18107,22.2313,4.48694,39.7034,0.282499,0.223015,0.212811,0.914214,0.319422,0.0674088
232,834.275,1,5.1606,21.9037,4.36886,39.6795,0.285462,0.217368,0.207422,0.891065,0.325432,0.065702
233,835.322,1,5.15477,21.7613,4.40636,39.6451,0.278233,0.214461,0.211156,0.902047,0.328309,0.0640383
234,835.637,1,5.16488,21.6996,4.4582,42.1881,0.282007,0.210741,0.205809,0.879206,0.327204,0.0646894
235,837.855,1,5.11824,21.757,4.53916,42.1502,0.29264,0.207842,0.218891,0.883477,0.330668,0.0636398
236,842.428,1,5.10059,22.095,4.50941,43.418,0.288356,0.214523,0.240854,0.872996,0.323132,0.0657228
237,842.963,1,5.10267,21.995,4.42108,42.6158,0.296448,0.209091,0.234755,0.866518,0.322954,0.0670037
238,846.249,1,5.11376,21.7323,4.28282,40.1366,0.288972,0.205285,0.241622,0.860143,0.32851,0.066463
239,843.604,1,5.14413,21.757,4.4012,36.5174,0.293927,0.212375,0.235504,0.919673,0.329324,0.0664403
240,845.227,1,5.13733,21.9192,4.51106,35.3347,0.287708,0.208745,0.229541,0.930569,0.329059,0.0659118
241,843.254,1,5.16518,21.5273,4.61417,34.7288,0.290755,0.222698,0.223729,0.977972,0.325733,0.0648372
242,835.819,1,5.16177,21.6835,4.57112,34.6517,0.290985,0.227043,0.218064,0.984692,0.329465,0.0631955
243,840.025,1,5.18462,21.8508,4.65882,38.4082,0.283617,0.223937,0.229407,0.959759,0.323467,0.0649992
244,848.742,1,5.16483,21.8271,4.61814,38.2908,0.281446,0.226707,0.247422,0.935457,0.325447,0.0663976
245,843.331,1,5.16572,21.6397,4.63181,38.0494,0.287944,0.220967,0.254233,0.911771,0.329718,0.0647163
246,844.387,1,5.15678,21.8425,4.72898,38.1479,0.296447,0.215372,0.247796,0.888684,0.3262,0.0657037
247,843.955,1,5.15467,21.8107,4.82654,36.821,0.300564,0.213661,0.261963,0.891492,0.326288,0.0642584
248,850.061,1,5.20362,21.9375,4.74487,36.917,0.30312,0.213733,0.25533,0.880408,0.330524,0.0666237
249,845.452,1,5.18796,22.0309,4.5452,37.7642,0.307184,0.208321,0.248865,0.858116,0.322155,0.0682895
250,845.984,1,5.22001,22.1802,4.63593,38.1208,0.299406,0.203047,0.242563,0.836388,0.322753,0.0704824
251,844.738,1,5.2413,22.3102,4.73869,42.2339,0.297626,0.197905,0.236421,0.81521,0.323431,0.068948
252,842.239,1,5.21121,21.9273,4.6591,39.5821,0.29009,0.203716,0.230435,0.794568,0.330185,0.0675474
253,834.485,1,5.27678,22.025,4.56762,38.7936,0.282745,0.198558,0.2246,0.774449,0.324623,0.0669213
254,838.591,1,5.2656,21.8931,4.64525,36.7276,0.275586,0.199173,0.218913,0.75484,0.325825,0.0678925
255,847.537,1,5.24483,22.1891,4.54494,37.7776,0.27319,0.198749,0.232115,0.795295,0.323116,0.0701127
256,847.621,1,5.26038,22.1651,4.56675,40.4997,0.278337,0.207976,0.226238,0.775158,0.320413,0.0708531
257,845.692,1,5.21902,22.1449,4.39925,41.2106,0.279427,0.204361,0.22051,0.75553,0.325558,0.0698566
258,841.343,1,5.2529,22.3578,4.44478,41.0599,0.275438,0.199186,0.214926,0.7364,0.322732,0.0711208
259,835.387,1,5.25467,22.6579,4.46474,41.7075,0.268464,0.194142,0.209484,0.747723,0.320781,0.0702945
260,838.911,1,5.2466,22.4917,4.36094,39.0833,0.263135,0.189821,0.20418,0.76812,0.31742,0.0714889
261,845.697,1,5.23037,22.0775,4.42143,39.8677,0.266113,0.202893,0.19901,0.784079,0.325943,0.0711882
262,840.736,1,5.24733,21.8802,4.47356,40.6155,0.28209,0.218318,0.193971,0.764226,0.328446,0.0693856
263,839.872,1,5.28774,21.8579,4.43348,38.9524,0.281363,0.21279,0.214374,0.744875,0.32853,0.0676288
264,841.495,1,5.27623,22.3278,4.32099,38.9186,0.274238,0.207402,0.208946,0.78698,0.322628,0.0699352
265,844.082,1,5.22557,21.897,4.52794,37.1126,0.277272,0.217746,0.203655,0.785725,0.331384,0.0681644
266,845.655,2,5.24944,22.0648,4.52584,38.038,0.273546,0.212232,0.219559,0.76583,0.325454,0.0700134
267,845.565,2,5.24656,21.7278,4.60463,41.4971,0.276684,0.209549,0.219027,0.767943,0.329567,0.0683105
268,839.483,2,5.23985,21.8853,4.67754,39.335,0.279483,0.203299,0.225051,0.796725,0.320461,0.0676284
269,839.587,2,5.26685,22.0565,4.63771,38.7104,0.289269,0.212989,0.233741,0.797025,0.326359,0.065299
270,841.647,2,5.23059,21.6669,4.68954,41.6167,0.281481,0.201119,0.220319,0.806526,0.324931,0.0675536
271,841.285,2,5.21736,21.6471,4.72665,41.9936,0.284674,0.203634,0.22632,0.773184,0.325076,0.0673494
272,843.793,2,5.21286,21.6413,4.65405,42.9672,0.283987,0.199885,0.235699,0.762817,0.327619,0.0675449
273,838.763,2,5.20883,21.9257,4.48559,40.0395,0.292838,0.187285,0.235784,0.772357,0.326715,0.0665177
274,843.488,2,5.23646,22.2447,4.42799,40.3336,0.294425,0.196457,0.244787,0.710354,0.325006,0.0679928
275,834.647,2,5.22969,22.0485,4.46623,38.2663,0.300757,0.194576,0.232825,0.724297,0.325454,0.0658407
276,838.797,2,5.22999,21.9558,4.45717,33.9103,0.300418,0.198221,0.222287,0.78666,0.33113,0.064843
277,843.906,2,5.22493,22.0659,4.37112,34.419,0.292902,0.194756,0.241768,0.833316,0.326662,0.0662145
278,845.701,2,5.2171,22.0136,4.42499,35.3981,0.290942,0.188924,0.246769,0.841101,0.32711,0.0669739
279,853.026,2,5.19308,22.0358,4.35899,36.322,0.288419,0.199133,0.249943,0.841356,0.328472,0.0680708
280,852.743,2,5.19417,22.2536,4.3126,37.4517,0.293553,0.194424,0.250084,0.845096,0.325903,0.0691953
281,846.353,2,5.19382,22.2715,4.35834,38.5238,0.295041,0.199185,0.247075,0.850682,0.326403,0.0677033
282,835.988,2,5.18435,22.0823,4.43123,39.496,0.294413,0.200495,0.237429,0.828583,0.323103,0.0665124
283,839.038,2,5.18137,22.0825,4.38714,40.2925,0.293806,0.201462,0.232227,0.803943,0.32552,0.0660454
284,840.233,2,5.17599,21.9984,4.4145,39.489,0.292972,0.203763,0.234432,0.798876,0.324578,0.0661289
285,835.625,2,5.18081,22.0048,4.36612,39.8692,0.290345,0.20813,0.214165,0.77809,0.323341,0.0666788
286,850.663,2,5.17982,22.0133,4.32739,40.7236,0.289737,0.21107,0.213807,0.784107,0.321891,0.0688618
287,839.402,2,5.17993,22.0437,4.31455,40.6774,0.287938,0.204079,0.204009,0.778841,0.322166,0.069053
288,834.671,2,5.1926,21.9199,4.37617,38.9664,0.289782,0.20811,0.203314,0.768628,0.323509,0.0676232
289,842.398,2,5.21076,21.8786,4.41978,36.7482,0.288828,0.211625,0.19556,0.778212,0.324267,0.0680566
290,840.248,2,5.23032,22.0204,4.41259,35.6814,0.288051,0.209325,0.190966,0.788716,0.323332,0.0684785
291,838.136,2,5.24208,22.0224,4.40597,34.7835,0.28801,0.207868,0.181686,0.78162,0.324764,0.0685789
292,831.889,2,5.24099,22.0688,4.38755,35.0175,0.285234,0.20642,0.177052,0.775449,0.324159,0.0683192
293,828.631,2,5.2453,22.0183,4.35791,35.6034,0.283169,0.208206,0.178957,0.760687,0.323305,0.0676563
294,823.763,2,5.25158,21.979,4.38617,36.1591,0.279973,0.210996,0.179224,0.754294,0.323702,0.066551
295,836.342,2,5.24389,21.9475,4.39813,35.7773,0.278331,0.213978,0.17906,0.762081,0.325044,0.0665624
296,834.035,2,5.24006,21.9491,4.41024,36.609,0.279192,0.21372,0.17981,0.761944,0.324878,0.0666461
297,830.949,2,5.24604,21.9488,4.41562,36.2462,0.277717,0.211806,0.185036,0.763427,0.32437,0.0664178
298,835.858,2,5.24785,21.9242,4.43409,36.8798,0.276392,0.208826,0.185862,0.761222,0.324323,0.0668525
299,833.381,2,5.24371,21.821,4.45214,37.4235,0.274319,0.207317,0.188317,0.761608,0.323938,0.0669463
300,834.22,2,5.24422,21.8549,4.46348,37.9277,0.273995,0.208375,0.181831,0.760358,0.323778,0.067371
301,840.216,2,5.23148,21.9123,4.44856,38.8166,0.275296,0.20624,0.179311,0.764855,0.324478,0.0678003
302,832.602,2,5.22905,21.9388,4.47541,39.1845,0.276034,0.205694,0.180279,0.775295,0.324808,0.0674106
303,835.373,2,5.22464,21.9138,4.47062,39.2422,0.277502,0.205187,0.17873,0.791011,0.325672,0.0671499
304,841.214,2,5.22141,21.9615,4.48263,39.7638,0.277473,0.203328,0.182931,0.800809,0.325777,0.0672321
305,840.947,2,5.22044,21.9642,4.50376,39.7711,0.277994,0.20608,0.186331,0.802672,0.325809,0.067144
306,839.748,2,5.21911,21.9886,4.4923,39.6547,0.278304,0.20458,0.185607,0.807619,0.325379,0.0674308
307,844.952,2,5.21484,21.9713,4.50006,39.335,0.279535,0.205733,0.184796,0.818145,0.325163,0.0676547
308,847.757,2,5.21032,21.9538,4.50962,39.0081,0.280828,0.206137,0.184019,0.831535,0.325805,0.0677522
309,842.503,2,5.20917,21.9292,4.52281,38.9579,0.280479,0.205008,0.185661,0.830244,0.325923,0.0678565
310,837.786,2,5.21247,21.8875,4.51235,38.7529,0.279799,0.204826,0.182926,0.828903,0.325775,0.0680239
311,834.113,2,5.21481,21.879,4.51025,38.5897,0.279835,0.205551,0.18213,0.826624,0.32598,0.0678375
312,837.484,2,5.21391,21.8706,4.5048,38.5544,0.27934,0.207613,0.181921,0.827,0.326254,0.0676653
313,835.254,2,5.21808,21.8915,4.51348,38.1666,0.278126,0.206678,0.181077,0.834506,0.325993,0.0676621
314,834.513,2,5.21968,21.8844,4.51882,38.0167,0.277771,0.205873,0.181116,0.833473,0.325743,0.0676668
315,840.835,2,5.2198,21.8848,4.51551,38.0481,0.276908,0.204612,0.181991,0.834319,0.325639,0.0677947
316,848.125,2,5.21973,21.8938,4.51856,38.136,0.275921,0.205003,0.183323,0.83905,0.325626,0.0679276
317,843.48,2,5.21869,21.8902,4.51682,38.1823,0.27577,0.205205,0.1835,0.839982,0.325661,0.0679273
318,835.444,2,5.21863,21.8893,4.51718,38.142,0.275618,0.205287,0.1837,0.840334,0.325612,0.067899
319,840.95,2,5.21871,21.8903,4.51583,38.1252,0.275469,0.205107,0.183595,0.839964,0.325736,0.0679105
320,834.398,2,5.21907,21.8945,4.51348,38.1382,0.275321,0.205128,0.183708,0.839206,0.325821,0.0678689
321,837.138,2,5.21952,21.8954,4.51199,38.1607,0.275158,0.205209,0.183605,0.838488,0.326021,0.0678314
322,839.74,2,5.22031,21.9002,4.51238,38.1829,0.275,0.205075,0.183371,0.837815,0.326042,0.0678651
323,844.668,2,5.22123,21.9078,4.51151,38.2097,0.27492,0.205177,0.183835,0.836325,0.326053,0.0678899
324,837.652,2,5.22172,21.9078,4.5103,38.2492,0.274837,0.205337,0.184019,0.834811,0.326044,0.0678864
325,836.474,2,5.22215,21.9053,4.51245,38.2235,0.274752,0.205721,0.18427,0.834456,0.326083,0.0678383
326,832.234,2,5.22316,21.9053,4.51369,38.2298,0.274518,0.206044,0.184155,0.833545,0.326009,0.0678234
327,835.361,2,5.22432,21.9038,4.51618,38.2198,0.27448,0.206157,0.184015,0.83235,0.326002,0.0678219
328,837.587,2,5.22601,21.9027,4.51628,38.1591,0.274257,0.206293,0.183934,0.831431,0.32596,0.0678404
329,833.602,2,5.22715,21.9022,4.51345,38.0624,0.274035,0.206252,0.183849,0.830953,0.325944,0.0678345
330,830.236,2,5.22798,21.9003,4.51436,38.0017,0.273939,0.206321,0.183998,0.829777,0.325992,0.0677834
331,833.161,2,5.22832,21.9024,4.51569,37.9992,0.274054,0.206322,0.18415,0.829065,0.326049,0.0677379
332,845.425,2,5.22969,21.9021,4.51954,38.0043,0.27404,0.206341,0.184292,0.828149,0.326018,0.067785
333,839.073,2,5.23059,21.9009,4.52308,37.9726,0.273988,0.206787,0.184452,0.827206,0.325999,0.0677749
334,835.019,2,5.23156,21.9023,4.52307,37.9586,0.273851,0.206854,0.18427,0.826084,0.326043,0.0677718
335,839.853,2,5.23213,21.9026,4.52479,37.9064,0.273775,0.206949,0.184144,0.825743,0.326013,0.0677941
336,839.873,2,5.23306,21.9007,4.52629,37.8136,0.273653,0.20713,0.184036,0.82542,0.326031,0.0678024
337,844.005,2,5.23404,21.9009,4.52571,37.7842,0.273622,0.207222,0.184396,0.824979,0.326,0.0678192
338,844.87,2,5.23463,21.9063,4.52433,37.7704,0.273565,0.207222,0.184593,0.82437,0.326025,0.0678435
339,842.544,2,5.23499,21.9023,4.52355,37.7781,0.273554,0.207351,0.184718,0.823457,0.326081,0.0678492
340,835.935,2,5.23519,21.9041,4.52558,37.7478,0.273533,0.20731,0.18494,0.823478,0.32609,0.0678241
341,840.581,2,5.23545,21.8993,4.52508,37.7635,0.273448,0.207273,0.184862,0.823065,0.326144,0.0678355
342,838.217,2,5.23558,21.8999,4.52344,37.753,0.273432,0.207361,0.184902,0.8231,0.326146,0.0678264
343,835.562,2,5.23575,21.9011,4.52191,37.7335,0.273455,0.207417,0.185369,0.823024,0.326112,0.0677911
344,841.422,2,5.2363,21.899,4.52106,37.6843,0.27346,0.20741,0.185733,0.822848,0.326126,0.0677833
345,845.289,2,5.23593,21.8965,4.52354,37.6862,0.273658,0.207522,0.186151,0.82332,0.326125,0.0677729
346,845.179,2,5.2351,21.8925,4.5256,37.7025,0.273771,0.207563,0.186209,0.824155,0.326086,0.0677901
347,839.938,2,5.23446,21.8874,4.52742,37.6894,0.273881,0.207661,0.186082,0.825341,0.326111,0.0677733
348,839.746,2,5.23424,21.8883,4.52835,37.6711,0.27386,0.207653,0.186045,0.825383,0.326077,0.0677865
349,838.364,2,5.23456,21.8914,4.52932,37.6526,0.274025,0.207529,0.18613,0.825169,0.326038,0.0677901
350,841.022,2,5.23508,21.8942,4.5317,37.6479,0.27412,0.207561,0.186484,0.824927,0.326052,0.0677753
351,841.412,2,5.23482,21.8945,4.53221,37.6446,0.274151,0.207618,0.186664,0.825327,0.32605,0.0677678
352,838.557,2,5.2345,21.8936,4.53172,37.6383,0.274187,0.207625,0.186648,0.824856,0.326013,0.0677784
353,829.909,2,5.23441,21.8929,4.52953,37.6293,0.274247,0.207538,0.186511,0.824472,0.32597,0.067764
354,832.553,2,5.23392,21.899,4.52826,37.6237,0.274388,0.207575,0.186243,0.825217,0.325952,0.0677406
355,837.458,2,5.233,21.9008,4.52597,37.659,0.274426,0.207528,0.18633,0.825674,0.325948,0.0677267
356,834.641,2,5.23205,21.9039,4.5234,37.6908,0.274478,0.207493,0.186344,0.826153,0.325938,0.0677056
357,837.257,2,5.23113,21.9038,4.52291,37.7346,0.274559,0.207495,0.186374,0.826325,0.32587,0.0677073
358,839.635,2,5.23037,21.9023,4.52297,37.7953,0.274601,0.207472,0.186387,0.82615,0.325862,0.0677134
359,840.259,2,5.22953,21.9038,4.52351,37.8585,0.274719,0.207501,0.186556,0.826504,0.325845,0.0677039
360,839.33,2,5.22852,21.9018,4.52398,37.9214,0.2749,0.207564,0.186747,0.826644,0.325866,0.0676806
361,837.209,2,5.22735,21.9056,4.52295,38.0051,0.275088,0.20754,0.186535,0.827624,0.325843,0.0676733
362,846.595,2,5.22591,21.91,4.5223,38.0718,0.275288,0.2075,0.186544,0.82876,0.325845,0.0676828
363,836.336,2,5.22433,21.9127,4.52162,38.1285,0.275497,0.207517,0.186397,0.829985,0.325851,0.0676573
364,840.256,2,5.22303,21.9148,4.52134,38.1948,0.275605,0.207562,0.18637,0.83122,0.325894,0.0676345
365,838.93,2,5.22258,21.9181,4.52245,38.2546,0.275694,0.207618,0.186371,0.831619,0.325857,0.0676319
366,848.977,2,5.22229,21.9192,4.52295,38.2723,0.275702,0.207616,0.186574,0.831958,0.325852,0.067654
367,841.152,2,5.22232,21.9189,4.52364,38.2854,0.275691,0.207639,0.18668,0.832334,0.325877,0.067646
368,843.481,2,5.2219,21.9151,4.52365,38.2831,0.275648,0.207615,0.186709,0.832661,0.325912,0.0676518
