rep,id,Cl,V1,Q,V2
1,1,6.53589575230501,26.4302119299145,6.46787195904855,32.0185649295188
2,1,6.33631823912993,30.1888327812927,5.1405847951207,37.2666666415521
3,1,6.63639605108974,20.6847597509721,10.5868878001915,24.8338989872397
4,1,6.08291367852381,22.8325032480599,4.20663127999794,27.143798756574
1,2,6.48878332812716,22.5044718530811,7.43320379750809,27.119673882843
2,2,6.25875511959262,27.8027046729583,4.54223653546126,33.4497700253936
3,2,6.33461036441823,22.825593871847,6.07759049649888,27.157322266143
4,2,6.35388472877876,17.6013941700909,15.2459207778624,21.3838877218628
1,3,5.10010243628077,11.2881228546375,11.691524517864,13.708575421718
2,3,5.07063467471045,11.5360401533052,26.5268964503273,14.1217625199357
3,3,5.08320079795675,12.270244304477,17.5550695564435,15.624761340767
4,3,5.18689195051469,19.401181546385,5.23844708109354,23.7619021326687
1,4,3.30454627494384,17.4554302582302,2.24238287128012,21.6935586399422
2,4,3.60511305870319,12.5993993774473,13.6027989245522,15.7095990272504
3,4,3.59350555160163,13.0510910593456,8.39285495560993,16.3096332985948
4,4,3.48972466848551,18.2463938959053,3.26859553525601,22.2059795929105
1,5,6.00973577355776,27.4943008881979,16.1105946677442,33.1579024597255
2,5,5.74714809804255,26.0895652362081,23.4216550453426,31.1898489337804
3,5,5.98290809744038,33.3877128926975,14.5016213315768,39.2068064486462
4,5,5.96209332563456,45.9991462437522,8.89125902048352,55.3782576784599
1,6,5.94944122722296,11.3261039335749,3.4065802293239,13.7861602716556
2,6,5.69985455184243,10.5023320897596,2.90254238325493,13.4206430526193
3,6,5.86861121689946,10.5405285457397,3.81253540421847,13.4346039487088
4,6,5.82494605379809,9.07124331868034,5.53872909653819,11.5389781310845
1,7,6.2315814701365,31.0111309569244,32.6551954625094,37.3207077124778
2,7,5.86139912744327,30.3568871051732,21.6926312192096,36.2933127392901
3,7,5.79601988665923,29.295153053249,12.9875803215773,34.9954403436354
4,7,5.89309965748127,44.8927403523459,6.5364925270155,53.0979044294376
1,8,4.71714022914348,20.5359954147641,12.6611099736784,24.8364152836453
2,8,4.62879600769312,19.661234327059,12.5559189638208,23.7362368870051
3,8,4.59612411593305,22.0170879155425,9.83908015500507,26.1600347344502
4,8,4.4631906265072,24.4897561172204,7.23180112257921,29.1052765172592
1,9,3.43281339791437,17.5527897406193,3.08335819985204,21.363454078192
2,9,3.34224177382742,19.1598050836244,2.10906095603361,23.1147528010405
3,9,3.4471200129239,17.5394645364483,3.22273042946063,21.4537927152108
4,9,3.53944832966301,18.2667703510245,2.64212427926164,22.1480878912096
1,10,5.87458676470633,31.8389282348318,19.2058902143637,38.5507313382655
2,10,5.86813129239541,37.8164476539496,9.56109927257329,45.1989414825727
3,10,5.95156015805535,23.539488808268,27.1779853404863,28.3896808019723
4,10,5.90165329513684,40.8514251883805,13.9846117466977,48.6183121367708
1,11,6.57519638513513,16.6848654637173,29.9469726413382,20.7466397693858
2,11,6.62696762820449,21.4952738858146,10.0200967961952,26.8957094001506
3,11,6.47065378566445,24.6794148300629,7.69801701434002,29.9618624575582
4,11,6.3705290099848,24.6063526351289,4.83239172492444,29.8814066158597
1,12,2.561007122921,16.1474351682703,8.95643580766757,20.1858208883438
2,12,2.59048543836246,18.8819372964867,7.79287419749936,23.7306196342138
3,12,2.62870984872312,14.6919433484769,8.12565099192481,18.1785774461379
4,12,2.68095026774709,14.3182339561777,7.21953053700298,17.6334215287696
1,13,5.37607618077842,17.7016536429432,18.8599460781958,21.5479794247471
2,13,5.19061883338324,16.8887913543346,13.3169433982007,20.4849737768829
3,13,5.27270967853165,26.3025238340282,3.95732557257004,31.6622609143257
4,13,5.23202024234029,28.0363533868665,4.10320829205902,32.4485995162959
1,14,6.64373809444401,20.8094582689652,12.0460323559733,25.1492024550576
2,14,6.44535419452208,23.2307705829133,7.66861664141828,28.5531614294205
3,14,6.33236609665656,25.0101513970367,4.72674628152592,30.3093715316569
4,14,6.25487772795979,18.364522488727,11.6072441730468,22.291976629048
