rep,id,eta_Cl,eta_V1,eta_Q,eta_V2
1,1,-1.85649447469701,-1.28025303667925,-0.690993975899488,-1.00710893282019
2,1,-1.76047284132288,-1.55474621462695,-0.204846822533517,-0.0194771374133926
3,1,-1.94696774772524,-0.681207745828873,0.0981729779586706,0.254934269040511
4,1,-3.7402092496827,-0.6029302506609,-0.880478829701828,2.85019913607296
5,1,-2.79199246107167,-0.118397581883982,-1.07082921466345,-1.80846619888149
6,1,-1.63513529414829,-1.54686378448766,0.176320824401912,-1.11165213364989
7,1,-2.15543244264799,-1.5420063652969,-2.04880989060347,1.88641856574652
8,1,-2.14532984400557,-0.499948752584275,1.08841014145986,-0.656711022208451
9,1,-1.79558450247696,-1.63640803783477,-0.708962405576306,-1.34726405810335
10,1,-2.16998892749622,-1.56455169767797,-1.73514538053107,0.754054513987034
1,2,-1.07968922037496,-2.53451362968136,0.345373184249721,-0.38665183712243
2,2,-1.07462940627919,-1.79609733771097,0.380921805104105,0.817809850982402
3,2,-0.870516678152562,-1.70239319864997,0.213815834301434,-0.210678911390276
4,2,-0.745242422425362,-1.9819173111009,1.31214082310624,0.538260031456001
5,2,-0.850707087150685,-1.76263861774999,0.253182376914429,1.39784917835004
6,2,-1.0850195964013,-1.48517007845175,-0.956690428170541,1.22151592535574
7,2,-0.985765323800453,-1.27110912155754,-0.0467823592757019,-1.07828917521645
8,2,-1.02902922428358,-1.55474223813282,0.485539747151461,1.0963342575676
9,2,-0.750563801580379,-1.42241113254558,-0.0353347678897731,-0.368912863489686
10,2,-0.960663443957775,-1.82542239583003,0.849149812546175,0.078769211232946
1,3,-1.30663309411034,-1.4584882673507,-2.32297909172072,2.77791596064257
2,3,-1.09936327001017,-1.51596995837213,-1.02121312338919,1.12290512325343
3,3,-0.931658444280671,-0.574374485296816,-1.39221209229341,-1.12431690883673
4,3,-0.90079681459569,-1.5904416463482,0.21198972177138,1.0687047120336
5,3,-0.99875205008158,-1.54087271700979,0.630587461124966,-0.601740977216416
6,3,-1.03019915771369,-1.37113765332613,-0.3542490887082,0.158334684273269
7,3,-0.982648758272544,-1.47539481132415,0.924316111430272,1.88091458695105
8,3,-0.940025130297433,-1.03229618130266,0.829306396880807,1.60728304938277
9,3,-1.00886512868991,-1.38117390214124,0.497054311959334,0.85800177847789
10,3,-1.14986696523263,-1.44332325544474,-2.00927273995777,-0.0436735213118339
1,4,-1.29296690784054,-1.45565958794818,-1.39730030113713,1.31476664905474
2,4,-1.13995730350741,-3.32506368603656,1.18762180521044,0.442821733848516
3,4,-1.46736630728248,-1.85778257121302,-2.19727683226798,1.64507785535328
4,4,-1.10743759356349,-2.71103668313119,1.3534978617803,0.16729986683549
5,4,-1.13427028898302,-1.46401979659744,-0.933646600430533,0.607164323065476
6,4,-1.30547038193402,-1.98418595488223,-1.09487249450631,-1.35783233851756
7,4,-0.976343377500251,-2.23963760319504,1.59401972962753,-0.00458282575880276
8,4,-1.00011134319698,-2.59536373000862,1.79409480033003,-0.0665368030004072
9,4,-1.51509591205793,-1.85296312940037,0.718810888154383,2.04544069514425
10,4,-1.08542110599557,-1.46401812016323,-1.6639220113392,-2.33729829887256
1,5,-1.21217370876295,-1.9543296153714,0.309776239287334,0.13513307704085
2,5,-1.37966996158582,-0.646621530756571,1.63714068591469,-1.17082448756939
3,5,-1.49045574670137,-0.380215246975882,1.1317363374205,-0.998519864776042
4,5,-1.40795573026006,-5.14452034234349,1.41196787448996,0.485705474277776
5,5,-1.20540013931023,-1.29558692755474,-1.14846176287849,-0.608764228041535
6,5,-1.26601959959267,-1.01895909298175,-1.11685344822527,1.18717965150306
7,5,-1.09096795292873,-1.03284089935813,1.30803663257705,-0.0726359428793764
8,5,-1.32958135482716,-1.52697266025961,0.104501147079972,0.698505298134017
9,5,-1.28324950811776,-1.26803580304219,0.655664224141041,0.212680096954092
10,5,-1.53703079997831,-1.86140696946107,0.714311243092936,1.35126101384379
1,6,-1.03953613084516,-0.713661356184482,-1.22035537943511,0.605234999925662
2,6,-0.902597242305082,-0.817335312784728,-1.30269179997963,-0.184850712462249
3,6,-1.27898013310324,-0.616555269560841,-1.2104366011313,1.05885337303209
4,6,-1.38562627249225,0.19268232724171,-1.29556164884082,0.304043660393422
5,6,-1.51979675484052,-0.343094227717807,-0.285954536341418,2.22959980303263
6,6,-1.06677823751497,-0.968927529460533,0.048225020772068,0.107165717444174
7,6,-0.918892736199461,-0.808786256872248,-1.53453576550585,-1.2020953055795
8,6,-1.17009391454177,0.00139045330892837,-3.56874082204411,3.62201785433844
9,6,-0.94877604699973,-1.07376761286407,-0.148854993269922,-1.50043168974443
10,6,-0.957713687611283,-1.03008718907893,0.0596742019038274,-0.85505856192682
1,7,-0.949686352682214,-1.55110210943872,1.21283157195577,-1.01637675388071
2,7,-1.04670771166858,-1.61656636879854,-2.97671291310371,-2.13522158406556
3,7,-0.889978169608835,-1.35661458444658,-3.08402525987864,-2.21432918517543
4,7,-0.966998741077817,-1.47998374405044,1.14040334762659,-2.03372485559561
5,7,-1.01620038444296,-1.2268781474428,-2.19243141331228,-0.382165068254729
6,7,-1.26806018537869,-1.82743987846732,-3.29730553061731,1.06599873381243
7,7,-1.06978695795657,-1.45841160990229,0.984055622443042,-1.77386435014721
8,7,-0.961416310692196,-1.46681988693884,-1.87443570697949,-1.23010887778587
9,7,-1.05861090449199,-1.6261721874008,-0.376316844918996,-1.5315242326125
10,7,-0.987293777327526,-1.63397822496078,-1.69205753404757,0.265488602299557
1,8,-0.786646746583877,-1.38042122565016,0.82103781517196,-1.01455250094135
2,8,-0.69783898099704,-1.18199638103857,0.870325683984713,0.00470375831123104
3,8,-0.865425164636082,-1.31105556492053,-1.51211040161,-0.259762773455827
4,8,-0.85355673030344,-2.28407414854557,1.68020749576662,-0.583003939811102
5,8,-0.885464092318793,-1.21696956777797,-0.396583989131878,1.39778499822926
6,8,-0.907019463512045,-1.47103717951442,-0.969712424930353,-0.432789887235787
7,8,-0.800335215572885,-1.26440520782102,-1.26006286207618,-0.510165361557086
8,8,-0.865536106243209,-0.934509879424175,-1.30644781898469,-1.91345082639186
9,8,-0.957372091212117,-2.35569054267476,0.669714305321516,-0.492823092130851
10,8,-1.51281823939063,-1.71519740413095,0.776719185959619,2.11566681530218
1,9,-1.13456560375369,-1.8215694940832,1.19446574383384,0.0242222199400481
2,9,-1.16339430172408,-0.885784561392118,-0.0157570700955348,0.0275507604897565
3,9,-1.1758731701368,-1.61303669354504,1.25051858158035,0.0425943103779374
4,9,-1.17775654903135,-1.00497330707645,-2.91683880779546,-2.44531839167347
5,9,-1.17387863796149,-1.19833739573913,-1.50429459119447,-1.74099141784642
6,9,-1.38441122264889,-2.435014744056,0.871953356238423,0.450233725336277
7,9,-1.17818838873878,-1.67081845014075,-0.103357017384549,0.251052795812174
8,9,-1.12497803724503,-1.38959279801461,0.652869881246805,0.734143766901014
9,9,-0.976207551359283,-2.10134962035963,1.05651122735409,0.214692261919374
10,9,-1.21215181859829,-1.10225238057576,-1.72748309329813,-0.500380816170492
1,10,-1.567759690419,-1.8041267945692,-0.826363311441108,-0.595058974049433
2,10,-1.65470690008305,-1.75101387579288,2.01026297714641,1.21150175757208
3,10,-1.66570838875847,-2.50206990790205,2.54568344325091,-0.571558964462942
4,10,-1.5917816559848,-1.84288322522048,0.259819682611224,0.498851371932997
5,10,-1.62469843159379,-2.30043849558869,0.284474290683531,-1.34251316058129
6,10,-1.64128278870194,-2.11134162589884,0.280335043331716,-0.644686775098892
7,10,-1.5590687084358,-2.27837204246098,0.99456005410934,-1.28361034356415
8,10,-1.58866029719062,-1.66708471659434,0.730196972858401,-1.81004261968048
9,10,-1.53701535384234,-2.97660113727821,1.52073501029994,-0.0705313072288174
10,10,-1.82658502980216,-2.12926423561641,-1.5207631231533,0.595132837501491
1,11,-0.946558512492067,-1.16076397066214,-0.357577343150346,1.66082805930064
2,11,-0.764319909137686,-1.08703651700343,-0.0446411572491945,-0.366113685572118
3,11,-0.80190090396411,-1.6462838554368,0.450864574712433,0.503472316358984
4,11,-1.21028745947122,-1.47803481324284,-1.39087798598694,0.761935993840004
5,11,-0.863840015770643,-1.12883240427507,-0.145522511779029,-0.545742498824479
6,11,-0.928484508171936,-2.01717893181135,0.926036794839767,-0.574329118926842
7,11,-0.918396060031221,-1.70523982324329,0.660662701350733,0.143190321789715
8,11,-1.1607997378955,-1.74421762372953,-2.49509415700911,0.559078173731626
9,11,-0.851662105997253,-1.36694200817897,1.13938701369902,-0.450692400151084
10,11,-1.36671622188052,-1.95496701247573,-0.0512696941006554,1.81294111119105
1,12,-1.10195860220779,-1.54035519413602,1.1379429439695,-0.260647139082765
2,12,-1.04138284590137,-0.386019477892904,1.05359774508898,-1.84151703204165
3,12,-1.1702327873371,-1.04110956649016,0.617885012609456,1.42433532124244
4,12,-0.957970126473318,-1.10444179115074,1.121090797821,0.2954020502056
5,12,-1.20012652229875,-0.960250529213221,1.49950718898684,1.27740957730135
6,12,-1.23977411702263,-2.76735705733478,1.56415155923205,-0.034543288007766
7,12,-1.16683792760394,-0.813023092645462,-0.978787409446831,-1.2927027113419
8,12,-1.14871223031718,-1.20292113518958,0.603275588751796,0.826246864574239
9,12,-1.04068721872663,-2.1570976489465,1.86312796783222,0.412105655947936
10,12,-1.22925744948068,-1.55273607164845,0.536023189135024,0.990676348686968
1,13,-1.03863397617398,-1.1854999862993,0.0139775541562395,1.43313521685198
2,13,-1.4011757520207,-1.36367581114185,-0.00826580305192259,1.83266250694553
3,13,-1.05616975665278,-1.47372917837673,0.563408734534181,-0.469749506975163
4,13,-1.1704146098783,-1.02998287545279,-1.42198335706835,2.07820694967092
5,13,-1.10465515617738,-1.46749598041582,-0.599724312843724,0.363738656956808
6,13,-1.18697629108419,-1.29530415558301,-1.31170440405574,0.483017438080401
7,13,-2.08608334386523,-1.42847505195316,0.337827574460424,2.57848226986203
8,13,-1.2216820553147,-1.26160583242564,2.06282323543521,-3.56441107375923
9,13,-1.01789604686515,-0.801017700848489,-0.160355649329729,-0.0319516814628998
10,13,-1.04862182329056,-0.879533232360961,0.46853935044402,0.649009367644241
1,14,-0.867991696214004,-1.79359926107843,0.523650915936143,-0.353277175987504
2,14,-0.790463174917932,-1.15817139475779,-0.916909830148321,-0.598455296941301
3,14,-0.911502199969964,-1.36510386503512,-1.33776775194045,-1.36494223289057
4,14,-0.842020126428415,-0.97938958781852,-0.803379024106725,-1.92412750226766
5,14,-0.965081730944988,-1.13788208298011,-1.45754211472015,1.59433731156981
6,14,-0.874137811973546,-1.66881503842457,0.155293385778925,-0.84880307932207
7,14,-0.825102318538904,-1.40887413021948,0.728320246359294,-3.24111606678023
8,14,-1.01781779189093,-1.64275558483792,0.920687848812305,-2.7144802606936
9,14,-0.896132818698608,-1.51600613693217,2.13943666796232,-0.120513180164494
10,14,-1.04206170761071,-0.933888799548899,-1.14427884769692,4.03201820178227
