rep,id,Cl,V1,Q,V2
1,1,2.84441248144343,17.96440105386,10.7632868715551,19.4785715280145
2,1,2.75368628499615,15.3194317604384,7.76027609063018,16.7595875018672
3,1,2.67493588993565,15.7816226700275,8.82916755258983,16.7109151559128
4,1,2.7499869216515,13.9829756210872,9.15287048527523,15.1833575721985
5,1,2.63367366144375,15.9926706487618,6.71540736885039,17.1276605483958
6,1,2.68034836889524,15.3156877837879,10.5215384994379,17.1828365715386
7,1,2.71994440401384,17.2678016276043,5.22888620268691,18.4125606290552
8,1,2.85595218873542,14.578004224778,12.8817337026955,15.5617420956755
9,1,2.88500332845714,14.2984542380612,8.08313815308045,15.1747748936677
10,1,2.82208833346539,14.5403200081676,8.86883779748657,15.8010784457041
1,2,6.78741890232874,21.7262204916163,10.7846943264562,23.6477756544453
2,2,6.40252774186406,17.3145931920899,11.9879665354428,18.4604633769658
3,2,6.57728631406359,23.9067458555092,6.60501900859744,26.0145751427786
4,2,6.83377818083666,21.8082113256696,7.14154998928287,23.0799432636113
5,2,6.84220729271073,19.2190298038553,16.7795065688981,20.8300304570409
6,2,6.40269418139995,17.5297533362007,14.1874884338061,18.8739470734109
7,2,6.61961654726609,27.7017077924628,4.40221046710694,30.6007987809379
8,2,6.37374772600275,24.7263958072824,3.85008805971252,26.9764436275275
9,2,6.61369012295446,21.1014149093913,7.83129822739403,22.9431775942055
10,2,6.679076058077,22.6443950473018,6.33418891919626,24.5195408174347
1,3,6.2756259632845,26.850137104763,6.41923961584402,29.5394875235019
2,3,6.29374834229813,25.5288974098756,6.13332322301127,27.0538287799563
3,3,6.38742449211084,23.7502557094721,8.859503055298,25.3663584084251
4,3,6.10439987594149,25.0327762849033,4.53819531151795,28.1028511890633
5,3,6.60234555886631,26.6730879023862,6.70163320559005,29.1298905188921
6,3,6.28398773021594,28.3243371891235,4.64509992597512,29.2479604971717
7,3,6.56901603490024,26.2247956551562,7.20214909805648,28.0994262718608
8,3,6.25855385608495,25.07780988002,5.97172500836839,27.2065553986328
9,3,6.20003498352897,25.9277303112645,4.75166085923851,28.4671681431625
10,3,6.48467045346441,25.9420575161965,6.93952403975151,28.0902076028068
1,4,5.06973776491756,17.4947675970558,4.55798712942543,18.5715405385086
2,4,5.01257874495108,13.1936463412078,8.54355414560152,13.8375176393943
3,4,5.15309671296868,12.7659800541281,24.7434719460128,13.4149053439817
4,4,5.22658934427303,13.8446763420464,15.8650158632721,14.975724304216
5,4,5.21149557644192,18.5380222906492,5.08822313649886,19.6487514375744
6,4,4.97268437346998,11.2759385668003,20.7638386611261,12.1225514758142
7,4,5.16110720889197,14.7674971375635,10.5921325367681,15.4386334094879
8,4,5.12737853548447,13.9694082537652,9.41358345262041,15.0691542318215
9,4,5.16128805827097,19.9705700885182,4.44484177351169,21.263240914663
10,4,5.14379243052963,13.5445974744333,11.9532216306232,14.4366910879435
1,5,4.95504719680368,19.7100184099361,13.567338383416,21.1326503897547
2,5,4.63079575053759,27.1054257367405,8.35701930521831,29.063624329067
3,5,4.76301591969783,25.003202736948,7.65483238478271,27.1075906007756
4,5,4.82410148478867,22.3738599092909,12.2406979672938,24.6089102157203
5,5,4.62507544040674,22.5257939351415,11.5271823263433,24.6855222904463
6,5,4.50746460281415,24.6096035055257,5.25793428577794,26.5490000295039
7,5,4.65828104430995,24.5580873935705,7.69053469379105,26.5854826278466
8,5,4.73679442379629,20.3937847686651,13.4876937889227,22.3003950133963
9,5,4.27915638791059,17.8438877811497,9.21070203525341,19.3476292561022
10,5,4.54859843628001,23.780542710174,7.82387941326582,25.2238880575811
1,6,6.19215127822566,30.7281534881462,20.8226289660595,33.1469855384805
2,6,6.05814030984259,31.2117219626236,21.4833274607545,34.0000320963767
3,6,6.37546775323408,30.6387125880603,27.9833896771166,34.0098926499641
4,6,5.95390383001893,32.3267162258357,14.7878687805611,35.3927092198613
5,6,6.18439071723369,30.2734336492843,19.4729816994606,33.2078993538804
6,6,5.86582866025136,29.5642007349751,18.7032747002667,31.8300811738821
7,6,5.95255959302523,28.8655894100646,14.7176626892476,31.1331099443213
8,6,6.20833805082349,29.8421991262632,38.9910296156967,32.519100045373
9,6,5.80615716736841,26.2772050457819,20.7961760838091,28.7786631044237
10,6,6.03835876630312,34.7291295528374,14.0304249470921,37.4619981845324
1,7,5.96595236783187,12.2747305879045,3.31207240158386,13.0765295774127
2,7,5.76216248914857,11.6130853503359,3.11259683106891,12.8248337266627
3,7,5.83184149371053,11.8772176940869,2.96586856902762,12.6877653385761
4,7,5.93693137530439,11.5431836765545,3.51951691544037,12.768530146711
5,7,6.28456707129886,12.7017979986289,3.76798972952435,13.5973797386045
6,7,5.89349943579147,12.4688357819241,2.8164132565575,12.954099012606
7,7,5.93231656017776,11.3044541402875,3.29195401663916,12.1001243559691
8,7,6.14348678101357,13.0096909117512,3.63933504284329,14.034555737175
9,7,6.16031774504943,13.5139487006703,3.51434855405662,14.6164698149451
10,7,6.07050154596666,12.7066370439287,2.98986272740721,13.6207109120176
1,8,6.59614395054553,17.4086655984256,9.4801317209208,19.2565903472318
2,8,7.02445920872487,22.0432931863266,5.4987588887628,23.3524503892196
3,8,6.87045606172873,23.384586628987,5.24553848192239,25.701575871469
4,8,6.82621336201578,17.7861895011114,9.94948546001277,18.9856366566562
5,8,6.62969772995791,17.1020324092056,10.9175755598058,18.3046848572377
6,8,6.5391776879184,18.7721749062153,7.77269136223061,20.8416492679563
7,8,6.98178609744126,23.8393752774817,6.76253228038868,26.1231951815378
8,8,6.68183600609553,17.1158887283036,10.0099361265818,18.6510088303238
9,8,6.66377826925649,17.947698188073,6.55942333939882,19.5747734004263
10,8,6.84288417549846,19.1471482153542,8.96451464301264,21.0647015283262
1,9,5.105244023591,19.9372671263751,9.07297607997013,21.7055429869121
2,9,4.89126904273524,21.7051956670101,6.79350453434088,23.6142431057461
3,9,4.88915880825599,20.489467414163,9.01107634374835,21.704640942095
4,9,4.88435720338287,20.7423297311853,9.10564730961424,22.197164719978
5,9,4.73206764687724,18.4985690571734,9.50078935693947,20.3237979256205
6,9,4.86560465351348,21.8935563853187,8.3056412267666,24.1556034867215
7,9,5.17912265250623,21.3280259585005,8.52269629935376,23.2324006657259
8,9,5.00177659289002,19.1193737061632,9.98556635050748,20.7486602265888
9,9,4.78622660476065,21.3587516322891,7.34617652255936,23.2389157545842
10,9,5.00760963079394,21.9673519502598,9.31436985580741,24.0106432694731
1,10,3.60828569079246,13.5129480652571,6.67730808636183,14.497466121915
2,10,3.45684511624156,15.9811136338469,3.69681005112407,17.3029214487794
3,10,3.63491907286798,13.511233847318,10.1600579553778,14.1159724023571
4,10,3.55032518413664,13.1041126175248,9.69341393651124,14.0863361669607
5,10,3.49148584671157,13.3285204020711,8.06023077317082,14.1410100914108
6,10,3.5080937132576,15.2872809174837,8.96176600411806,16.072950110332
7,10,3.56211188750982,13.4723064485846,10.7975736387393,14.5760518787627
8,10,3.4343945013487,11.3817739753622,10.2543284587209,12.091015957904
9,10,3.59796519402724,13.831158210882,9.37377583319286,14.6697627092484
10,10,3.56405207945262,14.3697186140138,6.97361531792504,15.5716270438588
1,11,6.79592553554108,21.5580913027574,13.6251697008408,23.4155691361465
2,11,6.85203217759043,24.2471117680787,7.03291541637788,26.1012186471164
3,11,6.70315219864426,21.9052601809856,13.8679022544831,23.0159880997941
4,11,6.34873987500625,18.207071752729,12.2422832649244,19.6308015242006
5,11,6.66011952780998,21.0132604282931,11.6282742152056,22.6895763750032
6,11,6.58335795349297,21.4748106449303,12.8169264349936,22.6202880700543
7,11,6.62238171072033,21.2162059197033,14.8980156018128,23.0408981442021
8,11,6.40969237840834,18.3607525028322,15.5382483461559,19.9521999209481
9,11,6.38092737151647,20.8502340369965,10.0100075876838,22.9941752432437
10,11,6.59374727975062,21.5514689432062,10.9384246825182,23.3943447107009
1,12,4.89785601209805,24.021919588742,11.9675874345406,26.0577341596844
2,12,4.9698120535294,25.2506096915173,9.26795126634991,27.435377135006
3,12,5.0186851339127,23.9182528062451,9.56857599672698,26.5017395267719
4,12,4.89855445224925,22.7734381476297,6.56549909057819,24.8259031507993
5,12,5.02866545434618,26.0951158814972,9.27634468523619,28.2445702271004
6,12,5.0003506385765,24.228119141739,8.44535197646241,25.9722874534637
7,12,4.92989634453343,28.1307980452116,10.8118826130752,30.8698036150061
8,12,5.04994519059493,23.5308170766054,9.19271685454194,24.8311989404419
9,12,4.94974206710465,23.7069301960158,8.817921633293,25.6112626642219
10,12,5.01669787048603,23.8326520290027,11.4347141022291,26.4689804039218
1,13,5.23431065822972,22.6140064222229,7.18523851878663,24.5259199512898
2,13,4.9722579328732,17.4269104641695,10.2301781118178,19.0985906288593
3,13,5.26040586144017,21.5764362461221,6.5573715455148,23.8358048801542
4,13,5.39395644236036,19.2292159128766,8.74984002573541,20.881586034078
5,13,5.30755080293738,22.5331799817155,7.70615049696936,24.219441172513
6,13,5.37111224793354,17.9539840722361,15.7150105749487,19.4390340279776
7,13,5.29439023289961,17.6280297771005,11.0815625490689,19.3929592390707
8,13,5.13224866335728,18.5551632192562,10.2197729726864,20.0274670949335
9,13,5.40657649118334,25.148835312863,5.48946132816055,26.863359549221
10,13,5.36543175542073,18.6645379011223,15.8068943908232,19.6454357069086
1,14,6.0076009070129,25.9790085738912,1.17515435756589,27.7239698410219
2,14,6.39186485567902,14.7619438428047,34.3119220833686,15.8768447323583
3,14,6.29617446176169,25.3567018738506,2.40228051921003,26.931480172261
4,14,6.27633295284301,14.1281689493302,31.6054230662882,15.0526988379633
5,14,6.15252966441244,24.4150222042103,1.89832539742562,26.9572535348946
6,14,6.45785461262324,15.0625193885267,33.4428198989281,16.3838714619921
7,14,5.97687428413292,23.4925187359863,1.53570222529727,26.157976317119
8,14,6.54046762878115,14.5951992745641,23.2534921967711,15.6130843123004
9,14,6.20530232853812,23.0946294557324,2.44188501142493,25.3130807040188
10,14,6.58800243541964,15.3332805677117,29.3150212009868,16.3642949518021
