rep,id,Cl,V1,Q,V2
1,1,5.08058352118362,30.1053911175239,25.6789856914885,88.4183985432798
2,1,4.0317626921302,8.2480805160547,91.4614633278622,155.273463600354
3,1,3.87274327564552,38.1316111286004,24.30489137512,55.0878644477333
4,1,4.63838404192307,3.59018491394263,19.1785464406705,106.173905682186
5,1,3.4123270192087,49.8118383388892,17.504171675092,182.380582088588
6,1,5.52802786788225,46.4751614586454,276.073059284352,15.7818329583377
7,1,1.25675657273499,5.91871111937485,28.8015323518865,476.813210154693
8,1,4.61129601695297,18.171535149821,25.2227674627662,131.219186578255
9,1,3.02970100492268,38.1401978660633,24.0705186113166,149.5741107695
10,1,4.08058781615573,20.707740009293,78.4448233706055,223.301713407251
1,2,12.1537286419598,11.7835019159494,49.6185891336311,69.7927931797861
2,2,14.9066573174706,37.7635691371225,20.666741735327,54.1059417477394
3,2,16.8115398693842,27.5486167544027,46.9068974236034,118.929195905356
4,2,15.4453447246422,45.5170111153988,18.4523497151796,122.084974510353
5,2,15.8813764763225,5.78788252951011,56.2548194816873,178.790895277769
6,2,12.5097329342999,102.750012297515,12.8140737296144,84.4262324694061
7,2,12.1790290550794,46.2129771274495,63.1167229163351,9.12008655321102
8,2,15.7145360031915,54.3237906995189,24.052399484672,139.630672161685
9,2,12.5756953909191,13.2513222640812,145.434221758824,51.7638461723414
10,2,12.9597807292843,48.3981829979015,34.6209884314141,21.0036928589228
1,3,14.6620433825181,58.4852449831807,9.82860118741687,160.688449229385
2,3,12.0169667749297,67.9744619229408,1.50913576189654,15.1885769882013
3,3,15.5949130651087,9.12257803145457,88.112258630228,101.260394692277
4,3,14.9315209945988,60.0569667197466,12.7182749152301,72.5917395607648
5,3,12.8562924598618,42.4649780736677,19.1460142249515,247.367570983797
6,3,4.8358487651302,83.5809718361898,24.9014740232636,1219.38653524028
7,3,11.5256403169352,63.5557540689473,18.498051913993,54.3371661044271
8,3,11.8118041938203,5.61686360475518,400.391207422329,72.0247302695843
9,3,14.1103018621614,17.6096104564322,48.8611279253238,124.666841909271
10,3,12.3194950863745,77.7954958381113,16.988143785952,210.133185702629
1,4,9.50931120841039,15.5745435487861,24.9184524595579,24.0744060856734
2,4,10.991190845683,51.8561610589597,5.17153021200141,21.6443054980923
3,4,12.3932157387424,14.7369952801624,48.2695607458195,53.6808207526373
4,4,10.946661180188,15.4854906202172,61.4652862754284,45.5153093080597
5,4,10.0133363334612,40.7345764585868,10.0331468038759,44.2019222106846
6,4,11.5962467327615,5.25743818466113,380.753976897025,48.0845115922893
7,4,4.46491234792559,46.7252779237792,10.7211020160232,652.725262693621
8,4,7.87225299755583,31.9757710790523,6.04133606737648,280.529380134328
9,4,5.78693250933648,38.1540388418575,12.6270498965621,520.86868444847
10,4,9.80993930397793,12.9484336962209,22.5266813286021,42.1730417100332
1,5,9.9481148352354,38.8738262101504,42.801300998,97.0128336667503
2,5,8.33928778443653,32.5640075741517,17.9894492325421,229.402271774592
3,5,1.14947436280118,44.4213188549584,30.0353097861015,731.233183067499
4,5,5.26480354221266,61.9210888748491,5.40129581322163,934.968117686085
5,5,5.13382493040505,43.8989682710584,7.39075999158962,739.859824119529
6,5,9.07562247378059,31.8947970325477,75.0726610945127,32.472022090849
7,5,9.49444329226757,42.1945843535656,54.1331042490612,144.269529960865
8,5,10.6064717050103,113.903327339102,25.8358927063836,180.447382899073
9,5,9.17717488465131,31.9253549083465,240.379126797126,82.032589286572
10,5,9.00218642474491,13.8268472872762,105.748047918692,108.858433045687
1,6,10.8120979255857,7.09516895733951,436.260751048735,330.943234495618
2,6,13.2251534007714,20.0972369007514,184.833900620232,154.141402608327
3,6,10.0751770119916,124.852565651901,18.0857106453182,287.908164495844
4,6,12.1696948535858,33.0118792545313,106.158162161054,56.7447864236972
5,6,10.4636383661805,85.2876556978593,16.0798752108502,92.2721342906995
6,6,6.06588385822331,93.7972039479288,5.33660386032399,31667.0275321132
7,6,10.3861852348442,107.761739800377,18.1250629614863,171.916802207646
8,6,7.72219971763288,108.466462173489,30.7343525857104,495.083543760842
9,6,4.08825976265276,92.1981808263154,32.8904452016575,993.783980460456
10,6,12.4151355011783,74.8908254776147,5.63491957628204,18.1778813055922
1,7,10.1276390676722,32.968973403485,49.545566029908,16.7416574976844
2,7,10.6373776540268,17.6772314038953,155.956883278693,25.5335936604592
3,7,6.61691255034097,48.3241060075892,6.29035613632553,4045.40898264515
4,7,12.9288881993752,16.9149556434365,185.656582548955,40.9120275702343
5,7,10.1672594586205,10.3044231868253,95.3790209711449,29.1824390911836
6,7,12.7396234956389,23.8587060998217,658.23220194454,44.2642539518643
7,7,9.25258564742468,77.9746657732434,6.8867207553814,787.236946776722
8,7,12.9658463431817,18.5814046474123,642.812151869985,42.2375060327336
9,7,8.92006690054883,49.0687657656674,3.99940375215615,808.520665432895
10,7,12.7769661816924,29.7071867325046,116.121977955204,43.3558307433503
1,8,13.2053786589888,28.2110262991287,50.2092019272246,70.3225923375357
2,8,7.61518918276596,38.3379465221578,12.6755961909876,766.186411776655
3,8,14.7218734528757,50.0681242706623,68.4765279125502,16.410418177517
4,8,13.2473989907753,7.20354161836198,80.7086719298152,64.4928838099517
5,8,14.3460611066776,0.901804367039407,153.460978319618,60.0236376166399
6,8,13.5570705515244,33.7933166520604,109.997492075908,38.6212294573674
7,8,12.3571897151266,30.0097921881098,25.0897512621459,24.6197899003659
8,8,12.0061316320565,55.2893897804942,246.107882244026,2.63433163460334
9,8,15.1308902532231,28.13928920687,48.9935418995604,72.2521201525636
10,8,13.3086100070983,13.1425687791602,100.286024919478,106.759756820001
1,9,10.5461787809117,64.8561790436666,25.6104814434183,22.414260413241
2,9,8.98258156911227,64.90742299737,7.5495568917118,195.472437859926
3,9,10.9720219602988,55.4749613784261,32.3817289750877,141.68112667606
4,9,9.7539501993451,44.0759843879493,12.0356188949028,120.065365405276
5,9,12.9154839773514,7.23247184058069,80.704620219442,146.417277032092
6,9,8.57686062453305,40.4430906077723,20.2786571745549,192.956008493901
7,9,9.45748501460888,27.2618597904448,8.6052348663331,28.5447478727786
8,9,11.8799905842238,2.68396910832631,88.7550071857618,78.967081330015
9,9,11.0692849669804,47.953689342289,18.1904296874816,62.5664024102772
10,9,9.82645103128475,46.2700191353567,30.5645582339647,211.728231389894
1,10,8.66165400994911,8.03364610704232,96.5353168687096,80.451693972285
2,10,4.84337742304173,24.9138625143855,3.6940215708879,284.456267346526
3,10,7.0991206758184,31.8032885800594,44.7157496155354,7.12209499755856
4,10,6.73477891514431,26.9228371562221,7.97620325548608,10.7582724692515
5,10,6.62792852762544,12.462078482113,139.635020594277,20.4979105122272
6,10,7.17699642169391,10.310208227223,55.1495159766782,63.8910978090757
7,10,6.83533132416658,27.1878304194137,29.0142550979462,17.01880502857
8,10,7.67007151139243,27.585034031097,80.0256308649919,19.9942300448053
9,10,4.97484778653461,35.545162350938,9.02193345231708,275.236639643252
10,10,6.83447134175113,2.82839440272824,109.961637435157,31.4561213021131
1,11,12.0237373359135,87.1518699338026,290.910422636939,6.73488984088174
2,11,11.1114033535336,40.0831311874616,35.8102615166366,352.080756371345
3,11,11.9879179807342,58.8722668266093,10.0959788376395,103.125965031585
4,11,9.21467808068433,33.6827169650221,15.4084357730364,449.718635246055
5,11,13.2062786975852,52.5424815351011,12.3171230169033,65.9584765777767
6,11,12.2473778106256,24.537587394958,13.422873283627,48.6627858504175
7,11,6.46368722800641,51.8070638673855,15.6058295294333,750.329406354098
8,11,13.5885622461216,27.078306380651,96.5590626549815,71.0111956002696
9,11,11.6604317740594,5.86640853362678,71.367294424612,110.964187064076
10,11,13.2830468607152,73.4737061869113,7.90246524246678,403.702892261874
1,12,10.414338938539,23.3601920953291,93.3743055918941,91.0718742237032
2,12,10.6518435325417,10.2904156607599,93.3317619876735,216.808409375508
3,12,8.97069405796098,24.1964735311585,301.53168748792,105.139473365933
4,12,11.8117695569889,62.6679322382712,62.8118976621381,134.948724941644
5,12,9.62489728809182,14.979536253369,115.076557509223,78.4760255851806
6,12,9.7605788398732,78.4999646535341,6.38483690555885,319.910505844115
7,12,11.6459847498261,94.1178158857333,48.332709352547,102.691767885858
8,12,11.1210313702523,24.6379450933216,51.7558539369502,69.2271815187474
9,12,6.56485883541653,62.1459196414115,8.09107320253615,449.884158267902
10,12,9.1247096626632,78.8495077732177,0.554549348115755,198.431057226342
1,13,12.8386966513891,85.3569557260373,14.2334885179581,145.425806089492
2,13,11.8109371179464,59.1096388343579,17.9647118935109,132.879741670959
3,13,10.2700769953821,41.3259547919324,26.0627368210348,31.7658917833071
4,13,10.1410704920239,40.9522148242634,15.7596926932329,284.703587315637
5,13,12.2151669340891,61.0201513873416,4.29085324803521,22.0125327840448
6,13,12.0227906943877,69.4875515659824,106.262756728537,23.2616230769182
7,13,9.59357695517917,30.8008584437513,807.257388676663,26.2890653067907
8,13,9.15270185058771,57.7547851852783,17.572936165939,145.332760105507
9,13,12.332808425252,6.42348498487062,105.305157222562,212.484251445487
10,13,8.41680155852607,44.0757187736703,13.6999009151481,238.220496129722
1,14,11.3740977709631,74.1610999886094,2.51987752021346,245.065653619454
2,14,13.597746510143,11.8582539085491,55.5869315570581,44.38602867057
3,14,4.70292277991601,54.5177218339825,15.9233461131408,1286.86738679255
4,14,12.484691283723,43.6036446766104,9.78937635093095,13.0518259069211
5,14,8.7611882262522,58.9347952110225,12.2846668545878,1207.82182395481
6,14,11.8576633525937,16.8309447662768,302.506397203316,40.6340720181992
7,14,15.1490077028854,72.0869731844223,3.59531477482373,160.23504848748
8,14,12.7939901831697,13.7747023581179,220.444453041215,39.6270152531833
9,14,11.1172985703215,56.6398310268601,3.00988163149139,71.7981828660209
10,14,13.1053970756305,3.25329729269272,49.3762791450616,125.976034389023
