rep,id,Cl,V1,Q,V2
1,1,5.17328448001813,19.7654113684385,3.04551546445813,25.5234677819359
2,1,5.04880335589997,19.7922483333064,2.77378569982308,25.0560657535076
3,1,5.23373206231042,22.631576485369,2.63891779163887,28.0300266938447
4,1,5.08360266153043,18.9907947987232,2.86612458120642,24.6721859619851
1,2,4.80241257965393,19.7447419760516,9.19626558181403,25.1821944227298
2,2,5.11893243218074,19.3217574697712,11.6845739401365,24.7185239337388
3,2,4.89773271985283,19.6930303409862,9.85713258436282,25.2714622729046
4,2,4.97170182046321,17.7062538808532,12.7430634580332,23.3842081395384
1,3,5.96471094960404,25.5314126146078,1.38955127099789,30.5466247930766
2,3,5.95809167901536,22.508217248614,1.76509985523363,27.5750486693096
3,3,6.07151851040169,22.5810988645649,1.85374633185786,27.398504400728
4,3,5.92381583061203,24.0228181318141,1.51714852879046,29.3568003880286
1,4,2.68229083287711,16.0245400525385,6.92503375837871,21.6143564647327
2,4,2.68930479902442,13.631786281162,10.1893618729886,19.5835243009609
3,4,2.56087997713291,15.4642985607162,5.89866225597865,21.1833684677935
4,4,2.61800270484085,16.3153262805068,7.5791876414037,21.989820358614
1,5,2.53939500190829,17.1185880722292,5.07844517706253,22.6078115623298
2,5,2.46509052688166,14.000427925273,7.66595743386711,19.6486405348465
3,5,2.71854212131564,15.9811037906847,8.29100448073569,21.612149353202
4,5,2.66020991436752,13.8437651666845,6.81964408843418,19.3210501437443
1,6,3.35676743092553,15.7980306710299,2.75746679624027,21.4336710074968
2,6,3.26126101780486,17.7794569771297,2.10305743292652,23.4606615423427
3,6,3.43311325465015,17.1797687004578,2.06031588136713,22.967140084121
4,6,3.34911382149158,17.532309958471,3.41857421590738,22.9577084157153
1,7,5.86132034512423,11.9144511536846,2.89054084518212,17.3776625904793
2,7,5.82029404335301,13.2459736591678,2.28774726940356,18.9022846341101
3,7,5.94635074575611,12.2242529732834,2.93017342780446,17.7161443024123
4,7,5.76169185961713,12.8993023840151,2.23943338976056,18.522712466027
1,8,5.0471360091479,19.6674993597411,4.06107929547631,25.496102781627
2,8,5.13115641664176,21.5554217019054,2.99349035974683,26.879031351514
3,8,4.84780361017293,19.2679208441117,2.64897807927333,24.7573118152094
4,8,4.9803653646365,20.0553110784185,3.034259298109,25.5682085356293
1,9,6.49590919796769,22.3720917890602,4.83861242249046,27.4637001320611
2,9,6.70130068518564,21.0114961865623,6.0725357965631,26.2993337272236
3,9,6.59572888016086,21.0255003999722,5.0881040428926,26.393066409484
4,9,6.32243269013475,19.4476030424886,4.36005922797389,24.8452898268661
1,10,6.48374601426029,25.7331153862672,5.94718452180126,30.6896972326896
2,10,6.61778695157658,21.4746317749491,8.61208864747303,26.6574577541172
3,10,6.47453336710736,27.9858961033849,5.82364696658246,32.4699029627916
4,10,6.29700982755297,19.3981664671777,6.4305742057103,24.6142832351753
1,11,6.65303198736414,26.0021053502218,4.10515941431874,30.4717380780164
2,11,6.5050028130022,20.2148752811952,5.19098740953769,25.7977323151683
3,11,6.31123481587899,20.1150569527001,3.73663121430686,25.1961750187325
4,11,6.3549435546875,19.1934619671236,5.32818350183451,24.7593989224723
1,12,4.68138795970528,18.0076266462343,16.1483564711823,23.6966634766595
2,12,4.41084414227006,20.9533428990651,11.9145557071255,26.4666086250142
3,12,4.41823727790369,18.6650870665627,9.00356462074006,23.9993360299313
4,12,4.49690326052954,22.8302923682688,7.88568953532152,27.8390906503636
1,13,2.56102051042453,16.0828135738975,9.81204990980616,21.8258708587379
2,13,2.49307482195717,18.7514792421099,7.67680113570521,24.5838007599134
3,13,2.53064096524316,13.8743949921928,8.30866865997811,19.5410389919554
4,13,2.53934925993315,14.0795354859807,6.73732991026881,19.8391761992725
1,14,6.70138250923312,20.4528625420088,5.69633039430202,25.9186063106958
2,14,6.72405276468513,20.0735672483088,5.96618980140655,25.9307913974045
3,14,6.6093062674392,24.1870099319899,3.75133896125542,29.2657740360397
4,14,6.34834839421946,20.5428654466464,4.5365079926005,25.6697970859211
