rep,id,eta_Cl,eta_V1,eta_Q,eta_V2
1,1,-0.679662910553131,-0.303350085662939,0.0757420625606866,-0.284580848836528
2,1,-0.740329148864789,-0.315544665991287,-0.227681344623832,-0.320147445610897
3,1,-0.718264720822443,-0.0754700198541767,-0.165935776713432,-0.0778489067075041
4,1,-0.660966495921345,-0.478623133058944,0.248443706875867,-0.47969355758166
5,1,-0.674945944843997,-0.21492284609218,-0.129819756030731,-0.246305827092876
6,1,-0.733715589123638,-0.296889504799203,-0.337108009786412,-0.302765679541969
7,1,-0.736813734372137,-0.186682997841484,0.337159379370881,-0.15909765705247
8,1,-0.691428998426944,-0.270670996749358,-0.0610093135316011,-0.268160409234853
9,1,-0.691958151594453,-0.166023118767831,-0.0314636975213946,-0.183956736038947
10,1,-0.656309379779351,-0.484739356968439,0.516126598417587,-0.472588112360216
1,2,0.299843190052819,0.123106100108655,0.60882101256994,0.113091869477619
2,2,0.211326208532288,-0.0145525759585802,0.325449513379046,-0.020112471816831
3,2,0.259126717835626,-0.159174448967576,0.627985150941137,-0.149689372255338
4,2,0.255452424227342,0.0386840815542754,0.263528752249326,0.0463524820833918
5,2,0.249584132525875,0.1997736729034,-0.0665479608923294,0.211184985905769
6,2,0.229565699746352,0.147836741237586,-0.0830994564757035,0.149566822104092
7,2,0.231771517382915,-0.327877744403482,1.13518861150108,-0.333917565920309
8,2,0.255917842778716,0.0209679068089189,0.138450105435276,0.023710365917081
9,2,0.250223494334042,0.283538526753928,-0.198578537263416,0.290132373113958
10,2,0.206391962376689,0.105129306396281,-0.155836226309182,0.114331588980557
1,3,0.176599293965457,0.123898920797428,0.323361922036565,0.125839079962356
2,3,0.163127865899679,0.186383933659719,-0.319231222319116,0.207807577795548
3,3,0.193236875041509,0.296038468992896,-0.248332073192954,0.321239543153334
4,3,0.180613937982407,0.189979140427546,0.0308141038706101,0.188949901510088
5,3,0.152542092459115,0.102891904903301,0.243669919677073,0.112763616695863
6,3,0.143722252380859,0.200326858892683,-0.0774529934218282,0.179369398794314
7,3,0.186209760566727,0.264882767412963,0.0677968874899925,0.285419640681215
8,3,0.194267317744109,0.167065269738417,0.267017086879312,0.174087345722596
9,3,0.212396741217591,0.0756771983036084,0.529904988598539,0.072401473131505
10,3,0.187857036711284,0.131617017908356,0.192198605351122,0.135427931015675
1,4,-0.012278493716523,-0.185261189071101,-0.259038549759668,-0.170953628320073
2,4,-0.00790042551559884,-0.488593787962587,0.59838344324606,-0.5095886585513
3,4,0.0146423893657206,-0.278127064813428,0.210261843046725,-0.280107372830946
4,4,-0.0338520804932384,-0.558325124842139,0.666437133096962,-0.561682832341217
5,4,0.0347437733290323,-0.405158683022046,0.92208180598738,-0.398831447728295
6,4,-0.0177247287632169,-0.0803304767310081,-0.580145599707371,-0.0616450512921228
7,4,0.0204051871533238,-0.342961540531096,0.64456500995565,-0.342456792243336
8,4,-0.00136807478792431,-0.469499712118444,1.24305026546967,-0.474363791229644
9,4,0.018717668006298,-0.445379562381956,0.587136261434076,-0.474132497061937
10,4,-0.0240628557505775,-0.305473831790183,0.017336169906804,-0.318179318127103
1,5,-0.118288937915848,0.175381207036519,-0.0106787847501654,0.195205796768776
2,5,-0.159819244112601,-0.0272730318063903,0.234745291033855,-0.0576826226967188
3,5,-0.0781482923036752,0.230587066613386,0.358905477745811,0.246273861175105
4,5,-0.152957691855453,0.0643083607713386,-0.0310231528240264,0.0743271591295532
5,5,-0.0797088493724265,0.0490653336503248,0.853255496270633,0.0615821602174777
6,5,-0.111615363956751,0.0228481754120764,0.462199890603949,0.0213664662060508
7,5,-0.127917799762342,0.0790806562822262,0.507679372478325,0.0885877645062556
8,5,-0.139103917251461,0.0108818144940078,0.780983985532938,0.0212187453414895
9,5,-0.148038229984408,0.0430183673756342,0.256051840400622,0.0444970251527187
10,5,-0.146934244177846,-0.22669604411607,1.04556470618057,-0.223631663787369
1,6,0.142123701704961,0.401731011549491,1.13268044918731,0.413229428993459
2,6,0.130547159879315,0.542870980325565,0.798368527438553,0.542733106861231
3,6,0.149505865307894,0.388489191353943,1.04523739449857,0.383393102625828
4,6,0.149453500267212,0.43247171509291,1.23466888978056,0.447688461044779
5,6,0.137208666344466,0.47705795728199,0.693838203362432,0.476891688104422
6,6,0.135445426957068,0.68338094593226,0.00628603738224513,0.683100228567076
7,6,0.163433484887961,0.474642206076568,0.690882695656255,0.466344801499589
8,6,0.118001746025465,0.413437625393547,0.674933970096124,0.419053485096155
9,6,0.155548464934981,0.518161279699699,0.931473952492381,0.516525281320327
10,6,0.138451406146044,0.613229386594289,0.18103613820684,0.611152202075517
1,7,0.0608031938336834,-0.637954742540544,-0.839338109149047,-0.633027295103855
2,7,0.121780426885154,-0.59804991198494,-0.633814938242285,-0.607924779601611
3,7,0.0989972396991848,-0.597922795919682,-0.71411824335827,-0.592940220968914
4,7,0.0900283217771758,-0.547907954142582,-0.734044405814263,-0.584014756238683
5,7,0.130994724503897,-0.542659620749936,-0.593823134094779,-0.551731951262861
6,7,0.129675185721669,-0.541397644736871,-0.688697288357635,-0.54351521697212
7,7,0.0847879393082311,-0.582417397814006,-0.568440490367849,-0.612832357436765
8,7,0.0510929238948622,-0.563225770738848,-0.992604868680454,-0.578633896167153
9,7,0.141040541203168,-0.343710947650271,-0.880600399240052,-0.3500267543384
10,7,0.0950652787177322,-0.564194400566636,-0.639356309911266,-0.594307149611351
1,8,0.218294991953654,-0.15073651702189,0.163367287813604,-0.158068889827181
2,8,0.223723299576358,-0.000365466828045162,-0.153391973398574,0.00472588023843203
3,8,0.24116996972197,-0.0514987747130875,-0.0490632900157466,-0.0891360149943125
4,8,0.204207809411392,-0.0837658968979298,0.0502819122745221,-0.0685314288473166
5,8,0.206035732048953,-0.266196925032819,0.406537218917113,-0.260542842644875
6,8,0.208463110476676,-0.039967093193559,0.127753113792053,-0.0603246107882901
7,8,0.17704900650591,0.0385273423360814,-0.554420601507189,0.0424925311727216
8,8,0.252769456335108,-0.151759373752702,0.272989409745727,-0.165983900844962
9,8,0.261486192391204,-0.215216683594193,0.142350162529748,-0.199003923369846
10,8,0.264506923620604,0.184460057719871,-0.397903236237249,0.197640943199111
1,9,-0.0257120230009204,-0.134992543509441,0.456137138293438,-0.140311849122456
2,9,-0.0523088438023482,-0.0363147352280914,0.272267246311064,-0.0240282316341953
3,9,-0.0382876560525915,0.123054099946848,-0.181855533590904,0.136909504166976
4,9,-0.0576803861790109,-0.0300747173328247,0.140188120097591,-0.0422961601004208
5,9,-0.0545495291960014,0.0848192551313143,0.327318502581892,0.084405331384812
6,9,-0.0416825909964754,-0.00387064966925123,0.398258579041082,-0.0159654734997587
7,9,-0.0690394108604839,0.0256863910709595,-0.0967347370564502,0.02175913689677
8,9,-0.0384602549096008,0.0227446314523154,0.0312506752839862,0.042257285366745
9,9,-0.0609003209048853,0.0387492889536354,0.229869460816886,0.0185389100359322
10,9,-0.0211616314881965,0.0581801463895619,0.176507553071204,0.047090140285126
1,10,-0.400251861375042,-0.127821699493405,-0.740113514190381,-0.12086889415076
2,10,-0.435169918849999,-0.161583380281547,-0.725717248739118,-0.17395820752107
3,10,-0.428984492786414,-0.406969490760653,-0.0989887128414904,-0.413245479845897
4,10,-0.404890075326522,-0.0691502684681297,-1.02413431643807,-0.0888240589750144
5,10,-0.442345474351164,-0.284014607596641,-0.835483119780144,-0.295661534896585
6,10,-0.427726395965208,-0.141120267797356,-1.0375956600857,-0.141877340683784
7,10,-0.421412900571066,-0.24669886202173,-0.442076735447457,-0.256973099199697
8,10,-0.397581458475383,-0.234149462994293,-0.692115643397288,-0.23194704283637
9,10,-0.404892116525178,-0.261622822764025,-0.601135199123187,-0.270056613383248
10,10,-0.435236659783727,-0.176107493150727,-1.04556170327984,-0.188737022584761
1,11,0.215557338799505,0.193261935597207,0.0699048027782492,0.194642327350294
2,11,0.221314529723354,0.279794475885433,-0.15353551506075,0.305906982616847
3,11,0.179639694434464,0.159718335908062,-0.246569605496057,0.14322673921332
4,11,0.19314364918953,0.0674576691401226,-0.0659879140289714,0.0633186326840442
5,11,0.206635871581855,0.0923015087669389,-0.0395868861353579,0.0807344270461332
6,11,0.255270463105734,0.130094874866219,0.170056157516397,0.121977102063445
7,11,0.214885995962898,0.123032532821084,0.143420058547938,0.142548050961319
8,11,0.276782049016391,0.320218022050678,0.0484795750903097,0.340439625759381
9,11,0.171593476880887,0.180190278529973,-0.319832755185219,0.208051773459958
10,11,0.19602060278609,0.306685731943589,-0.376075320727315,0.306673810290543
1,12,-0.0910820334499903,0.025796095114725,0.379753265863586,0.0117450102895265
2,12,-0.0270224714537551,0.107469069218711,0.552346575624599,0.120781332369534
3,12,-0.043816819599427,0.180202791382727,0.121334735256601,0.185048806958455
4,12,-0.00528502850740042,0.291388390988635,0.676915292723875,0.27699118173656
5,12,-0.0649072785901581,0.109419071160035,0.355685413221178,0.104924363736906
6,12,0.0182403722922338,0.205527383078234,0.717596152678362,0.219853127915903
7,12,-0.0303231202837683,0.117459965830236,0.368085056005476,0.14029541712903
8,12,-0.026210304197499,0.224766898757637,0.442256104614371,0.218400333211398
9,12,-0.083485074326063,0.087124592641001,0.513628455418948,0.0913812321454909
10,12,-0.0333930300047501,0.211048682282083,-0.141697651159375,0.200510124187897
1,13,0.00236177294283224,0.085127484237718,-0.18451259931919,0.109277818172141
2,13,0.0356234682179178,0.241340416945014,0.133627590645535,0.24704845697819
3,13,0.0637450928105638,-0.119323600678976,1.08738351422665,-0.113997146090073
4,13,0.0649776516385838,0.0678762835144,0.243739018891856,0.0948032368959136
5,13,0.0479874947016102,0.00221885154296499,-0.0128558570117496,-0.0165861121159836
6,13,0.0523393911187517,0.183416904578583,-0.248182386038773,0.185928781142415
7,13,0.0269585929867623,-0.049525156769923,0.663731091318148,-0.029250754317759
8,13,0.0286903323210815,-0.077436885609193,0.656329183762998,-0.105434794187788
9,13,0.0493765022053418,0.0995213539079181,0.269069487179898,0.11885576750974
10,13,0.0793961346302016,-0.0589769945461396,0.796083855301045,-0.0484673507315961
1,14,0.156721027960169,0.117355971234915,-0.973024558873326,0.125653561667756
2,14,0.156159171822556,0.210946737050607,-1.33162097005216,0.219831543491328
3,14,0.124146663737446,0.132538351929909,-1.07617735777728,0.161822716847326
4,14,0.185904019486927,0.147343437031801,-1.33089964867839,0.144871770780914
5,14,0.17891721303701,0.249488225141785,-1.26111475647842,0.260432025893623
6,14,0.164754039883366,0.167837945298427,-0.769079150756796,0.174763544923665
7,14,0.107647713380313,0.0288653621725682,-1.01630460466787,0.0306930404385831
8,14,0.139171345947117,-0.0135151675357504,-0.871976185405117,0.00114000415386595
9,14,0.172066632511269,0.218630603941928,-1.14138750658109,0.196675203532772
10,14,0.167160662156843,0.235316616850447,-1.43769542740581,0.249604171775571
