rep,id,Cl,V1,Q,V2
1,1,2.58628239999201,14.3504489270122,12.237784601616,41.1777788398573
2,1,2.55583255988443,13.4858903729359,10.4134267466085,37.8863341617273
3,1,2.35925228861812,12.9127741861625,11.3903952026129,37.6323319575053
4,1,2.36641379925441,17.0115043295458,6.85498761205891,48.8070512141296
5,1,2.59212432571071,15.5035901922474,12.3353543288035,43.7040811368226
6,1,2.62025760823903,14.8021687062508,10.0392407344763,42.625775104957
7,1,2.57806254018635,11.7254688895013,17.5350583930415,32.8655508484852
8,1,2.37680258926233,15.1838245769668,9.15824546696733,43.5764094400838
9,1,2.33258941204243,15.3937097898341,7.46646360744996,43.8811397791829
10,1,2.59560639912349,14.6128558834144,8.29289385536314,41.7538667677312
1,2,6.1060010037974,24.9332762211156,4.61148441959762,71.2786224204606
2,2,6.35267949272108,25.8061463313588,3.91688713056466,75.3739278176892
3,2,6.20554932570694,28.7731366092638,3.45437535467192,81.2283453292728
4,2,6.43577297151582,25.7038999505286,4.67668248167763,72.9838613208348
5,2,6.2360342541561,22.3330380743222,4.83577649975266,64.5188438195106
6,2,6.08644632703827,28.8200193785988,4.62351628106991,83.8091496383737
7,2,6.48719360040212,27.7468410202427,4.89229132133926,82.7824639389581
8,2,6.63831816231419,24.0878951261214,5.00348543597707,68.4914470275169
9,2,6.2028561110173,23.3413762255247,4.41544023772024,67.4512105596018
10,2,6.08880806233259,26.3541329476253,4.14362112241715,75.6140866282926
1,3,6.10584852139915,26.6869554580117,6.18983016486154,77.2255416615378
2,3,6.02863831516828,23.1892655600086,6.74600040005747,67.4174323020876
3,3,5.9182761988686,24.663706199107,5.22221220712236,71.6606351804373
4,3,5.95123536820999,24.6216581851176,5.4312526802215,73.2295959311793
5,3,5.8373513379817,24.9821593763476,6.10568758033852,72.0659160030147
6,3,5.91363978461162,26.1403426778967,5.58789893870169,77.4788101547613
7,3,5.91134009692791,26.3885992749837,4.75271350748991,76.8905706366585
8,3,6.06465154284926,22.5521830361767,6.5692195110957,65.3710221927471
9,3,6.08038013761893,24.9213342226421,6.01773298714229,73.2480957624567
10,3,5.78064311705862,26.3207748889745,5.33866282162826,76.7647006721913
1,4,4.81883839649808,21.5895203560124,3.106620672742,61.9372614250806
2,4,4.68536756675496,22.1158452120632,2.64720795605582,62.8621530599709
3,4,4.96660438344734,21.9773975716745,3.08760191762474,64.615343451186
4,4,4.65853064560022,20.0747126473524,3.05379218609852,57.8753068915627
5,4,4.99700274261666,20.8901522538792,4.06602324771774,60.6153378787277
6,4,4.59657086841164,20.3649218755153,2.4118466561902,58.7211891358558
7,4,4.70745115972627,20.4191305415145,3.35481643560849,59.3340001005284
8,4,4.87076949135286,21.9351782513,3.17315642449111,64.6763455664965
9,4,4.94212614232457,21.298945217221,3.85222474207357,60.4738875321191
10,4,4.78008019661572,21.2511173626063,3.46072992131625,61.3033939031452
1,5,4.37784424902053,23.7420039004009,7.64999428486784,68.0321961681649
2,5,4.10596899951614,20.9168757323451,6.0330269894916,60.6395756215295
3,5,4.17617473185631,27.6463953811955,4.63218212221121,80.5306473253289
4,5,4.28743630341317,27.9782877330668,6.1178614570788,81.3074271728643
5,5,4.07829681972986,27.7874844207617,6.78892411647744,79.6654884359259
6,5,4.11277460924633,25.4129848778105,5.55425841826656,72.7927172957294
7,5,4.19655006861457,26.7504259334649,4.54459774675575,78.7771931824923
8,5,4.20214447017084,29.2397327775322,7.40556488404077,84.9952858281538
9,5,4.15443709405756,28.9226063167309,6.92909814145926,85.0754453856137
10,5,4.31582220727099,23.4581686463098,5.08397021723971,67.1363113701166
1,6,5.28485606848171,38.2392562598456,9.74416940991259,111.063671366879
2,6,5.84448286024455,22.9043353927005,21.533385379162,67.5979891057978
3,6,5.4733282147765,36.2509841755197,12.347275920253,105.684861944004
4,6,5.02816569141586,37.2695699306334,7.08900855015559,109.863365719807
5,6,5.02604863328065,40.2794241066858,7.27237533440337,117.488601081806
6,6,6.09321402606769,28.255750942875,16.0009207283799,82.7383978294975
7,6,5.0081839473893,39.5494847361672,6.79887321413044,118.455110510481
8,6,5.26217144966608,40.874580958465,9.79909506364955,118.847295497556
9,6,5.2026973085321,41.5070809377448,8.52470062281397,122.07115904123
10,6,5.18063540812805,35.5786448456244,8.4240160635843,101.838521477605
1,7,5.69202192540318,13.5082945170665,2.28999268433138,38.8701511196702
2,7,5.5042423888093,13.3349608421617,2.04254683525503,38.2207267434776
3,7,5.61390001523081,13.4707696935879,2.02786135732552,38.1278513283169
4,7,5.89417296792313,14.6858885105393,2.4571550035673,41.8614683770456
5,7,5.82234270045773,12.8718670642709,2.44616661632482,36.4110614743048
6,7,5.68769110318943,13.7762474674427,2.28480777300412,39.057903902205
7,7,5.72565211458928,14.0086493707855,1.91003116174006,39.3447953036179
8,7,5.79004827263322,14.5000920563839,2.52068521691408,42.1386001136902
9,7,5.78052546783549,14.44771759707,2.51110964406698,42.0972862491676
10,7,5.69978177186725,12.1327045162412,2.71781245413984,35.4574178929241
1,8,6.22228994009127,22.9332010726854,4.24726909813014,68.8454915025479
2,8,6.35511218839048,22.6568245876553,4.25120313681548,65.0548848096836
3,8,6.23819714058643,26.876213324437,3.88972239934009,79.5072786979502
4,8,6.27853795827623,21.6082655155965,4.04484298949681,63.2722767606118
5,8,6.4050738075817,21.8263946479968,4.66176711765276,61.893260786731
6,8,6.42780555521812,23.2585506504097,3.92455742217986,66.2226801006515
7,8,6.73098707469798,24.6958296377681,5.07822683331053,70.1275294206705
8,8,6.46170798327888,24.7202868238838,4.45226531348433,71.4634337777362
9,8,6.47185157864506,24.5825506365106,4.08777706066619,71.9126316691615
10,8,6.36852083749306,20.8807822647996,4.73441108583728,61.6284280494504
1,9,4.92660383178882,13.3246668616827,14.7437990920987,38.0272693781303
2,9,5.12647659395585,14.5980195390498,12.3399177919513,42.0973849045001
3,9,5.05025917007391,20.3641392563701,9.42881480088846,59.4688003317019
4,9,4.58981576400396,22.6946114484148,5.93623773161184,65.6889237974906
5,9,5.11661085476518,12.5885339061885,14.1725998467871,35.9244064117154
6,9,5.03922645214779,13.1051951432076,18.6939552453931,37.7023468207852
7,9,4.82888874358309,17.088563920816,10.8830562020581,48.5382292205359
8,9,4.71499159375047,21.4153389706913,7.23996789666975,62.3640035087799
9,9,5.11574631529658,12.879910183635,18.4113037428782,37.5759246329552
10,9,4.93097053208683,12.2546721535959,17.2988639893404,35.1956541254217
1,10,3.08921020446538,16.288881989289,2.27162336466231,45.7285625179892
2,10,3.07520500188359,19.0271752586571,2.25541869198659,55.8707852231865
3,10,3.50094821511202,6.69540995872529,22.1252926560297,18.94972253426
4,10,3.14023402399326,15.2993001713762,3.7579709851221,44.2796692366588
5,10,3.21633394626289,17.8972190610552,3.29676931793159,52.0771160839129
6,10,3.23042524778002,18.7952671674938,2.74396442048772,52.7537847819717
7,10,3.49963814768631,6.93590023288702,17.0473913855641,19.7153354599653
8,10,3.27542244265427,18.3626817523239,3.77024897066371,53.4294073697002
9,10,3.25174358451136,19.7857564535415,3.22493845261672,57.3679545632509
10,10,3.20285333000393,18.8055387153095,2.28442438843518,53.8827791698332
1,11,5.94168312494563,24.9059595098036,4.48485686153892,72.003315416169
2,11,5.75936089179628,26.4654530815816,3.60373718233744,77.7137862017179
3,11,5.64334876859837,22.5321392222044,3.33946279088711,63.9117788740464
4,11,5.79525178919117,26.3959176837835,4.77972027316618,75.9154051353932
5,11,5.92459542923041,25.1857202969047,4.44253397089862,72.5233441886634
6,11,6.00070231270387,26.2578146148469,5.77969043513846,73.8344981503169
7,11,6.04489631130844,25.7680928837948,4.4450138939537,75.9882267521875
8,11,6.08960725587551,26.703772186495,4.23222330004247,77.0441804091173
9,11,6.09954988118875,24.8246253651132,4.10051798576402,73.5685084947106
10,11,6.01486827489064,27.4600627374518,3.9911698159582,80.0785704713063
1,12,4.43030355730247,28.1755338152109,4.16357383462365,81.2295360875567
2,12,4.5224106200619,26.67335040872,5.10476037297218,78.4353144566836
3,12,4.59649392515612,26.3032295312217,7.51162669454114,78.187592028407
4,12,4.74727252505425,27.4424439664531,8.51346805994746,81.3905406290513
5,12,4.38986847338752,26.518749042848,4.95980022433592,76.1928433635411
6,12,4.4949529017702,26.1190132754331,5.61725169132383,76.281738798024
7,12,4.7131982035797,27.5350825838573,5.64311988736919,80.349443531132
8,12,4.67190697552793,29.2415237871933,6.07626916726552,85.5601500773431
9,12,4.58732301581924,22.9128990662058,6.23937835383136,64.9796671006329
10,12,4.73346242278543,25.6160871247304,7.38436871669074,75.347716710935
1,13,4.58252001750663,23.2398907077502,3.7381905845124,66.8027323705294
2,13,4.94134628041707,26.416160369872,4.40717077019368,75.1752199596343
3,13,4.99067210052182,21.9560974130741,5.36932315113881,64.0292384656342
4,13,4.76436399417278,24.6722892821662,4.85566170689829,72.556159365016
5,13,4.89694594482289,23.9527523865901,5.56358921829946,71.5507154418959
6,13,4.88033967411452,27.108462807683,4.36247937346918,77.3074957638443
7,13,5.09055491240122,22.3821550841204,6.52876113481134,65.109979039291
8,13,4.68401187140767,26.3936315249064,3.17430588160992,76.037324358889
9,13,4.74492174722667,24.7383517030009,4.2781497749468,71.6599155739359
10,13,5.03801453408708,25.4273127271391,5.47658495480499,74.915163923797
1,14,5.58490472510783,24.0671959440001,1.61033819404493,69.5506329327806
2,14,6.06289149399217,25.7113885625509,2.69820733349201,72.997872531464
3,14,5.41426098480499,22.7255892679266,1.87314307931579,64.3600382143205
4,14,5.86251659470531,25.5610617801816,2.98047231795046,73.6927039914346
5,14,5.6121727195542,24.8912557479078,1.84913137202477,72.7616496136645
6,14,5.58971481665407,23.8877406791953,1.91537607902397,68.286614212114
7,14,5.59673951216166,24.744258401827,1.81329717695617,70.8221288340551
8,14,5.96086675755377,23.9363452801999,2.10517930689129,70.0270526336378
9,14,5.88256599396064,25.8020875691844,2.06373050597804,74.3175377358187
10,14,5.79238877839841,24.932372112017,1.91891080448917,71.7595389601404
