rep,id,Cl,V1,Q,V2
1,1,9.85329143180829,46.1614230035772,15.8026072689602,43.4960222078333
2,1,9.95228273222073,45.9141727693042,19.6526796776894,43.3231139261245
3,1,9.82896215455798,46.7181448284523,19.8177840448783,59.4610154672384
4,1,9.82283281356871,50.0954702080348,12.1393932943542,69.1011046047199
1,2,12.6986424660817,47.5110950093378,12.1361169511568,39.5022353233925
2,2,12.6192264466482,46.7435321561602,13.8536704255866,36.0825333830333
3,2,13.204399037527,49.148636946275,14.7871482615797,49.5045725634586
4,2,12.8479898415594,45.5442721772899,18.5415806368654,36.6836492176089
1,3,10.0247939723138,37.0823185671802,21.1676539552601,61.3619460801513
2,3,10.2781109955262,31.0435166851014,21.5923599834453,71.355391374481
3,3,10.0641577842454,35.7306020652763,19.6829059593132,49.2535628684897
4,3,9.5329092454472,26.704895377984,26.8921992901172,67.0004639843835
1,4,10.3142757182052,32.571047117638,12.3385805956655,28.6393132987474
2,4,10.2410358092005,25.7632101785912,20.6465492212123,28.6021190409796
3,4,10.1805787553445,29.6377596891027,20.0991443979507,25.2156199318569
4,4,9.90085278575602,32.753542923854,15.2716692124602,20.8738666669545
1,5,12.9508642810243,43.1609806714323,13.0811719578407,39.180835379629
2,5,13.255485239305,39.874843453428,15.1555226187619,40.3892586371737
3,5,13.1150281820567,41.4578486869749,14.4866338160515,32.4126394730692
4,5,13.327966117792,43.1667546766808,19.2417457423927,40.4697756494359
1,6,12.7512299334388,42.6172828193586,17.8156188336144,37.4817404445855
2,6,13.0388273836206,47.9037760424427,12.5708997751222,47.1987188221444
3,6,12.5817279751328,49.4514169431676,11.0269974321749,34.0161874067585
4,6,12.8081401348442,47.7569231329441,12.7679674701419,33.0213321654056
1,7,9.8064424647555,28.165468228073,16.37948778475,26.1303041001039
2,7,10.2494914754003,27.8873772947229,19.5587070913201,25.9193429529424
3,7,10.5123983898907,31.1239250590669,20.5400053668957,23.6195833102872
4,7,10.4863971629202,32.7897829247761,17.49454743778,22.465758965336
1,8,13.0346457960095,42.8453583685656,12.3299551474055,45.7545137113008
2,8,13.7675541819623,40.2170441660807,15.5388937383625,37.1294637430781
3,8,13.4325191800489,42.4202647160621,12.4614758167604,38.8089706405239
4,8,12.8806677174128,41.2434159006454,10.5236605830633,32.0272987090411
1,9,8.88029688611536,40.58613995355,17.8138771531385,37.3038589485904
2,9,8.95147598835685,42.6914291797223,17.8454591770753,34.773485880462
3,9,9.09394048804206,38.6198878664033,18.5942730945597,42.7193313941624
4,9,9.1860709470434,47.6440434638723,16.5458931656383,40.5061916614051
1,10,6.87943463918706,24.3838425889738,22.3752032870279,27.3282978175392
2,10,7.00896354559522,31.0552610893906,15.0645946186525,23.7518370109191
3,10,6.93090887808751,28.2803752648328,17.9694757195656,24.1992589587638
4,10,7.02671642340887,34.4396903581769,9.11102951049403,29.8954017595583
1,11,12.9616591515014,41.4505182839313,9.79609643300832,60.377383338501
2,11,13.3454467766719,40.7806467090839,12.2675662395229,44.2404474788062
3,11,12.9680451859042,40.9018172953613,14.4046011436718,34.8327781816505
4,11,13.34325077628,38.4448996437375,16.5651934873258,37.2288245592888
1,12,5.45559222102228,21.9436220496554,21.8569011396438,50.0188394422601
2,12,5.50568561684503,32.2235637402913,17.8896534866619,27.5760400425699
3,12,5.04185419285293,29.6306117413292,13.7953425719233,57.7112785666045
4,12,4.87246142296094,35.2219543600356,14.3793181985899,72.0801923469212
1,13,13.0395569923835,40.0863806224134,15.8634578529052,38.2749273206952
2,13,13.9591654438321,45.6659924276589,18.5111281245199,37.7079160218533
3,13,13.0239936424293,45.8893095785123,9.96555499212585,53.320926572162
4,13,13.0370832970436,42.0436916293195,12.5870806289726,55.6825348295419
1,14,10.447446847761,44.7023398800482,12.6173198105529,38.8272400286685
2,14,10.4535260673982,47.657593382177,10.6699603943958,62.4377419536994
3,14,10.4785766806247,44.4284544765362,16.4564582372548,36.638300554757
4,14,10.777443975591,50.3456221818042,13.6125280275714,37.3631602944993
