id,time,y2,popPred_medianCOV,popPred,indivPred_SAEM,indivPred_mean,indWRes_SAEM,indWRes_mean
1,1,45.866,21.2692,21.2692,21.9459,40.7032,11.4433,1.85381
1,2,58.898,29.5822,29.5822,30.6325,54.322,10.1486,1.25552
1,4,34.292,17.3971,17.3971,17.2819,35.6035,10.6377,-0.582625
1,6,29.606,13.4932,13.4932,13.2976,29.5662,12.4251,0.0208764
1,8.25,26.788,10.2653,10.2653,10.3154,24.848,14.8146,1.16703
2,1,20.312,21.3136,21.3136,21.7796,21.4885,-1.08296,-0.874096
2,2,32.684,29.6439,29.6439,29.6039,30.6723,1.53655,0.986164
2,4,15.384,17.4333,17.4333,20.045,14.8696,-4.10839,0.52793
2,6,11.032,13.5213,13.5213,16.3618,10.5235,-6.11864,0.732563
2,8,7.436,10.6036,10.6036,13.3894,8.05517,-9.12997,-1.24161
2,10,6.158,8.31863,8.31863,10.9573,6.24206,-8.94565,-0.21048
2,11.5,4.906,6.93433,6.93433,9.42783,5.16231,-10.1403,-0.790547
3,1,22.148,21.2372,21.2372,21.3811,21.4518,0.547033,0.495787
3,2,30.246,29.5377,29.5377,29.6719,31.0123,0.297481,-0.388415
3,4,16.548,17.3709,17.3709,17.7394,15.9664,-1.07927,0.555416
3,6,11.186,13.4729,13.4729,13.8403,11.07,-3.30536,0.161885
3,8,8.038,10.5656,10.5656,10.8995,8.62967,-4.72756,-1.1026
3,10,5.94,8.28883,8.28883,8.58598,6.96475,-5.71931,-2.47066
3,11.5,7.068,6.9095,6.9095,7.17928,5.96985,-0.242496,2.62129
4,1,29.122,21.3106,21.3106,22.3562,27.2303,4.10432,1.04263
4,1.58333,33.002,26.4878,26.4878,28.0445,34.3968,2.52692,-0.642622
4,3.58333,22.588,18.5555,18.5555,20.5997,21.7263,1.43042,0.60381
4,5.58333,15.94,14.2264,14.2264,15.6571,15.4411,0.278005,0.493595
4,7.58333,10.906,11.1521,11.1521,12.0083,11.2553,-1.49465,-0.489458
4,9.58333,7.69,8.7488,8.7488,9.21106,8.21082,-2.80179,-1.01731
4,10.1667,7.082,8.15094,8.15094,8.52547,7.48927,-2.87969,-0.868013
5,1,27.33,21.3149,21.3149,22.2742,25.9261,3.17545,0.818664
5,2,35.42,29.6457,29.6457,30.3983,35.672,2.37345,-0.110072
5,4,21.442,17.4344,17.4344,18.5569,21.2111,2.24336,0.168106
5,6,16.742,13.5221,13.5221,14.9006,16.7887,1.8088,-0.043247
5,8,13.586,10.6042,10.6042,12.1872,13.8184,1.68666,-0.263283
5,10,11.476,8.31913,8.31913,9.97851,11.4241,2.1706,0.0703508
5,11.05,10.59,7.32394,7.32394,8.98437,10.3406,2.55247,0.370014
6,1,19.874,21.3181,21.3181,19.6699,18.9635,0.160257,0.72801
6,2,23.672,29.6501,29.6501,27.8658,25.6216,-2.53207,-1.22862
6,4,17.33,17.437,17.437,15.8788,16.3316,1.35758,0.92118
6,6,12.29,13.5241,13.5241,11.8869,13.3581,0.517677,-1.29375
6,8,11.396,10.6058,10.6058,8.979,11.0976,3.70046,0.41189
6,10,9.494,8.32037,8.32037,6.78419,9.22739,5.217,0.44217
6,10.5,8.722,7.83058,7.83058,6.32509,8.81142,4.98818,-0.158348
7,1,18.354,14.3417,14.3417,14.7093,18.2415,3.43651,0.0954178
7,2,28.778,18.0869,18.0869,18.2332,25.2787,7.08451,2.01267
7,4,31.214,23.5433,23.5433,23.1806,31.5902,4.61913,-0.185999
7,6,12.49,15.4804,15.4804,15.189,12.2021,-3.03711,0.362003
7,8,7.27,12.0649,12.0649,12.1304,7.24357,-7.94749,0.0565318
7,10.25,4.758,9.18023,9.18023,9.53228,4.89114,-10.7868,-0.428417
7,11.5,4.184,7.88822,7.88822,8.34,4.03099,-10.7082,0.578362
8,1,22.23,21.314,21.314,20.3089,22.6708,1.40312,-0.304801
8,2,33.872,29.6445,29.6445,28.8158,32.6938,2.50965,0.549586
8,4,15.614,17.4337,17.4337,17.9415,14.7492,-2.15699,0.884574
8,6,10.094,13.5216,13.5216,13.605,9.87933,-4.63375,0.333703
8,8,6.998,10.6038,10.6038,10.3263,7.40455,-6.0398,-0.876627
8,10,5.804,8.31879,8.31879,7.83776,5.67907,-4.66343,0.337792
8,11,4.992,7.36822,7.36822,6.82835,4.9834,-4.86278,0.0267515
9,1,28.178,21.3149,21.3149,23.5747,25.612,2.76892,1.4822
9,2,35.14,29.6457,29.6457,32.7814,35.8323,1.07856,-0.302871
9,4,18.722,17.4344,17.4344,19.3524,19.9657,-0.51408,-0.998467
9,6,14.494,13.5221,13.5221,14.9986,15.2246,-0.531262,-0.763376
9,8,12.2,10.6042,10.6042,11.7291,12.2683,0.611014,-0.0866029
9,10,9.742,8.31913,8.31913,9.1747,9.96341,0.931369,-0.34887
9,11.5,8.886,6.93475,6.93475,7.63113,8.53027,2.36335,0.634243
10,1,35.2825,21.3217,21.3217,21.7427,35.346,7.51524,-0.0278923
10,2,51.314,29.6552,29.6552,30.2129,49.0581,8.22288,0.697924
10,4,31.19,17.44,17.44,18.7531,28.2561,7.89753,1.53355
10,6,23.444,13.5264,13.5264,14.7086,22.0009,7.23695,0.986215
10,8,16.332,10.6076,10.6076,11.5994,17.6275,5.31177,-1.18497
10,10.25,13.066,8.07313,8.07313,8.88109,13.7727,5.99356,-0.81769
10,11,11.772,7.37087,7.37087,8.12475,12.6858,5.75636,-1.16061
11,1,21.61,21.3204,21.3204,20.5549,21.2023,0.777038,0.295638
11,2,28.974,29.6534,29.6534,28.5829,30.0179,0.210992,-0.549479
11,4,16.21,17.4389,17.4389,15.9531,15.284,0.247967,0.913146
11,6,11.572,13.5256,13.5256,12.2563,11.1802,-0.891821,0.534731
11,8,7.542,10.607,10.607,9.61667,8.64677,-3.77244,-2.12208
11,10.25,6.366,8.07265,8.07265,7.3298,6.52559,-2.18849,-0.384376
11,11.5,5.504,6.93655,6.93655,6.30361,5.58345,-2.10575,-0.222489
12,1,25.512,21.3136,21.3136,21.6072,23.92,2.57888,1.00025
12,2,31.61,29.6439,29.6439,30.0518,32.9315,0.784745,-0.635773
12,4,19.742,17.4333,17.4333,19.9312,19.5643,-0.148093,0.140373
12,6,15.102,13.5213,13.5213,15.8123,15.4601,-0.713489,-0.36376
12,8,12.092,10.6036,10.6036,12.5656,12.7491,-0.59645,-0.821476
12,10,10.294,8.31863,8.31863,9.98573,10.569,0.47198,-0.409336
12,11.5,9.378,6.93433,6.93433,8.40479,9.18657,1.70086,0.320169
13,1,24.806,21.3217,21.3217,21.8244,23.9628,1.98791,0.536856
13,2,32.39,29.6552,29.6552,30.5484,33.4675,0.908734,-0.50804
13,4,19.624,17.44,17.44,17.6682,18.5786,1.62977,0.849825
13,6,13.94,13.5264,13.5264,13.6269,14.2215,0.352601,-0.310305
13,8,10.904,10.6076,10.6076,10.7614,11.2809,0.204416,-0.527458
13,10,8.45,8.32179,8.32179,8.51227,8.9772,-0.113983,-0.939526
13,11.5,7.396,6.93697,6.93697,7.14028,7.56539,0.546249,-0.351526
14,1,18.992,21.314,21.314,20.9244,21.0311,-1.50423,-1.58318
14,2,36.628,29.6445,29.6445,28.6863,31.8123,3.79393,2.18822
14,4,20.114,17.4337,17.4337,18.2819,18.4422,1.48255,1.34707
14,6,11.696,13.5216,13.5216,14.7333,12.3359,-3.5839,-0.826933
14,8,7.506,10.6038,10.6038,12.0263,8.25162,-7.31787,-1.4702
14,10,5.45,8.31879,8.31879,9.82272,5.51959,-9.14479,-0.196952
14,11.1667,4.604,7.2207,7.2207,8.72896,4.36553,-9.93089,0.825631
