rep,id,Cl,V1,Q,V2
1,1,2.65298666035764,20.22609384452,4.09284000200246,17.624675217264
2,1,2.72389570269177,19.4852736574629,10.1433573357509,17.9756922861425
3,1,2.66569689998759,23.1305265458394,9.43135626402669,20.8809253117235
4,1,2.58244889748789,20.5462213300576,7.29589341032633,18.322970789286
5,1,2.55940093516464,20.8351057098537,3.72280796472817,18.6316047468987
6,1,2.51966881721585,20.0675343008307,5.34335125042363,17.7463640989333
7,1,2.65217771695676,23.7056440914147,6.18748117621392,21.2973066667881
8,1,2.63237763805305,21.5362328690824,7.74515625811281,19.1910611286936
9,1,2.63289150914002,21.0154745672602,6.1420447745261,18.738225102778
10,1,2.54459543660718,21.9103750743101,3.12988635867696,19.7438469007079
1,2,6.56385832337163,28.4986595188313,2.99837509456762,25.9941495992433
2,2,6.67443781884857,27.1520960192395,5.01045835157556,24.6144354333452
3,2,6.41847984084382,25.0912321421326,3.80258665031337,23.0572507630827
4,2,6.43074804876979,25.8453520759775,5.30992145564002,22.9032155690209
5,2,6.78728259509727,32.0583817921731,3.6596720502149,28.8895280239172
6,2,6.34989530061594,25.5761352644289,2.95976597447041,22.7904905254648
7,2,6.61913249468542,28.9718633178782,3.5099910942073,25.8817435650139
8,2,6.99450404469089,28.7751906464522,5.479636303916,26.3767371402656
9,2,6.74534145585067,29.9192953015633,3.91914357677502,26.7654497940661
10,2,6.53138655639593,23.5964781407098,5.58305357552534,20.7726631169702
1,3,6.43428763664442,29.2929405180612,6.24200705462234,26.2530427078066
2,3,6.24531070814528,26.6975239639283,4.99942164101865,23.7923869663193
3,3,6.21914696674421,28.432968384312,4.90884692070522,24.950960353597
4,3,6.34261608083943,28.016658842494,5.80600284014157,25.1751611204381
5,3,6.37133785527421,31.3116678364942,5.99118359356074,28.6363579999959
6,3,6.48019297789616,26.47846219281,6.01815664532466,24.2117420274404
7,3,6.22060945398847,23.7899082383364,7.36123667168533,21.4589664974845
8,3,6.53602001101748,30.1474707455801,5.41814605372369,27.345570867005
9,3,6.36876713081601,27.7904717107427,5.64048586784595,25.1253713945902
10,3,6.20852528925975,23.9736817409388,5.56539090886509,21.462527414778
1,4,5.3319453352196,24.3877463631952,1.9001140159795,21.9883126409869
2,4,5.13030147992708,22.2894447578793,2.66513321918986,19.8500301680668
3,4,5.06239732343874,22.4189724835103,2.86636343522673,19.8387004807492
4,4,5.26311524744927,21.0018948332737,3.49075234196329,18.9029975049737
5,4,5.03664244292895,21.0201635372807,3.2871278780245,18.2110419971786
6,4,5.15348977421336,20.1854407975958,5.00280495267555,18.0844124020079
7,4,4.88933713858818,21.1923727209632,1.74425657139461,19.3821834247982
8,4,4.78825565284283,20.262075650907,1.9250695609086,17.9089467940749
9,4,5.32687535667301,23.031220489885,3.39823369887797,20.9760013152392
10,4,5.24471722723661,17.7927353555647,5.94904551261345,16.0898412058027
1,5,4.2724769565092,29.3119847158256,3.91454787845662,26.2633367999989
2,5,4.74240427781862,32.984549917718,6.34460553101737,29.3797713950376
3,5,4.44695611905296,27.6884544450547,6.33890661126798,25.7639148883061
4,5,4.72845873822599,26.403109367323,6.8516813392321,23.6920982381917
5,5,4.36366865581508,29.3330628559576,4.64718338704168,26.5192203635977
6,5,4.6727584751453,28.4849453473752,6.48987148882258,25.647408669379
7,5,4.53973209446275,29.9450613060114,4.77757019090948,27.6129752457365
8,5,4.58540190446416,25.5783004944395,7.56933737499433,23.0526250192923
9,5,4.8130595045756,26.9517519426556,9.05686452021252,24.1953896640252
10,5,4.53700051429574,24.6327715834224,4.14946987851751,22.2812755694454
1,6,6.02960764288271,38.2728735435263,7.87309133372142,34.4371937481183
2,6,6.14646148195334,39.8589881422403,12.348931840082,36.1241518265571
3,6,6.11411874635443,38.2533529314471,18.6158691106647,33.7038136612904
4,6,6.03639828239872,52.8245245353098,7.89768578319381,48.2172485671381
5,6,5.96394389041293,33.5950103547912,10.2545918416066,30.8088339508564
6,6,5.91747883299116,42.5007042717796,12.1491343168333,38.2407413217755
7,6,5.73084804503582,42.2153311167437,3.64046225587204,38.5364887185865
8,6,6.15513515531334,47.2385153626982,12.4301575410729,43.8902266224042
9,6,6.08365492580256,34.6440710872851,12.499526914774,30.9783225079962
10,6,5.84813975723653,40.5186227441414,8.39953707044629,36.046732152207
1,7,5.85635425963643,14.1703982047598,2.0545397891845,12.3060641595781
2,7,5.87150134285348,13.6288010853268,2.44260727785448,11.9445072695095
3,7,5.83457648294532,15.1624072985451,1.60788326220816,13.3685967120084
4,7,5.86285397211343,13.6139410972373,2.53520010666497,11.9563071968242
5,7,5.83745956182687,14.3502208881792,2.09364964747354,13.0506388997874
6,7,5.68684902275105,13.4845461637178,2.05351662135469,11.9014725322447
7,7,5.99169968434032,13.8539217200991,2.5006080599215,12.5769901642696
8,7,5.69081716776449,13.2413211523495,2.06486016455035,11.5799432307118
9,7,5.87592989426895,14.5282582033818,2.22943585519618,12.9976275206073
10,7,5.95810283385275,13.4456055438088,2.54970183880736,12.1852945356229
1,8,6.5898280238369,22.692230248106,4.28932039585324,19.8111824066988
2,8,6.35448746895419,21.1210750572906,3.84485743150182,18.9449207547406
3,8,6.50110846273078,22.0326720070326,4.0702621296661,19.5547985703378
4,8,6.41389571746674,22.9483725219262,3.68794473005236,20.8199920389268
5,8,7.02425468219364,24.5730531120394,5.47882256839183,21.3753580160644
6,8,6.82312077885849,23.390749416202,5.30691832711416,21.1034300725229
7,8,6.76180053866286,21.4830153352676,6.49894954763834,19.5131190794085
8,8,6.60251162592087,19.0206355634603,6.40252543091193,17.0063467257829
9,8,6.6785365845864,25.9230251399634,3.28936870950812,22.9050207904294
10,8,6.53817423730421,22.1493862523731,4.73417526047533,19.1814308110481
1,9,4.69234762838133,24.2465673300875,5.22406407819665,22.0467196978365
2,9,4.96780301302618,23.453253746354,8.54324126326096,21.0834414145579
3,9,4.89661165916487,26.3906113595152,5.74058607742419,23.0008058336829
4,9,4.99403287891813,22.2433534991204,10.2113729628902,20.3027284331634
5,9,4.95238167474599,22.891555423678,5.62479593492809,20.0972988357297
6,9,4.9939872778388,23.6106327844991,8.04205361055751,21.4125100795788
7,9,5.20605244770211,26.9375916968431,6.12310764136352,24.4869758885671
8,9,4.97175961663207,23.2059628096249,7.47821584649922,20.6026764960857
9,9,5.00507706906005,25.0863561464184,9.47985370063694,22.7146542193702
10,9,4.92958387183873,24.3449641371576,8.35982354767916,21.8529223017797
1,10,3.37462009010359,16.325662108688,2.85111814446843,14.3344784069446
2,10,3.44806682629745,18.7469575781615,2.78707814253497,16.9165038850126
3,10,3.56714770140939,19.3261222029403,1.82800545422071,17.327810798786
4,10,3.48279517219217,18.8997967418686,2.92764345709072,16.9933045986499
5,10,3.48441923010499,17.5040448305831,3.65493702693304,15.5367827770531
6,10,3.53663073615891,21.3925544065676,2.33615235235373,19.7717124303882
7,10,3.54410965255519,21.8282602896627,2.82103367395818,18.993509064339
8,10,3.49723587669614,22.8362407832501,2.1398992285116,20.5643790715931
9,10,3.47949237244119,20.2533470998823,2.34480750450712,18.4027729034926
10,10,3.39317813603702,21.8623465751573,1.14957519394239,19.5591278375391
1,11,6.47327712110268,29.4712512174007,3.83159487283363,26.0476694470132
2,11,6.26851127475296,25.5924457408988,7.4897253697465,23.2282209170947
3,11,6.40091544756638,31.2793941548277,4.21223770561411,28.1691846831209
4,11,6.46460213339847,28.1257486350944,4.20752406589395,24.9874833939174
5,11,6.36327543416413,28.6369492053532,3.83373629667751,26.4773050727085
6,11,6.29992092822607,27.3200403710252,4.60520536126499,24.4328622923386
7,11,6.42651328864082,31.1246345843036,3.30314036772576,28.565265208714
8,11,6.4226945999952,31.413336181576,3.22062923071538,28.8358639108309
9,11,6.30468822138865,29.1796223284608,5.302998124399,26.4577379568849
10,11,6.47994789999545,26.2550386637737,5.00493399103695,23.984376198434
1,12,5.03239166662899,29.6105304636323,5.08914365054157,26.9680773766814
2,12,4.99212356453904,31.5357687169551,5.49791664852155,28.6926965728845
3,12,4.75494571617109,31.9855472830422,4.10398370501435,28.6323250181239
4,12,5.19158958732399,32.9055165834849,3.75225290670435,29.6593516962944
5,12,4.95310545789982,25.3013517721628,6.90722467446096,22.3108616975728
6,12,4.9638066923315,23.7124454773135,11.2345037092204,21.4176807106197
7,12,4.92243766618694,29.0333337081412,4.96506017061855,26.0567491098519
8,12,5.24107272658132,29.2280347808807,7.7423111707953,26.3247100094345
9,12,4.82480197915055,29.8866938443696,5.83596568358591,26.9752395803301
10,12,4.89499004653011,23.302930743338,9.90766798651469,20.8905474542519
1,13,5.33528469183331,25.9412884182893,6.32924573218412,23.2000366411702
2,13,5.30430343361089,29.2741344377185,4.90060478486467,26.6002182540661
3,13,5.20459333936905,27.2400414391393,4.80676584099085,24.3823366776133
4,13,5.43469791547984,27.4118318187399,3.89220443071169,24.4679038996744
5,13,5.29333444512368,25.8405166770753,6.58750979383723,23.3888630143293
6,13,5.32056554459925,25.0737514425856,4.65692272922693,22.3589660808357
7,13,5.27900761914005,29.563296133782,4.04028111731551,26.2338890078386
8,13,5.37392481318697,27.9667095430729,5.37796477050728,25.0744154846563
9,13,5.49637542192132,30.0330587314907,4.37313698360257,27.4675589173547
10,13,5.26769471538035,29.3905552186687,4.33399030292079,26.5566244282188
1,14,6.34058237543333,27.1966131576886,1.8291877915948,24.9046335601369
2,14,6.39961975705189,26.9896285968057,2.23165772352081,24.2300581002726
3,14,6.27553430304031,24.759152806077,2.14759852593703,22.5594950000017
4,14,6.25116676098532,25.8211411785782,2.31059202396215,23.6194359426067
5,14,6.36805470587655,28.2491371413215,1.96812972923993,24.873822487583
6,14,6.3102149320311,26.4091375190656,1.56985217195196,23.9888111437657
7,14,6.22832251925825,26.3310393308581,1.69764229699677,23.4314946494647
8,14,6.19176295804041,25.0228881671055,1.98725906725737,22.2849879288687
9,14,6.10371503186,26.9077893763455,1.43265816050355,24.0274449447309
10,14,6.45347339639258,26.0781114303571,2.70390126647309,23.2207900780954
