rep,id,Cl,V1,Q,V2
1,1,2.63910895463598,21.6967747058722,2.03861240082224,6.7879220298197
2,1,2.61490605506136,20.3155334980364,3.16052845995819,6.58010998569248
3,1,2.69175803949194,26.1108879178439,6.64613160057384,8.47179911938872
4,1,2.75058603583425,23.4189810231906,5.29785762344636,7.42380805451904
5,1,2.67125200380804,22.8659588736109,5.33482243386405,7.23455540279557
6,1,2.66277660188685,23.469713069453,1.84878973901054,7.51749203432785
7,1,2.67214475947474,22.149627353068,2.64771193999832,7.01410648276963
8,1,2.81283720822712,23.639300857129,4.12818879843742,7.72045049636264
9,1,2.76439347609581,22.4356753584968,7.40430830996737,6.86333592674264
10,1,2.62667780747456,24.527783893732,3.96629000193923,7.92223681883282
1,2,6.92977517393304,31.3382708460711,4.49770625315248,10.1608462894069
2,2,6.41010001838321,26.9398148017412,3.33845561951918,8.70647502376396
3,2,6.72911181095087,33.6903621298464,3.00316825569535,10.578221587865
4,2,6.72476227294918,28.1153599607689,4.04669964610462,9.21292913137636
5,2,6.73420915757883,31.619735435119,3.3022270256872,9.99719932155362
6,2,6.40423401568681,25.4484336991178,4.87407982306172,8.04870307748384
7,2,7.00799962161828,32.5633759835409,3.25352418523808,10.2790082546599
8,2,6.35068802855435,26.9837303312282,3.18239601701637,8.52050685715662
9,2,6.51347619819557,28.588724888426,3.47588951194979,9.10900009822639
10,2,6.58243394995636,27.7879795805548,3.84528552358454,9.00243193097922
1,3,6.36626475784401,33.3965432545587,3.69057219940249,10.5638308411104
2,3,6.27022223209342,29.5741419304705,4.156575359644,9.53770702763772
3,3,5.921949195556,26.1836361848485,4.09897328961802,8.28943325980257
4,3,6.48695923948069,31.3807976290061,3.10922074309465,9.81651796119499
5,3,6.20007782955461,30.4382236810307,3.97815727810796,9.64840642064398
6,3,5.90517848107288,26.8157165377829,4.32943264300146,8.33323147426808
7,3,6.05128074772101,31.3444412411713,2.40773323196797,9.96568772800813
8,3,6.4083988827344,33.2088432673908,3.62112148289104,10.4488415998845
9,3,6.04715718099628,28.0638384673983,4.19197491445644,8.75914532064681
10,3,6.08690966235921,28.0404786414676,3.06065772106086,8.84774720217215
1,4,5.09779963368357,20.7891141884875,3.00582755238965,6.58187483241371
2,4,5.05035426717126,20.185821178586,5.62704334288181,6.34820593779141
3,4,5.00427078405929,20.161161532267,3.2564960146613,6.37965372840351
4,4,4.91990192176366,19.7380129224552,2.07256955578454,6.13535160883036
5,4,5.15042375127669,23.3766020551294,2.23510138980246,7.2641557226279
6,4,5.01785851920149,19.4440687875343,3.55159823167334,6.20001582594614
7,4,5.0438928166629,20.6018347088084,4.31065073992479,6.36285119311181
8,4,4.96850511212061,19.9006629038282,4.09506851017004,6.09462924831464
9,4,5.37187590031868,25.691426632971,1.79032439978127,8.17451763297776
10,4,4.83433456085947,19.741723532608,4.73963163208662,6.23334169163516
1,5,4.43316997548004,29.9439407016821,4.76739678689713,9.44250488589802
2,5,4.65828890767877,32.0251450787933,2.81326401029962,10.2033012696937
3,5,4.57725058631045,34.3649922491998,2.02450653858354,10.8944029808329
4,5,4.67583357436176,30.6168402653429,6.86721492034754,9.67797445823886
5,5,4.64254640411112,29.0589456143007,5.12767274564687,9.14834191019026
6,5,4.49285378901758,27.3621958707225,3.62676591088434,8.72497526252434
7,5,4.49149799125313,31.5268665494511,4.62778818373262,9.92361732711776
8,5,4.60385698727251,29.1815299806621,5.13218205520376,9.4041470047573
9,5,4.30066493857047,28.7730713625104,2.90339880929417,9.19906306831507
10,5,4.66315996042562,30.2189843080979,5.34625027063714,9.56593005863995
1,6,6.03531695594955,38.3185473196887,8.83968977606449,12.4630262328842
2,6,5.7777251827194,42.5495640170678,7.53137769796902,13.6918382307548
3,6,5.72204428606103,45.0191199021752,1.64468364543364,14.5469015323566
4,6,5.96172053787843,43.3084307087102,17.1979266490135,13.8736074244929
5,6,5.99671917205137,39.3893065332298,6.41091105843854,12.344091512832
6,6,5.99131838126616,45.3753647068816,5.47973198147582,14.2553095843141
7,6,5.74457562116478,41.2126444041914,5.3427682756291,13.2192552267439
8,6,5.89401314972287,41.9043155186602,4.2822112377474,13.5449580134431
9,6,5.9466496973428,41.4134395974063,10.1022190148744,13.1907764669572
10,6,5.92952110267821,44.2846658896628,3.03235567557887,14.2642657229879
1,7,5.62416313385796,15.0079221967955,1.34560465410009,4.84628189780608
2,7,5.7263730972019,15.0702509807159,1.77791746914705,4.78915301168796
3,7,5.99119998723136,15.2294865612874,2.35865081189318,4.83797000618245
4,7,5.6557956338216,14.7771415990904,1.13740155394912,4.64773820880617
5,7,5.73259218868298,14.7048464445927,1.84039081941477,4.6489853558109
6,7,5.82375809497437,15.785642605543,1.57868028208783,4.9610262523115
7,7,5.64258159958961,14.7375264414046,1.94863722993195,4.60592032721362
8,7,5.63900533330551,14.4780212082337,2.22197553343458,4.635609222149
9,7,5.68518086758024,15.245918966411,1.75898323460741,4.85817648202693
10,7,5.59319471462316,14.2073665781019,2.18430062012851,4.50469779069825
1,8,6.75344906803972,26.3896320050734,3.30598250795223,8.36186854633306
2,8,6.63583640197962,24.5894919684359,5.84051391419759,7.92731313651752
3,8,6.31752302157529,23.6599516082869,4.36567898913394,7.66767363055672
4,8,6.46566263177584,23.5672679618617,2.42516953568058,7.4819817198772
5,8,6.6024282223569,28.1051112228723,3.18517832997426,8.87600468412247
6,8,6.50266309995316,25.20227300584,2.91389236259894,7.86606111600094
7,8,6.57015062121542,24.7552443474494,4.16820197115823,7.7873333087463
8,8,6.29899323592272,25.2769543588354,2.42843130262835,8.10507511170505
9,8,6.71975692882436,27.8352547006482,2.57160377493941,8.98219988484289
10,8,6.63890636692835,25.532390406541,3.09789421024443,8.03869599416472
1,9,4.74287836976278,26.8405084716219,5.10897857915096,8.45143626073758
2,9,4.91086188108887,28.7210289991199,4.63693422058903,9.15798844022557
3,9,5.04330690322643,29.8379813478582,4.00204395017624,9.43393342132612
4,9,4.88597377976324,27.9085573710895,4.33218520172561,8.89301214790879
5,9,4.89034871997302,28.3653871207924,6.22079244287182,8.89472676165202
6,9,4.57818638139407,25.3564060493692,5.20239973543239,7.86356733585018
7,9,4.94007432235872,31.4388443648214,3.10524926831754,9.92761851648695
8,9,4.88595709556476,30.215854852408,4.53644869709211,9.84629014081531
9,9,4.91559761408708,29.0067999053852,3.53470225678263,9.27593580717656
10,9,4.9800590480794,27.3125741152254,5.79511645662468,8.62103224278983
1,10,3.40656098231356,17.7705845848247,2.41402688059906,5.5543799079849
2,10,3.63663241730349,20.4563786453452,4.42236235031136,6.7243484772938
3,10,3.60079646440575,22.4692844273261,2.83230393521164,7.09415975170926
4,10,3.49168274026149,22.0243509606012,1.24305704553683,7.00889719688011
5,10,3.49407547468738,19.7545339082219,2.37269929557317,6.27898861279978
6,10,3.3356347332562,19.9748900919231,1.4093813263232,6.45120925826723
7,10,3.49813366808475,17.7996556607426,2.48817822576901,5.60644304600742
8,10,3.56302998905234,21.0198673384747,2.11582138516395,6.75890637698037
9,10,3.42875904721173,19.6221218829867,1.95743498925843,6.10529776046216
10,10,3.62900196331324,20.6670162893336,3.87534525346931,6.469202415677
1,11,6.32086449807592,28.3668167949931,4.09490823754511,9.08816445894636
2,11,6.22023337324738,27.9953811658757,5.98908460068299,8.86754915747136
3,11,6.40127100772658,31.6415037086071,2.56471602519376,10.2186693683637
4,11,6.17230988859537,32.8778215089512,3.53738233614256,10.6605856235054
5,11,6.33315617123533,27.9226993301918,4.11608503239236,8.97740679905429
6,11,6.3457982782448,27.2941215565533,8.53344346169158,8.77217443157858
7,11,6.40758213042856,29.7496287187234,6.72633976480575,9.57133905132482
8,11,6.40644581011342,32.8979146888521,3.20522064244068,10.473241445554
9,11,6.29266614752039,29.3735964662755,3.93733347034027,9.35160380656924
10,11,6.23620716026874,27.1009917142249,4.45511514731858,8.52870876559229
1,12,4.85827803995779,31.7404882039112,4.18309492254123,9.92708024378899
2,12,4.77493299105427,27.3276832518512,7.24961922517541,8.50268240065417
3,12,4.85931954578985,31.7663008233,3.1854608597812,10.0805523713907
4,12,5.14693705737669,31.7763103381571,5.73897508223934,10.0769922087824
5,12,4.99033356343879,34.2347319147397,6.34456260572707,11.077099564927
6,12,4.82897637038241,27.9754862175123,5.23780030655888,8.76769515962361
7,12,4.91329853323473,31.7087517314809,7.19860248777237,10.2575747695647
8,12,4.76630356386916,32.9127218803411,5.0024236107537,10.2561136314702
9,12,4.83205348945042,31.9583583029896,3.60872606585669,10.2665203385673
10,12,4.73008200277279,27.3229147924953,5.57082512834977,8.74526261207551
1,13,5.23861818019888,27.4779964485902,5.79049005477862,8.86262597274539
2,13,5.25829164653365,27.3587354402149,4.51897312093897,8.58529173375088
3,13,5.33082575217008,30.1292988153809,2.8879548855963,9.48541595340426
4,13,5.35863051688876,29.5393985075449,3.84426185543516,9.37906163234483
5,13,5.4578144733229,28.9433707347151,4.26078801729121,9.33532792302179
6,13,5.42738579560042,31.5121959875312,4.71402640358664,10.1619952900275
7,13,5.22580604317018,27.0196407119619,3.09348272651691,8.68278657734573
8,13,4.95142330585847,24.7200182569152,2.23232572602282,7.77700740804738
9,13,5.25159081904212,26.6071482108285,5.68802786708623,8.33682721575772
10,13,5.11282655666295,27.0900289456183,3.00159350866487,8.60811197255544
1,14,6.17392560181635,25.3871557554809,1.84820410915022,7.93387044196446
2,14,6.30144521162353,26.4110118042809,1.59392653783876,8.52976538631155
3,14,6.02934225047179,23.9633115861313,2.02962194709948,7.51511319020694
4,14,6.2433132533619,22.3135955010061,4.34488285583507,6.92117018780746
5,14,6.24210365656813,24.4428617998521,1.69555892285205,7.61679811479444
6,14,6.28585510406085,23.7080083079386,4.10553319419562,7.46093737469856
7,14,6.21268293382951,24.7018800581467,3.31903491156173,7.95489857016184
8,14,6.2355013986615,21.6891214264473,10.4892553026192,6.69975214181237
9,14,6.02870009509803,21.2834159243586,3.25946703939115,6.65795183642515
10,14,5.96647730254411,22.749217407098,3.73362069296169,7.20331224840774
