rep,id,eta_Cl,eta_V1,eta_Q,eta_V2
1,1,-0.627756678872421,-1.01166860715512e-8,-0.0525676218004992,-4.26736631624331e-8
2,1,-0.733421182047516,9.43140165935239e-9,0.367895001125656,1.25231265911114e-7
3,1,-0.896417551962767,-7.06184337243935e-8,0.861807204607938,8.42682174229164e-8
4,1,-0.700677409376148,-8.962185735012e-9,-0.606274562543717,-1.31727116103377e-8
5,1,-0.647081103683183,3.56768436109641e-8,1.39745004656573,-5.04123459652986e-8
6,1,-0.902652393001377,-1.58266107924661e-8,3.97203396309212,-9.13051878301862e-8
7,1,-0.669032033861677,1.81701894846272e-8,1.43126256447573,-1.42956600203601e-7
8,1,-0.83311698815351,-1.72609636987903e-8,-0.754720098431043,1.22601541655408e-8
9,1,-0.864343332766582,1.90912511880267e-9,-0.0963178557208642,-9.39262453591599e-9
10,1,-0.602751698649777,9.27134595352299e-9,-0.941764129021,1.85670558833079e-8
1,2,0.130757336216588,5.22282018011188e-8,-0.959141098675035,-1.091489919415e-7
2,2,0.213664475467359,1.12410259921392e-8,-0.285790643826589,2.73352337092083e-8
3,2,0.395674943301452,-1.11845406854795e-8,-0.575646090749556,1.14657889891418e-7
4,2,0.2835474224211,-3.17801925302247e-8,-0.0808895128198115,1.16219664347231e-8
5,2,0.387854828366925,-1.74375136473261e-8,0.162952403496584,-9.01566822428955e-9
6,2,0.206165341615252,1.98661152230681e-8,0.896645498935528,1.86485899653943e-7
7,2,0.23969575410544,-2.15262213602029e-9,0.473034641847428,1.1787911893017e-7
8,2,0.484607417894825,-9.81290382895597e-9,0.769951442127212,-6.41015562674446e-8
9,2,0.348149062214578,-3.19097145157537e-8,0.173598438210733,-2.71124790907278e-7
10,2,0.415650386998973,1.44973693248825e-8,0.286562141442337,-1.18207641785967e-7
1,3,0.348084497233581,1.33019654202386e-8,1.99670135784461,-4.97113423025652e-8
2,3,0.103729459506446,2.38506285254888e-8,0.215206097878561,2.476962605952e-8
3,3,0.196948933113538,-2.55328551751544e-9,0.909098221552867,-5.33424064234548e-8
4,3,0.189870107802922,-6.06718479245122e-9,-0.487089911666751,-2.66891856048781e-8
5,3,0.234730592047002,5.18377686877868e-8,2.53554632141728,-1.46376251164427e-7
6,3,0.261618178938337,8.13579003385919e-8,0.550583530812356,1.54650048311792e-7
7,3,0.162482295089889,3.150073904833e-8,0.683401261409345,-6.91034262161418e-8
8,3,0.275733106516705,1.54944139544292e-8,0.63804112356858,-4.19858037700507e-8
9,3,0.200402457022871,-1.7689630205638e-8,0.559113552711559,1.06238135501731e-7
10,3,0.136646163400374,-1.00299586694833e-8,1.15075211330714,-1.35756945046371e-7
1,4,0.127084333238439,-1.72221433663629e-8,-1.04721167046878,-2.2751659109283e-8
2,4,0.0586831588125969,2.21806665233246e-8,0.275296888698967,-3.36627554210779e-8
3,4,0.243980861881465,-1.24438102852863e-8,0.251384180842426,1.68382506600772e-8
4,4,-0.0867675116995893,1.24157709844233e-8,0.0933999845142464,1.0555472588311e-7
5,4,0.0746114713974591,5.40940766455278e-9,0.241293793780984,-8.8028201387171e-8
6,4,-0.0792806152275283,2.93620153164882e-8,-1.38050003091467,8.59109013132768e-8
7,4,-0.0545446929805001,9.30297812121731e-9,-0.59159210722343,-5.57644877958835e-9
8,4,0.0714825069388702,-1.04472747064885e-8,0.127271484642871,-3.15300053523716e-8
9,4,0.107163672049666,-8.61244005038518e-9,0.54316071300712,-1.91198852353653e-7
10,4,0.00635619199948724,-1.84329177862961e-8,0.0493822905233938,-1.49331095094704e-7
1,5,-0.105703829137053,-2.03165556180223e-8,-0.415177816251414,-5.45551287241591e-8
2,5,-0.0120970098415437,-1.1812205359512e-8,0.6630672421111,-1.62224532231776e-7
3,5,0.0960108882734312,-1.4117531512276e-8,1.39519271437018,7.19699691926988e-8
4,5,-0.1382378029141,1.6395090298438e-8,-0.730260384595114,-8.8233549332723e-8
5,5,-0.111702954893841,1.11984898968243e-8,-0.197032082271583,5.05140660613551e-8
6,5,-0.10509821161491,2.01549037440885e-8,0.00644581415684686,1.30991274295856e-7
7,5,-0.179104666509482,1.18236952129903e-8,-0.26309629996796,1.03610920650609e-7
8,5,-0.00866451339481519,4.2109379577333e-8,1.14872758139555,-2.17974101349677e-7
9,5,0.0261125968222142,-1.57071097472162e-8,1.67473713008514,7.17443064689331e-8
10,5,0.153387083586718,-2.36100569737528e-8,1.83463009781865,-8.69577653897805e-8
1,6,-0.0891034156900088,-7.52088484266239e-9,0.0873828104411604,1.18550353037923e-7
2,6,0.231934626986823,-2.71846907031178e-8,2.17100529284731,-1.25059190677605e-7
3,6,-0.116496573628993,-2.99839519458178e-9,2.51444085074402,2.48111014775559e-8
4,6,0.0981765364023435,-2.45902974182837e-8,1.55887872724519,-1.35336503992439e-8
5,6,0.0177127888923281,-2.53775853177376e-9,1.26656733316579,2.04169722828264e-8
6,6,0.148418178326107,4.59126550928041e-8,1.01698712740616,-5.4728932962562e-8
7,6,0.0126988753406401,-3.56637073533974e-8,0.211511897319845,1.10215086914431e-7
8,6,0.252590412250216,6.66840372209197e-10,3.30349533964679,-1.92833438067037e-7
9,6,0.187141064032062,4.09721070555233e-9,0.35258176622123,-1.12490056587439e-7
10,6,0.027431067140669,-1.02245106768348e-8,0.033692987853233,8.86111924478286e-8
1,7,0.0957240294243009,4.0851972810787e-9,-1.48435173434604,1.95703052838763e-8
2,7,0.0944668972898178,1.15068815984566e-9,-1.72517439130844,-1.499106697926e-7
3,7,0.0439055194607134,-1.36329694716511e-11,-1.78176391724515,-5.12373655257248e-9
4,7,0.0775015250407279,-1.20410577959299e-8,-1.56246571604743,4.92545285123763e-8
5,7,-0.0491208439904385,-2.88742105478365e-8,-2.03089649798844,-5.18212642806229e-8
6,7,0.0720880684377668,3.27351592384287e-10,-1.19566817412446,-7.29421188557247e-8
7,7,-0.0327108979055453,8.88453180331594e-9,-3.66601137949645,-2.27856087605382e-7
8,7,0.046892070460457,-2.79444518890911e-8,-1.5521066167757,7.48524183702675e-8
9,7,0.143258166295002,2.96185796309824e-8,-1.39638461923482,-8.46263925154264e-8
10,7,0.147963068755812,-3.99663389160319e-8,-1.70034830548037,-4.51728675774986e-9
1,8,0.100770482368126,-3.9073192530345e-8,-0.564734626626542,-4.09970530283887e-8
2,8,0.391761485703743,5.08882015700536e-8,0.842095430523518,-1.06923860689112e-7
3,8,0.145713815165274,1.9780865356135e-8,-0.827667474124165,8.42497269135438e-8
4,8,0.275582642642677,-2.3113809380488e-8,0.0585223584282465,2.14359328250023e-9
5,8,0.129633953647533,-4.35597776861501e-8,-0.418950756430997,-3.13726465750994e-7
6,8,0.349767240446382,1.21047675932495e-8,0.0723472396284401,1.11920453693022e-7
7,8,0.465219381176666,1.45629492972533e-9,0.695930719025979,-1.85936958304632e-7
8,8,0.362079557952683,-7.21830407403559e-9,2.20598431642057,3.11312198875576e-10
9,8,0.0904770513664039,4.90051192674628e-8,-1.07208187656058,8.87357382037289e-8
10,8,0.279719164987631,1.48612172690087e-8,-0.426548434441023,1.54415976549525e-8
1,9,-0.121764062463048,-2.60998836912778e-8,0.659165716508305,1.8903340190445e-7
2,9,-0.169068519883411,-7.99112485995606e-9,-1.08117546271605,1.26044399609014e-8
3,9,0.152525373035688,-1.70879467893002e-8,0.594395543251558,3.87788588596391e-8
4,9,-0.141383147243475,-1.21245923969989e-8,2.0077799348439,-9.16120993912157e-8
5,9,-0.158539149530391,-4.6946074747605e-9,-0.714974742337249,-1.31791448584199e-7
6,9,-0.238015283526043,4.13888825293105e-8,-1.31168828444806,-1.41128115878815e-7
7,9,0.0390864304691623,-2.75949401457776e-8,1.13981004041408,-1.08836207381583e-7
8,9,0.0768298518764398,-8.51594870077617e-9,0.15614172990666,6.34157138025456e-8
9,9,0.0147010569817286,-1.84957098043137e-8,0.538460242992367,-2.37203304025032e-9
10,9,0.0194249602674733,-2.98466966536595e-8,1.69460893175293,1.89454040289919e-7
1,10,-0.267713239025598,-4.51220980221652e-8,0.22173144647753,-1.03903732208232e-7
2,10,-0.443529169757712,-4.15338212031102e-8,-1.93300765349058,3.83765372261699e-8
3,10,-0.409508267951704,4.5236521383176e-8,-0.699187817909159,9.00106161626526e-8
4,10,-0.421025319612449,-3.36110150894536e-8,1.9911464463769,-1.06629903045865e-7
5,10,-0.261165627778031,-3.18351559834604e-8,-0.808716221574754,1.70539921182016e-7
6,10,-0.334105071773154,2.96866149694845e-8,-1.33727799737314,1.57869254047754e-8
7,10,-0.315830110963779,-2.34263419324217e-8,-1.50560301033886,-1.82322249880353e-8
8,10,-0.163689522480113,-2.76829977652392e-8,0.778166390809426,-2.11536384439147e-8
9,10,-0.220655818020346,3.00950600372861e-9,0.72632674911446,-7.07295258067158e-9
10,10,-0.309271482969874,1.1228566433673e-8,-0.684869615376478,-1.62512583524555e-7
1,11,0.348273230011968,-2.94707139674468e-8,1.42327717249903,-9.42413578610728e-8
2,11,0.234755679153778,5.50407591288677e-8,-0.205849702789481,-5.22428605201768e-8
3,11,0.0943233123733375,2.63064963366042e-9,-1.54333087584691,-1.08265770551564e-7
4,11,0.176764626957144,1.53071439185825e-8,-0.579386009062856,-1.4305941115664e-7
5,11,0.426526742821904,1.59180137982472e-8,1.03614868811526,1.14261638036356e-7
6,11,0.261888033445807,5.48265036955956e-8,1.39372805645627,2.34644142225538e-8
7,11,0.132073024105334,-4.74422906565116e-8,-0.261180786753771,5.14599736090749e-8
8,11,0.277544071377243,5.96183180780599e-8,-0.164077886658723,9.19382742741651e-10
9,11,0.295392010191212,2.89031540051059e-9,-0.348075763399144,1.06996192252594e-7
10,11,0.252770258144479,-8.16764675030205e-9,-0.0527542370467272,-6.2331685673928e-8
1,12,0.00512713849759681,1.82012188825393e-8,-0.0710480511514029,-1.53702810973824e-8
2,12,-0.0970492146758395,-2.2453675587814e-8,-0.184350778900288,3.25062761587931e-9
3,12,-0.0213798481439414,-7.36452381200466e-9,0.0413253148120302,-1.96860013548024e-7
4,12,0.0482212115536294,-3.58001411674177e-8,0.709407433336779,8.65297690618687e-8
5,12,0.0300373871622582,-2.03530752647888e-8,0.000918798517627566,1.51308795433532e-8
6,12,0.0677933444503118,3.65614933102965e-8,1.50108596803299,1.07061137819786e-7
7,12,0.0954550329057973,2.10297885492042e-8,0.873279115100076,1.22236466959846e-7
8,12,0.0755809956972729,-2.34728768683451e-8,-0.126314250760579,-2.70512887460946e-8
9,12,-0.0362535360970025,-5.91899798426901e-9,0.973287519706878,-1.46704850076219e-7
10,12,-0.0193500765494349,9.08192504112538e-9,0.1284162408665,-1.51579403850995e-8
1,13,-0.175388179925396,-3.30834000940503e-8,0.0477171257878176,9.40857774457406e-8
2,13,0.118969004436288,4.64388340469554e-8,0.359291072741781,-1.32092447892498e-7
3,13,0.0597176318038394,3.76470903122305e-9,0.319613008258809,4.91065020237446e-8
4,13,-0.132684313183144,-4.7172021636042e-8,0.0298522789389974,1.04885504201174e-7
5,13,-0.0845507729947272,1.91666391597795e-8,-1.79904577140149,8.03205968579455e-8
6,13,0.122100556886015,-3.19646927219078e-8,1.13109205098488,1.44847994684586e-7
7,13,0.19352353792155,-4.88607363329081e-8,0.747433083779802,-5.76235559888032e-8
8,13,0.15526499299047,1.81635689783748e-8,0.849416711622272,7.82038503996733e-8
9,13,0.110987809703275,4.31922285372069e-8,1.20790292494441,2.75668645466282e-8
10,13,0.0440033632964642,-2.11859153296104e-8,-0.105670593238248,-3.33201401931222e-8
1,14,0.0920759414564444,-7.60088724861367e-9,-1.70881177909719,9.45878441307226e-8
2,14,0.291884635729671,1.20971194123996e-8,-0.359066942995089,9.20783310940221e-8
3,14,0.0413138332725779,8.72285591463127e-9,-1.95927002292762,-4.40914464345594e-8
4,14,0.304612743574053,3.79242110085946e-8,1.89991278270866,1.0927756980701e-7
5,14,0.139594358840154,8.00468310221764e-8,-1.75123216526417,-8.15437237956252e-8
6,14,0.153507007018743,6.43547831646497e-8,-1.20962504101361,4.44579536909265e-8
7,14,0.0819685612168819,-3.14114765974473e-9,-2.40757499056546,1.88879791385416e-8
8,14,0.266226916274896,8.37957280569012e-9,-0.109464458309215,1.59762089076652e-8
9,14,0.339799780458955,1.14456622269262e-8,-0.0450168396634565,-1.13024496682344e-7
10,14,0.276135465301784,-6.81902904283519e-8,-0.316846084288728,-6.94934937398562e-8
