rep,id,Cl,V1,Q,V2
1,1,2.59020972957259,22.5776838248908,3.50294190827846,6.6425438669713
2,1,2.60036184606569,19.8083952398551,4.15900355259712,5.89786233407333
3,1,2.83187854142372,21.0584548182451,4.29738054728444,6.049179147893
4,1,2.61730196465985,24.9981235560717,3.5194517426977,7.56949875059745
5,1,2.53207529910641,23.2283897532335,3.49802178760412,6.76770020529383
6,1,2.77563767102177,19.3819697169853,2.16241399428759,5.70595875228774
7,1,2.74394825502403,20.6382773904175,2.80100824087843,6.01217166990563
8,1,2.65518735467353,26.2711900282279,2.53969179301826,7.75630241367393
9,1,2.62299777574597,22.5283384202169,3.51962991662767,6.53500470266534
10,1,2.87197546266121,18.1920481867079,3.2880663171088,5.30137794120701
1,2,6.7272548302307,30.2847386775494,3.90681577644016,9.2120396613454
2,2,6.60304574744144,30.0476077831295,3.13135257610342,8.91607208656843
3,2,6.35580903912934,27.5572260906718,2.70897366238959,8.09978893063997
4,2,6.696067883079,30.3359659831498,4.3795742011937,8.78963491459864
5,2,6.65677825678344,28.5383608792128,3.23330173350477,8.15048776976662
6,2,6.71730118855811,28.3429017461921,3.27941989769886,8.32130815456178
7,2,6.42074975647694,24.063263853162,9.18798337981596,7.2727346787693
8,2,6.2565564198521,26.6565815061483,3.28964307550471,7.74293535815075
9,2,6.68146770574789,30.1696783361395,4.05187309797179,8.94973405702361
10,2,6.63885233345433,31.2645877762039,3.42152899393673,9.34286242385787
1,3,6.25364502113938,28.2196629914094,3.44643478428679,8.41111226469742
2,3,6.12367098987048,31.0244301898859,2.51890437864054,9.18752165447927
3,3,6.36018728546265,30.9850541782766,3.04671549570715,9.19104313788847
4,3,6.23647812954696,30.1722475089424,2.3495451751939,9.04322679651868
5,3,6.28093374636189,32.391805629938,4.39401402796018,9.67172841340547
6,3,6.46814500460918,33.4645947320731,4.99783654242036,10.0697409637467
7,3,6.23262830753479,30.318566447708,3.58538791133084,9.00184879828442
8,3,6.26388237343758,30.5483345248357,3.84515060303674,9.00635745197742
9,3,6.22169827768878,30.7228178469345,3.97221024671143,8.9322959005979
10,3,6.52221678984175,32.4914215636058,3.9924398310337,9.8664012775848
1,4,5.21647313683757,22.5684825689472,4.82450426696353,6.75348315345735
2,4,4.84571462337942,18.3662836827815,3.85439976271892,5.37680328996997
3,4,5.16627958679416,22.3862780645419,3.89959485789583,6.48505211082107
4,4,5.22687710740894,22.9277944820959,5.32330448898312,6.88642646349863
5,4,5.08772854408809,22.799427897564,2.37973300590866,6.74305414260765
6,4,5.31318060792174,21.5599283656911,5.31110117930591,6.35303231169576
7,4,5.15133029942419,21.7799425011393,2.90044333341025,6.39402119380077
8,4,5.27995852957981,23.2774902363867,3.19423611666013,6.90885473806879
9,4,5.14534715263408,22.6100535628878,2.79957025643772,6.79175949737567
10,4,5.19431577223431,21.5374562044663,3.87319302685836,6.29278771182135
1,5,4.38270849597316,27.0613732382408,4.22033695950944,7.98096303961534
2,5,4.76408611044757,32.9599684915802,3.29933666614446,9.96865138021484
3,5,4.59222909817162,28.2544731006293,4.79567941923076,8.42675534092849
4,5,4.54996822709528,28.9722873369602,4.14137098798731,8.44623753364626
5,5,4.46587381138572,28.7171577680673,4.5213816702628,8.6345695205482
6,5,4.6532380077368,26.9092074085026,5.13418231128288,7.91925746832789
7,5,4.68636558758259,31.1091213460482,9.49264127477771,9.07907525700478
8,5,4.57552034560978,28.0363574255302,4.23984386857953,8.4118408251208
9,5,4.67957466516386,29.0740667478268,3.65854228990258,8.51393606387458
10,5,4.55761290390876,26.267371670544,4.70845140650285,7.62772597993903
1,6,6.26098307716847,43.4590038449305,10.8922060546175,12.7940889648493
2,6,5.8912240599654,40.8686593410106,9.38440985814682,12.2601477502567
3,6,6.05055302080062,40.9683867350628,5.82428342852877,12.5062131654788
4,6,5.96908816205658,40.6873580298063,4.52230562581917,12.1151155123478
5,6,6.16817186428611,43.6749883517944,5.50267368060398,13.0492312478023
6,6,6.05640410368592,47.6684724866266,5.38919862323004,14.5150793747914
7,6,5.8579586827728,44.8609058169178,6.94563089346702,13.2697230988318
8,6,5.83530234642216,40.5997287267332,6.53306649109106,12.2699971677043
9,6,6.0594643135064,45.9760408709352,6.71583563554877,13.7378394532767
10,6,6.096144931521,50.2942733087134,4.39426966075573,14.8771784277691
1,7,5.63051601517942,14.7301342465511,1.3897740867771,4.37596479688075
2,7,5.51020494731957,15.2735404042562,1.0863409551388,4.46050254488839
3,7,5.8835668054119,15.8929781466871,1.70048642451107,4.56897276634497
4,7,5.96864660661176,16.0300309504142,1.77508820316782,4.73221249140979
5,7,6.01598057829218,15.6206655884122,2.1318507428268,4.59200206782784
6,7,5.7747789734716,15.6323044559847,2.19655379402237,4.58835444392354
7,7,5.58047095960756,14.6730351278807,1.61850028377866,4.33789960226146
8,7,5.70223072590924,14.7818147028764,1.5571790574541,4.37594148782271
9,7,5.92673513472012,15.6309445563401,1.9206342426722,4.49161874761794
10,7,5.75822477987904,14.91010682491,2.61390667295976,4.29515239580915
1,8,6.5470089664856,26.5215607340996,2.25426064135588,7.77205262566168
2,8,6.48738615440157,27.2945687792141,3.70070154868426,8.00756203593912
3,8,6.9530331651684,28.9264309946484,2.20826738412907,8.46861987138479
4,8,6.34798070790545,24.3761510273413,3.43681716481804,7.24357479977917
5,8,6.5303608711205,25.0375572190989,6.45866520276684,7.24375247280342
6,8,6.77964459458697,29.4485781269702,3.47625186569973,8.70963706393701
7,8,6.70985350995772,27.3752107019343,2.89507412329424,8.07241936441907
8,8,6.71878359512288,26.9303285321339,3.49121118475694,7.83700084874768
9,8,6.68341069949867,25.2100054941833,5.93578603785546,7.28761878048284
10,8,6.52121011227303,26.8712735773289,2.67420828428329,7.94100464219438
1,9,4.91887365784534,28.457166755365,2.88139575189563,8.56678297306241
2,9,4.95086389229378,31.7516732559399,4.12710186913532,9.74920620004586
3,9,5.06254073288241,30.0591911168894,4.64762025748797,8.75157990166494
4,9,4.89999816827198,25.9093690205144,4.7952520738392,7.76348689036597
5,9,4.9702809061476,26.7702798156294,5.11498181270397,7.76500218621846
6,9,5.15182228853042,30.9412965541572,5.25865364308705,9.31270992101991
7,9,5.03243576158107,30.4327360997795,3.72105418838272,9.21290725410493
8,9,4.82280797115187,27.2323376944309,3.77792893350018,8.25659319402275
9,9,4.73859814410151,27.6779602898423,2.8762859465675,8.31417538243978
10,9,4.97861347624985,30.3416182491517,4.76406134160213,9.13464527093254
1,10,3.64853926034378,21.8022793133946,3.84957025128987,6.43023269849204
2,10,3.52171968412055,20.7887049738983,2.07597361470603,6.1532367703647
3,10,3.46158168089421,18.7706722406646,3.18461478614466,5.66569800774268
4,10,3.58203717706136,21.6297283206754,2.24478846471693,6.37826452245106
5,10,3.42507292285084,20.3611057151162,1.78822605762502,5.9551122302581
6,10,3.42953217556009,18.788815403693,2.274664337715,5.56765556490399
7,10,3.57910506760292,19.8041506322451,3.73892471368547,5.66899818096331
8,10,3.36177795870727,20.5835650952922,2.46073239738968,5.99377515667014
9,10,3.37084721653736,17.4136756598946,1.91258808624246,5.19859923422705
10,10,3.61561065140824,19.1402791435186,3.69488871846732,5.58855610658919
1,11,6.1717065157578,29.8763052495275,4.78281115434194,8.90322748491522
2,11,6.37769667731696,29.7699117131721,7.62890555401925,8.95302212802738
3,11,6.14940092072409,31.0038484661949,2.55296676413931,9.02310249230064
4,11,6.41960089682603,31.9847812569887,2.54677665252539,9.62275164480403
5,11,6.40720985951048,28.0619796091055,3.94681727661995,8.0319419816192
6,11,6.52683784863988,33.3869816832825,2.13881908009835,9.85656101974664
7,11,6.61735595814171,33.0298458964122,3.55567508876445,9.87453155997704
8,11,6.52619826464221,32.258342997385,3.64500693671936,9.68794741444187
9,11,6.47541306096879,30.5808267326516,5.47510174160047,8.95795882133883
10,11,6.53324165363273,31.4118016168369,4.16385659253354,9.17677541725383
1,12,4.88638532465569,29.1979288486561,9.73707973012322,8.76080961816709
2,12,4.95873019916299,33.1919776417063,2.93904662969782,9.83484289890378
3,12,4.96426707312857,31.1561467092349,5.3013774906636,9.14396046220853
4,12,4.82476575866607,35.0846377796987,3.9037438250388,10.3327734317016
5,12,5.10206612847057,33.907143165936,5.33445082558779,10.0371515941662
6,12,4.82968298595982,29.7028697026809,4.33929175223349,8.6298107134989
7,12,5.10020925002208,34.5721249822001,3.62535907954399,10.2247305410309
8,12,5.16885306922107,32.0134828212742,5.7466453892994,9.47617939246791
9,12,4.99240903975231,32.6818997236036,6.01249720946644,9.79189104053606
10,12,4.90096698052481,29.5419967660516,4.08918535611742,8.77604670336428
1,13,5.20091526261787,26.6339405312532,3.05021223937793,7.91831344627784
2,13,5.33602722390863,29.6869325151598,6.87913737936266,8.95057173923822
3,13,5.41653503590292,30.4585306603739,4.05050776672808,8.971136688738
4,13,5.17743246595662,31.1854067397739,3.23831463786794,9.14092916251798
5,13,5.15638668508741,28.9378366478659,2.20411716835896,8.68704534256664
6,13,5.23091710756507,27.022674098943,5.09492192116448,7.96100909275975
7,13,5.35219635633889,28.1254289018411,5.57510674345413,8.33420025183921
8,13,5.32071196720534,26.2363544308594,11.4270282547975,7.8066665961377
9,13,5.48758489184672,31.8185652967601,5.35742662020229,9.46854130926728
10,13,5.34127874589152,27.6913960523759,3.77706692195174,8.15296235890605
1,14,6.45088734242818,24.5004534847528,4.3552897883059,7.33984719568387
2,14,6.65383363418453,26.8145743774576,3.18480395589413,7.83749664299586
3,14,6.04630961734403,23.1938634277549,2.75808602785383,6.89582186155563
4,14,6.26753984407037,24.978538604538,1.21025595355906,7.33471881055469
5,14,6.27180230790805,23.2671043670189,1.73111746464403,6.77485994755598
6,14,6.25465582985424,24.601426162743,4.26938289502614,7.31796473667573
7,14,6.40306790934825,27.226484731362,2.33869330511449,8.04556929752827
8,14,6.37208240226245,25.3525183080843,2.79776591539041,7.4710606068363
9,14,6.50502283229412,24.7425743522383,5.83766646030999,7.12479710183535
10,14,6.32724579048926,26.3201749906798,1.29486026454617,7.81496294995789
