rep,id,eta_Cl,eta_V1,eta_Q,eta_V2
1,1,-0.69575178073703,-0.595069649332935,-0.378044055048775,-0.621361495198932
2,1,-0.771587990541311,-0.507528405259697,-0.537249532706179,-0.50241170141158
3,1,-0.754865033161447,-0.535888627563195,-0.706335079634089,-0.526003641745174
4,1,-0.833610840750159,-0.333039282209154,-0.875943829457254,-0.321624449012131
5,1,-0.731451247785189,-0.546184208339524,-0.67654094116766,-0.577069166393447
6,1,-0.773337199903173,-0.595981179222734,-0.631541148716249,-0.600730689037386
7,1,-0.794168817125024,-0.446119262093045,-0.674211001184691,-0.448189246221176
8,1,-0.911585232922215,-0.234215883372256,-0.82217260753599,-0.21397961309709
9,1,-0.747580511758266,-0.433893041403133,-0.891297959242476,-0.470901543845524
10,1,-0.734207533109265,-0.565636645128376,-0.642113423047609,-0.586408550741137
1,2,0.268644087983718,-1.00712046603668,0.321445685110219,-1.04706103804617
2,2,0.0548647593563883,0.276429596122075,-1.9942585568041,0.285721012612892
3,2,0.118985356245262,0.319598045450306,-1.79067439624911,0.299058966143792
4,2,0.150413138012414,0.272442437548071,-1.62498001787353,0.283024372397918
5,2,0.242236566011659,-0.995749078407687,0.0464008392010037,-1.0188745235561
6,2,0.0793292773882507,0.170642144255111,-1.88471179360989,0.188417891438052
7,2,0.129059834528481,0.263594784306493,-1.57740424994238,0.267166132552774
8,2,0.125732834222861,0.287913150092098,-1.6821867576742,0.329304970359812
9,2,0.298696316828923,-1.05394719644301,0.241220977182041,-1.03353951324893
10,2,0.0976256898028022,0.178693477155577,-1.96421546281861,0.207608947965574
1,3,0.115291650745138,0.13143795996724,-1.47612855722709,0.111161727985683
2,3,0.0864904748544559,0.225835951042166,-1.42023449989941,0.24126570775093
3,3,0.113307219069375,0.16584356804549,-1.3919146476157,0.169814511926719
4,3,0.121275783151559,0.196937477125975,-1.35332778933027,0.195083090257119
5,3,0.0164455517259135,0.188251932685595,-1.7490408184403,0.184507117130772
6,3,0.114439902548149,0.214396811843825,-1.31236029469301,0.237838428637354
7,3,0.0815053666238405,0.23945711687713,-1.56849144001264,0.226993433369517
8,3,0.106142199939247,0.113603784126467,-1.49166584346914,0.118448946851274
9,3,0.0873132541726978,0.242426432955225,-1.42966340771482,0.255278777593369
10,3,0.0799668391290399,0.208665179880791,-1.54700681839361,0.193109734605051
1,4,-0.103858895656617,-0.0619831462519898,-1.77839205581794,-0.0475986569459666
2,4,-0.153121415657875,0.0321884587311942,-2.02920572436453,0.0422353762737657
3,4,-0.151418314067508,-0.0595786173963252,-1.97004728820568,-0.105147774691026
4,4,-0.102361150336521,-0.0140609047272326,-1.73314309053412,-0.0107123849016473
5,4,-0.179793454387822,0.00314174075096013,-2.40085031133466,-0.00661815142606416
6,4,-0.164630274118616,-0.0597163556711658,-2.02874454714351,-0.0647422080049517
7,4,-0.169133317218787,-0.0534799530587628,-2.10980805686563,-0.0516178063962305
8,4,-0.124095101763751,0.00279380331010061,-1.97920254439595,0.010848768663821
9,4,-0.15031817980349,-0.0854580983502959,-1.88549434743917,-0.0655827929356503
10,4,-0.177697926027641,0.0590685965738118,-2.28051060173033,0.0658054216579402
1,5,-0.254309158297392,0.147990868738894,-1.25986461991846,0.151030043734113
2,5,-0.389617888938795,0.356844726245238,-1.37117471587123,0.380334071563491
3,5,-0.243095862877824,0.156620427679936,-0.867247366061304,0.170899915443623
4,5,-0.360497633108134,0.24542504671694,-1.47051519654733,0.248766471052806
5,5,-0.31381663162395,0.124384869676677,-1.54416567941696,0.132148822916308
6,5,-0.334020532923998,0.328510760175409,-1.20444410301736,0.323523324458344
7,5,-0.334481483536093,0.27712406131041,-0.977963170303225,0.269539459067299
8,5,-0.265470715996958,0.0926469130013886,-0.964003629750177,0.115765362220456
9,5,-0.238646053814501,0.0778475794806613,-1.3111039197099,0.0766681399348561
10,5,-0.263959664912153,0.158974333822858,-1.39543995421108,0.185652463829439
1,6,0.154490501401297,-0.485008300703573,0.440674203592027,-0.522530835166056
2,6,0.184666426446986,-0.55058356928336,0.868046276414119,-0.561029786696256
3,6,0.21523107415817,-0.423416647934535,0.644982227316762,-0.410379098022882
4,6,0.184541173847764,-0.426436782963537,1.01874796964395,-0.467333794231015
5,6,0.153963399663503,-0.454940810499482,0.72561784231516,-0.448869286558015
6,6,0.189784459599919,-0.583616529493501,0.991636223458585,-0.595249933611366
7,6,0.15800931412623,-0.404361848858471,0.450119662344675,-0.432672698798169
8,6,0.149150963881209,-0.490804555325744,0.550666765532258,-0.510390927790946
9,6,0.131316937124212,-0.648442544952315,0.611425969099531,-0.662400151339044
10,6,0.147339598212742,-0.586059692593417,0.792643581122366,-0.608670885841283
1,7,0.0583984627872498,-0.387453218817601,-2.38048217496747,-0.405857592900807
2,7,0.0612398400988045,-0.518347424697512,-2.32036579476003,-0.497235313135246
3,7,0.0027398473284481,-0.492432859966556,-2.40442796693649,-0.480756662698167
4,7,0.0482635543694697,-0.493115562092044,-2.41032961746517,-0.50163597022473
5,7,0.128495926294461,-0.356155720633572,-2.23792055331901,-0.377885102396369
6,7,0.0470434818993025,-0.504517242293716,-2.31984617887944,-0.527163718301753
7,7,0.0225128725428982,-0.536615248358637,-2.51255811888108,-0.545304834154313
8,7,0.0279873733885485,-0.51700765930052,-2.38945423565031,-0.519173383144275
9,7,0.0934017269412857,-0.429849437700436,-2.4675820230916,-0.460137678789725
10,7,0.0736040215316828,-0.444500122814478,-2.35137740803435,-0.443263184324526
1,8,0.175798484401862,0.122679823723848,-1.77390444192303,0.12493780655227
2,8,0.297713258313935,-1.00658617514283,-0.24484011924183,-1.03648422521882
3,8,0.28051932396997,-1.06000458701153,0.212052681283073,-1.07942532001151
4,8,0.156452578499735,0.0827878079268752,-1.73068193374095,0.101671252382366
5,8,0.170601998699011,0.0257414643332601,-1.64975220563467,0.0312587713571613
6,8,0.300425563314262,-1.13856005752557,0.16683522577584,-1.15921320897426
7,8,0.25155711813429,-1.12423090204346,-0.209560331100864,-1.15311845520861
8,8,0.173951829629729,0.0408727991952917,-1.59206665014233,0.0364359195305341
9,8,0.15384550704258,0.150675121054245,-1.81532530016053,0.162144816332744
10,8,0.319637846105134,-0.991051593242122,0.0871784010994782,-1.00827791702137
1,9,-0.145028722479987,0.0207503124805333,-1.19422395616621,-0.00167207147469613
2,9,-0.0298078634238017,-1.00536986349133,-0.0679400428360096,-1.01271313211857
3,9,-0.0583630798374915,-0.0535970065536793,-1.01264019667151,-0.0520639608703848
4,9,-0.195515329022253,0.0729045402636293,-1.61074091690413,0.0660617639251434
5,9,-0.122252821477733,-0.140472951913854,-1.10606840683386,-0.15510055626342
6,9,-0.0421919019571408,-0.825074366492996,-0.23855237054285,-0.822871473881608
7,9,-0.134810699430323,-0.124926129755882,-1.22157231322094,-0.135385118258007
8,9,-0.0279967801733148,-0.673441916185635,-0.383782724363628,-0.735411240108236
9,9,-0.122499831034319,-0.0430896896644476,-1.08853029545753,-0.0591493318352555
10,9,-0.041921189384382,-0.869932102352652,-0.16769206289497,-0.893761889434094
1,10,-0.57865716085302,-0.114944025102235,-1.98000540644793,-0.122144328662676
2,10,-0.596678228929422,-0.143656183291374,-2.04521026740564,-0.167094647510742
3,10,-0.610836580062422,-0.106741550099106,-2.17437269310139,-0.0899240124379121
4,10,-0.581382949387721,-0.0986996668110718,-2.2224154380631,-0.090221750261812
5,10,-0.588176864043688,-0.0693149394433154,-2.16658518402316,-0.0678602703159516
6,10,-0.559293102340185,-0.0634765144466336,-1.78675148018724,-0.0404648054849311
7,10,-0.561407558153213,-0.265148862444208,-1.96624029772836,-0.264863402589461
8,10,-0.533120785466209,-0.198236134242259,-1.93555542317637,-0.179793412579034
9,10,-0.564780573199096,-0.126508860491664,-1.99425651422832,-0.135743199227573
10,10,-0.551771705531108,-0.153568351047429,-2.16782525735573,-0.183741414361234
1,11,0.092049621364875,0.212144042931849,-1.68645823104354,0.195311727093911
2,11,0.0863515342303135,0.311807497504274,-1.45818019917208,0.32779403201429
3,11,0.245750539176403,-1.01728801392099,0.244244161800219,-1.01012380329723
4,11,0.0779740300172453,0.277895056375749,-1.68203232887936,0.27838719718472
5,11,0.096644368849666,0.25683982239235,-1.64921661784601,0.256457806715282
6,11,0.0893410475122343,0.324388114092739,-1.76409598590432,0.320434386538987
7,11,0.224439187169437,-0.985043607112592,0.471882323132766,-0.999098927592607
8,11,0.0219233760437152,0.25158685407081,-1.71997119820178,0.283557005312644
9,11,0.0533678272859306,0.230338680234279,-1.79816865256568,0.217684965784974
10,11,0.0944070602585704,0.21862379601832,-1.80506749455776,0.216043329932722
1,12,-0.012298797391332,-0.530370570165733,0.0759900135913847,-0.552730611850549
2,12,-0.0242294488031349,-0.688224399868578,0.175140526514198,-0.696577919053953
3,12,-0.199939471858058,0.164249749413216,-1.07918391776945,0.196572942085031
4,12,-0.26001397028733,0.318179727860919,-1.36908289682055,0.32985396086928
5,12,0.0168404904673772,-0.670503762041436,0.493114055130729,-0.707955733921732
6,12,0.0271808398622306,-0.746349897943593,0.388806309625992,-0.754594627529656
7,12,-0.144113007619889,0.180053780521689,-1.02654096175576,0.188455376993571
8,12,-0.198208594594161,0.34963071609336,-1.07678844082604,0.354515553092724
9,12,-0.0236210738614849,-0.690190653390788,0.310223985324807,-0.688618214320862
10,12,-0.00978857997647699,-0.78580122454421,0.130402419118477,-0.803468712578367
1,13,-0.108572943364406,-0.00704490835735217,-1.59557995468114,-0.00103015561032088
2,13,-0.124506181749698,0.304507571435534,-1.32561865094493,0.283110701176785
3,13,-0.142293373182298,0.318313748992044,-1.77548425827144,0.303817363402029
4,13,0.0659881678977325,-0.908121938020847,0.311833627423821,-0.926768587286702
5,13,-0.103180634182418,0.0471851438282463,-1.43912934447225,0.0504373767597208
6,13,-0.238046552710762,0.401050019273101,-1.7199576151502,0.415358425016943
7,13,-0.0850738809607967,0.295932965814257,-1.51018259854879,0.286774302546783
8,13,0.0770154032758018,-0.887973854202186,0.0631517933468938,-0.89399354241893
9,13,-0.0799573882238808,0.0575917761160267,-1.56476108667683,0.0695549217758213
10,13,-0.171944867066913,0.246876666929513,-1.71844967269709,0.259944707103825
1,14,0.0658859610605425,0.14921121423039,-2.34228842763861,0.140050303278723
2,14,0.0920513444772939,0.123241737245277,-2.10563751311512,0.0983695277051162
3,14,0.175067117576175,-1.34412632679896,1.13055853771427,-1.38202741314922
4,14,0.0781842926370251,0.176403510296302,-2.27100343969997,0.186601840293401
5,14,0.041965774311289,0.194517433776893,-2.42822271813229,0.206017244555143
6,14,0.0699518368785856,0.0514691581423191,-2.28240582243915,0.0724324736445258
7,14,0.1887991848172,-1.31864380399484,0.872399440010331,-1.34039092919551
8,14,0.045161204816052,0.195232340432804,-2.39333031433897,0.203752008061689
9,14,0.0579540522333155,0.169955494053087,-2.50779110830738,0.171734967246679
10,14,0.0633025527694897,0.10261389354188,-2.33943310718822,0.10487702369256
