id,time,y1,popPred_medianCOV,popPred,indivPred_SAEM,indivPred_mean,indWRes_SAEM,indWRes_mean
1,1,17.266,14.4971,15.664,15.6908,40.5885,0.315883,-2.82234
1,2,31.008,19.0899,21.3536,21.9412,54.5909,1.14208,-1.86766
1,4,19.578,3.24809,4.60448,4.84883,34.3322,4.60845,-1.85464
1,6,12.772,1.49616,2.19812,1.96523,28.0511,6.18011,-2.5979
1,8.25,10.534,0.916862,1.36492,1.19027,23.4338,7.1997,-2.64015
2,1,15.464,14.5273,14.8435,14.0093,20.7713,0.32622,-0.974265
2,2,29.518,19.1297,19.7392,19.2532,30.412,1.411,-0.0985228
2,4,16.62,3.25486,3.59122,4.94931,15.1252,3.99986,0.311198
2,6,10.238,1.49928,1.6663,2.64171,10.0491,4.47311,0.0614954
2,8,8.79,0.965883,1.07595,1.67189,7.63886,5.48013,0.463485
2,10,7.432,0.651858,0.730242,1.08223,6.08105,6.36213,0.662434
2,11.5,7.006,0.487206,0.548439,0.782527,5.1761,7.23788,0.999554
3,1,18.59,14.4753,13.4531,13.4785,20.4126,1.06168,-0.308828
3,2,29.82,19.0612,17.1307,17.214,29.9473,1.81428,-0.01407
3,4,16.486,3.2432,2.3155,2.42446,16.0879,6.32954,0.0807203
3,6,9.902,1.49391,1.057,1.12339,10.9073,7.18634,-0.319294
3,8,7.63,0.962423,0.677433,0.714517,8.38315,7.81983,-0.310835
3,10,6.4,0.649524,0.449291,0.469085,6.78473,8.62892,-0.192758
3,11.5,5.928,0.485461,0.330878,0.342778,5.86625,9.41178,0.0345736
4,1,29.86,14.5253,14.5988,15.3986,26.9543,2.18669,0.33804
4,1.58333,34.862,17.7438,17.8603,18.7328,34.7042,2.05093,0.0149802
4,3.58333,23.5,4.27936,4.37166,4.63105,21.5004,5.36311,0.293647
4,5.58333,17.078,1.67992,1.72188,1.96002,13.8396,7.14821,0.694254
4,7.58333,13.922,1.05093,1.07747,1.17145,10.4749,8.17312,0.939361
4,9.58333,12.576,0.706847,0.725568,0.728988,8.33459,9.40362,1.35835
4,10.1667,12.158,0.630985,0.647968,0.635438,7.82223,9.74551,1.45622
5,1,22.654,14.5282,15.5867,15.3313,25.4308,1.28922,-0.38179
5,2,31.134,19.1308,21.1833,21.491,35.3644,1.22392,-0.420688
5,4,18.28,3.25505,4.47221,5.29405,21.0088,4.09187,-0.459411
5,6,12.86,1.49937,2.12574,2.46228,16.2528,5.45826,-0.773129
5,8,10.064,0.965941,1.38263,1.61424,13.4499,6.04293,-0.957596
5,10,8.882,0.651897,0.95137,1.15887,11.2868,6.72472,-0.791173
5,11.05,8.614,0.53166,0.784933,0.982355,10.3078,7.16919,-0.59273
6,1,17.242,14.5304,14.4568,13.8046,18.5913,0.734187,-0.248785
6,2,24.78,19.1337,18.9925,17.8922,25.4736,1.07535,-0.0911504
6,4,16.326,3.25554,3.18062,2.76195,16.0349,5.867,0.059407
6,6,11.786,1.49959,1.46302,1.26283,12.8464,7.37513,-0.284469
6,8,9.736,0.966086,0.942076,0.789385,10.7756,8.29563,-0.335
6,10,8.518,0.651995,0.63497,0.511578,9.10539,9.28657,-0.220191
6,10.5,7.178,0.59163,0.575971,0.459358,8.73211,9.07692,-0.647141
7,1,14.454,7.53358,6.93067,6.92332,17.6621,2.43049,-0.661875
7,2,25.028,9.7879,8.73864,8.75074,24.7172,3.46989,0.0412556
7,4,27.162,11.1945,9.74764,9.72807,30.9588,3.39047,-0.432019
7,6,11.73,2.37754,1.68728,1.67507,12.0255,6.4266,-0.082141
7,8,5.516,1.23283,0.867748,0.874537,6.93636,6.08127,-0.756558
7,10.25,3.484,0.770009,0.535349,0.57411,4.77621,5.95382,-1.04166
7,11.5,1.284,0.602988,0.414412,0.461566,4.04467,3.37827,-3.78874
8,1,16.634,14.5276,13.2608,12.956,21.7671,0.825115,-0.888066
8,2,28.006,19.1301,16.7492,16.078,31.8439,1.83247,-0.424064
8,4,12.792,3.25492,2.1395,2.4183,14.7301,5.50026,-0.465815
8,6,7.65,1.49931,0.97795,1.19451,9.5153,6.13166,-0.720473
8,8,5.14,0.965902,0.626189,0.652674,7.11709,6.81436,-1.07461
8,10,4.394,0.651871,0.413686,0.358058,5.57293,8.27901,-0.784811
8,11,2.782,0.53682,0.336622,0.265225,4.95904,7.76076,-1.90868
9,1,25.77,14.5282,15.3501,16.9362,24.979,1.38603,0.102944
9,2,32.7,19.1308,20.7223,22.5966,35.1679,1.22033,-0.240249
9,4,19.098,3.25505,4.17786,4.31739,19.6544,4.9098,-0.0948284
9,6,14.928,1.49937,1.96871,2.06685,14.761,6.52868,0.0371506
9,8,15.156,0.965941,1.27713,1.3463,11.9542,7.99418,0.7836
9,10,10.244,0.651897,0.874866,0.917868,9.8297,7.96564,0.136318
9,11.5,10.138,0.487235,0.662323,0.691432,8.5058,8.8667,0.579637
10,1,28.208,14.5329,14.8057,14.8732,33.8071,2.1134,-0.597868
10,2,41.59,19.137,19.6627,19.8815,49.1622,2.43709,-0.552305
10,4,27.604,3.2561,3.54496,3.98289,29.2731,6.39245,-0.193849
10,6,21.472,1.49985,1.643,1.95336,20.6747,7.91547,0.124948
10,8,19.442,0.96625,1.06054,1.23164,16.2736,9.11041,0.587391
10,10.25,23.238,0.621172,0.685574,0.761558,13.256,11.2867,1.85352
10,11,16.666,0.537013,0.593924,0.649601,12.4745,10.7141,0.95653
11,1,19.056,14.532,14.3715,13.9471,20.6212,1.03059,-0.260657
11,2,33.526,19.1358,18.8283,18.2492,29.8332,2.00826,0.385336
11,4,17.118,3.2559,3.09418,2.7823,15.2748,5.99918,0.37618
11,6,22.562,1.49976,1.4211,1.19529,10.5946,9.70075,2.49602
11,8,10.328,0.966192,0.914596,0.788418,8.22724,8.49458,0.750893
11,10.25,8.992,0.621135,0.586084,0.531399,6.41947,9.33986,1.11276
11,11.5,6.922,0.487362,0.458935,0.428574,5.61842,9.18605,0.688968
12,1,27.146,14.5273,13.977,13.6543,23.2934,2.26903,0.505395
12,2,37.604,19.1297,18.0812,18.074,32.4604,2.41914,0.485689
12,4,21.9,3.25486,2.72529,3.69605,19.3467,5.87492,0.409329
12,6,18.666,1.49928,1.24566,1.85623,14.928,7.62145,0.737868
12,8,15.704,0.965883,0.800002,1.09191,12.3378,8.803,0.796589
12,10,12.04,0.651858,0.534799,0.651736,10.3496,9.62968,0.499532
12,11.5,10.08,0.487206,0.396484,0.442972,9.09164,10.318,0.340757
13,1,26.226,14.5329,13.4269,13.5218,23.5507,2.18738,0.355277
13,2,40.09,19.137,17.0516,17.4976,33.3076,2.73753,0.611988
13,4,19.922,3.2561,2.26235,2.32428,18.1939,7.09399,0.299612
13,6,16.372,1.49985,1.03303,0.921367,13.5063,9.5013,0.635342
13,8,17.376,0.96625,0.661868,0.600057,10.8334,11.1138,1.56002
13,10,13.73,0.652106,0.438398,0.420958,8.82377,11.5067,1.45991
13,11.5,12.168,0.487391,0.322506,0.324564,7.58088,11.9666,1.56243
14,1,18.508,14.5276,14.9917,13.7096,23.407,0.990951,-0.775403
14,2,30.042,19.1301,20.0262,19.2277,33.6936,1.47349,-0.378773
14,4,14.706,3.25492,3.75673,4.74536,15.5716,3.73481,-0.188858
14,6,11.446,1.49931,1.75019,2.21548,10.5652,5.42238,0.264392
14,8,7.33,0.965902,1.1315,1.41382,8.01507,5.43398,-0.295025
14,10,4.846,0.651871,0.77001,0.975119,6.22538,5.2942,-0.827081
14,11.1667,4.216,0.519745,0.617346,0.791587,5.38548,5.52287,-0.808388
