rep,id,Cl,V1,Q,V2
1,1,5.31131371949376,47.2999935281969,6.8733879719443,9.99358356117099
2,1,5.73589852811464,37.555840817778,8.60052971225196,7.79600691838428
3,1,5.3118388168474,44.0641406514811,4.70511010058798,9.63831635740797
4,1,5.43211953379658,47.4223851871907,4.44876721450979,10.4726515784099
5,1,5.2925960300238,37.6706801596277,4.05813750281094,7.77283316556234
6,1,5.38796585271891,39.0637224289159,6.31142956108402,8.26712876568095
7,1,5.44629516709306,45.6093190056655,3.96050068179347,9.95838500163867
8,1,5.22731940165565,57.4038929095078,13.4014413116047,12.8732970333422
9,1,5.50520511842083,36.6861342200659,3.88667531073343,7.59753558236571
10,1,5.46035999614042,41.8306458933692,5.94646770850091,8.96402410602408
1,2,13.0541529470871,57.891936232821,7.17690816004869,13.2499879568367
2,2,13.0600026938198,57.8561795899289,9.28087682562895,13.5312257195142
3,2,12.6212859726196,59.522630459319,6.04634033557035,13.5514450427408
4,2,13.2056308272546,59.7426342586734,7.29036158257584,13.3564550657465
5,2,12.9683181373459,61.648994940371,7.30324680923709,14.1652981155167
6,2,12.5979007851759,56.7998527110024,6.60859332618731,13.2193969394565
7,2,13.2443682416166,60.4793992085819,3.45453310349727,13.4710252292751
8,2,13.2615117483084,62.6431793203607,7.69730410476576,14.3869177182208
9,2,13.1550167830807,56.7742697838779,6.08023675607039,12.6705906545372
10,2,12.9384805888869,57.0262320206528,6.39497256482936,13.0866123308001
1,3,12.382472986213,62.6519873915711,5.15423156357002,14.2646280344225
2,3,13.0308200692221,65.6233365358132,7.80591853668971,15.1053248005348
3,3,12.326745582299,63.7345070995938,4.68145661051206,14.4855927174849
4,3,13.1296314545706,65.477831485279,7.75462647711971,15.5693031777709
5,3,12.4540087973792,60.2016426173056,7.63343492554151,13.9342982202795
6,3,12.6596998542656,64.3854144403984,8.38617701125126,14.9740943485579
7,3,12.7220481408194,65.799612510944,4.28385956899135,15.956292595722
8,3,12.8858213695409,69.8680588974707,10.1164212289372,16.3838793894188
9,3,12.6248880016957,64.7138435750116,5.16215243376218,14.8195540114723
10,3,11.7515228832016,59.3509256787226,4.01484207398902,13.1162602838331
1,4,10.3499784906679,46.89927400092,7.43170236052526,10.0221302280934
2,4,10.1170761390015,41.9409873717397,8.46604384190208,8.93152666804809
3,4,10.2294785220368,40.7669828535811,9.917096344181,8.74679459518697
4,4,10.5769923600212,47.8177791024839,4.37739055946681,10.6857909717934
5,4,10.3496497210206,44.1778790787521,12.2028523399788,9.68292505543544
6,4,10.3328663398048,41.0898503278441,7.06560233404633,8.89438531341386
7,4,10.209085192117,42.6381044127993,4.59392492589382,9.15175220089547
8,4,10.2713073506392,45.7204155406984,6.44483512700505,9.59533758970898
9,4,10.5084126768833,44.5150127431116,5.9256661764895,9.49243132095146
10,4,9.79097758975593,41.3284359084636,6.74278087639059,8.82808298171482
1,5,8.83890197370892,57.2800090714999,6.21355377360307,12.9383266651678
2,5,9.42066710608878,60.9142789001511,7.96002741233918,14.0531533580474
3,5,8.73908534056076,61.1443154096153,4.40994853871669,14.0675243841683
4,5,9.1930605566655,62.0791152367811,5.40087596615403,14.4554548599388
5,5,9.28750446499773,59.1597037112194,8.86961320985557,13.4397245890792
6,5,9.02713533745323,56.838261939235,6.68674746808415,12.9846842876131
7,5,9.56647751963149,69.0310229814652,12.3626000423076,16.0076000085839
8,5,8.87798643464563,59.5498085458668,5.33756617910614,13.5124128375782
9,5,9.17932985091086,58.7562802038391,13.0794917221742,13.7884413736197
10,5,9.17082169739976,65.4967276055915,8.65917481169872,15.0539806643566
1,6,11.9301982691474,83.2836653905998,16.1716146636636,20.3921132626487
2,6,11.9640637403961,96.3301657177433,8.74470496705635,23.7161521157754
3,6,12.0558067078027,93.1697887765411,11.2837704728707,23.1145285655815
4,6,12.3728315299484,99.8516260719854,19.3060150106382,25.1439071651036
5,6,11.9882142339203,84.6298031834759,10.0089073544354,20.8084327313907
6,6,11.7031714345158,80.5787540349943,15.3257334131108,19.0978814284518
7,6,11.8923658090447,93.573201701193,7.53409457784959,23.5688519115075
8,6,12.1577290320251,98.0734388933079,18.595963237995,24.5061074744855
9,6,11.9322973559222,82.8744093769716,12.4198782210096,20.1492117893964
10,6,11.5389545783133,90.8441860550156,12.4296691138062,22.0772551634552
1,7,11.3450503263478,29.9754021907651,3.31423011170304,5.97707426982717
2,7,11.3570130985282,31.1318071443679,4.09085601893468,6.19736974722387
3,7,11.545725305736,31.7312535609678,3.33472660501089,6.3324335134135
4,7,11.8422850774457,32.3458463060732,2.48172338176721,6.75870991355733
5,7,11.1394112952922,30.1089158731652,3.10509128439659,6.00592476299047
6,7,11.4864188657299,32.1297747494818,3.36270160002489,6.39795357371663
7,7,10.93602006108,30.489513568925,2.1700961871843,6.2630756889435
8,7,11.0470748509519,30.5667632877739,3.72799019758306,6.45086394833184
9,7,11.753648642795,32.0714248296462,4.03633705198449,6.84111937057154
10,7,11.0748411177057,30.4839904027117,2.20971398708906,6.24849279210505
1,8,13.058705725631,51.065634440977,9.93329341500459,11.0988610908413
2,8,12.8439037417934,52.2738900290051,4.33413126649315,11.6749367921648
3,8,13.1928962855613,55.270344805404,6.44774942822411,12.3586310817027
4,8,12.9672254381272,51.7186111470526,6.7099046991015,11.4279974320416
5,8,13.1964223824509,53.4709489242864,5.15962563202476,11.7071031092444
6,8,12.8354105638609,50.2574984268197,4.75170443281371,11.5419994417399
7,8,13.1590405340895,54.7602588796037,7.78035390242496,12.2987128373114
8,8,13.1183989987176,53.3189510024665,7.16552727513252,11.9799221047576
9,8,13.1454364440794,54.9543024371963,7.12527628242431,12.2357008752576
10,8,12.9383187094878,53.8643757114313,3.72392317236142,12.2568533639327
1,9,9.61011987777766,59.3282428154827,5.04911954317063,13.7725656795143
2,9,9.66013157000167,64.4219060129405,3.44598976641773,14.8083680202624
3,9,9.85677571250304,59.7382372214159,6.80712994650606,13.2546958950717
4,9,9.78976686276732,57.1341260855055,6.37757947267873,13.3645919520023
5,9,10.1792000893245,60.3387700308433,4.73081091048567,13.7918580686414
6,9,9.7916667724865,63.6443156956035,5.75628493928563,15.1424575261328
7,9,10.1445264378399,58.9550257806157,8.98885031707645,13.5428465756359
8,9,10.048473498193,62.6132782539802,8.74635481854137,14.5542258521193
9,9,9.61934760852972,57.1532221838416,8.9247253508411,12.7424087670856
10,9,9.66498929826056,66.3650241666064,6.02060698657915,15.9742732065613
1,10,6.83136660787785,34.4547168711232,4.51425104447651,6.98828483465549
2,10,7.05181734913138,37.2041365300662,7.66455753772546,7.74533846454911
3,10,6.69374919953456,37.5259675907132,20.2402134404876,7.88819394908443
4,10,7.08570657518249,41.8636040072259,14.1226452999817,9.22686838644502
5,10,6.92514646995881,39.8053064160688,5.1680594936697,8.54780907721397
6,10,6.8517030166895,40.2547875304351,4.27281872532126,8.5079556982781
7,10,7.0141942076031,42.1616529194887,7.20401964702436,8.84223740641184
8,10,6.97497750235833,40.1834328645521,5.28300561723353,8.52982154774725
9,10,6.79092861454435,38.1184349161742,3.43704213886255,7.99525693303725
10,10,6.93270545084668,40.5504204777483,6.97137743528755,8.70504620253485
1,11,12.5828428530039,60.5870233371497,7.16121017193124,13.6472391002445
2,11,12.6198380544726,61.2518750021063,7.85816290214797,13.9413019566878
3,11,12.8323728401206,64.544805990321,4.37543510049963,14.6648661221094
4,11,12.5451721038202,60.7978763536139,6.25350440309308,13.9205329278974
5,11,12.347241896771,60.3274229244528,7.61957664694277,13.9638686737153
6,11,13.3348932646226,72.0048907246504,7.34148210482551,17.4747474325182
7,11,12.9021125535203,60.7024563727246,7.17547526666492,14.3659773939136
8,11,12.9150744548013,61.7912747065631,6.21382515060476,14.2494209719212
9,11,12.521828849582,63.8274564719375,6.64902531872301,14.6241108274652
10,11,13.0449971878085,61.2910991703431,7.30279642266422,14.1605290095067
1,12,10.0204036948819,68.7134313897813,10.2234079323772,15.8367174543668
2,12,9.78456939611996,63.1867590709641,6.02595995416742,14.6914923085378
3,12,9.59159815192468,61.6949220181524,8.43052508712237,14.3168964894677
4,12,9.98860185808237,69.5625316061813,7.20200545100417,16.2927667472334
5,12,9.51145846326671,63.7351212979716,4.06204065578593,14.7063057795861
6,12,9.41158216982477,58.2207931899587,6.82703206679412,12.8844183898106
7,12,10.0196940497697,64.3370273635247,5.81549934537409,15.0697741600744
8,12,10.1557407068353,70.4799052987166,11.4667165330562,16.5719859931977
9,12,9.93464007527033,62.7744910252832,6.0976390603551,14.7021791252329
10,12,9.89151636347252,69.4531990259418,11.6648399821857,16.3144853301533
1,13,10.521445651739,62.4208653947604,10.9787713961456,14.0508479659726
2,13,10.4319717316415,56.3507113070963,7.03538089857385,12.8114231839825
3,13,10.2659663010669,55.423499156978,10.0137423235904,12.622199931297
4,13,10.808235382518,61.0365840377699,6.21592550049897,14.2859153790103
5,13,10.2925079843525,55.5339720107841,5.71558247241836,12.7342678897009
6,13,10.1937357704685,53.7407923362143,17.3483092348257,11.7302985636893
7,13,10.6112103057474,59.3786042989623,9.53926220563548,13.7204801289592
8,13,10.4328325012277,58.1286760095235,9.71320572806526,13.2348817761593
9,13,10.1426859032343,54.6224758820807,4.75936035952923,12.2192361806312
10,13,10.1018584804432,54.5328657971922,5.41293861670272,12.0404056274772
1,14,11.9923494744693,46.5062214491728,7.29679464957993,10.4699791987064
2,14,12.1551278571153,52.6706049659259,1.99871026745836,11.8445885020544
3,14,12.1267677779169,48.4344140773028,3.99461778571843,10.3366116578815
4,14,12.3262117299248,47.0360661739213,23.3623774570064,10.1370369423756
5,14,12.4981232069154,51.1679346458956,4.3883689333831,11.1774057262101
6,14,12.8561587552077,52.5022544218048,6.77933810907105,12.1377275896635
7,14,12.7231081519398,50.1815268974528,7.46900457959635,11.0408661317867
8,14,12.5057482490292,52.0261689301039,4.55822422115033,11.6899789184769
9,14,12.5934010929475,48.3917653565089,6.02659021198512,10.8180916539505
10,14,12.5698856657417,50.8981759506137,5.29333254612741,11.3398194396266
