iteration,convergenceIndicator,phase,Cl_pop,beta_Cl_logtWTKG,beta_Cl_tCLCRMLMIN,V1_pop,Q_pop,V2_pop,omega_Cl,omega_V1,omega_Q,omega_V2,corr_V2_V1,a1,a2
1,1462.72,1,5.6796,0.757903,0.609706,40.6172,12.4684,47.6947,1,1,1,1,0.998743,1,1
2,1446.88,1,9.92818,1.15642,0.0813873,52.5512,14.2807,62.3361,0.974679,0.974679,1.08295,0.974679,0.998743,0.974679,0.974679
3,1431.96,1,9.36922,0.860891,0.143882,52.3259,14.0306,62.6799,0.95,0.95,1.05553,0.95,0.998743,0.95,0.95
4,1425.18,1,11.7831,1.36165,-0.102956,52.7514,14.9594,63.2264,0.925945,0.925945,1.06556,0.925945,0.998743,0.925945,0.925945
5,1412.31,1,12.4776,1.85292,-0.168266,54.5526,11.7684,65.3163,0.9025,0.9025,1.03858,0.9025,0.998743,0.9025,0.9025
6,1409.07,1,13.5496,1.477,-0.241096,50.7763,11.4762,60.6271,0.879648,0.879648,1.04123,0.879648,0.998743,0.879648,0.879648
7,1397.84,1,11.527,1.27532,-0.0965728,54.4021,10.8685,65.1406,0.857375,0.857375,1.01487,0.857375,0.998743,0.857375,0.857375
8,1375.95,1,12.081,1.50599,-0.119739,59.3691,11.1684,70.4646,0.835666,0.835666,0.989171,0.835666,0.998743,0.835666,0.835666
9,1374.02,1,9.91465,1.08859,0.0772686,67.6011,12.1851,80.0442,0.814506,0.814506,0.964125,0.814506,0.998743,0.814506,0.814506
10,1344.22,1,8.53194,1.2455,0.253205,58.3928,11.9,69.6456,0.793882,0.793882,0.939713,0.793882,0.998743,0.793882,0.793882
11,1334.28,1,7.48359,1.15307,0.343294,56.3171,11.4913,66.7069,0.773781,0.773781,0.94245,0.773781,0.998743,0.773781,0.773781
12,1327.8,1,9.71845,1.11106,0.100097,51.9669,12.5768,61.4343,0.754188,0.754188,0.976484,0.754188,0.998743,0.754188,0.754188
13,1324.16,1,9.94482,1.393,0.0606648,57.6657,15.6891,68.3935,0.735092,0.735092,0.95383,0.735092,0.998743,0.735092,0.735092
14,1316.28,1,9.94077,1.36087,0.024732,55.436,13.9372,65.7485,0.716479,0.716479,0.946782,0.716479,0.998743,0.716479,0.716479
15,1294.97,1,9.18584,1.31189,0.171684,49.3453,18.0601,58.7387,0.698337,0.698337,1.02462,0.698337,0.998743,0.698337,0.698337
16,1293,1,9.08845,1.30665,0.153977,44.8824,21.7975,53.7382,0.680655,0.680655,1.12835,0.680655,0.998743,0.680655,0.680655
17,1278.28,1,9.22638,1.28163,0.174154,46.9628,18.6698,56.1653,0.66342,0.66342,1.09978,0.66342,0.998743,0.66342,0.66342
18,1267.59,1,10.8421,1.23981,0.0485426,51.4615,18.1008,61.1867,0.646622,0.646622,1.07194,0.646622,0.998743,0.646622,0.646622
19,1259.13,1,9.68895,1.42459,0.142322,56.0764,18.8439,66.4804,0.630249,0.630249,1.04479,0.630249,0.998743,0.630249,0.630249
20,1244.55,1,10.0197,1.26557,0.100582,51.2794,16.9936,61.0496,0.614291,0.614291,1.01834,0.614291,0.998743,0.614291,0.614291
21,1230.55,1,9.86192,1.02743,0.125865,51.3472,16.7177,61.4612,0.598737,0.598737,0.992554,0.598737,0.998743,0.598737,0.598737
22,1213.65,1,9.42809,1.31958,0.182488,56.3024,14.0454,67.8883,0.583577,0.583577,0.967422,0.583577,0.998743,0.583577,0.583577
23,1205.6,1,9.12455,1.42695,0.199854,51.8129,13.4,62.613,0.5688,0.5688,0.942926,0.5688,0.998743,0.5688,0.5688
24,1186.39,1,10.6977,1.30534,0.0884335,54.9835,12.4248,66.243,0.554398,0.554398,0.919051,0.554398,0.998743,0.554398,0.554398
25,1180.77,1,8.97814,1.25075,0.220364,51.9114,12.0141,62.5419,0.54036,0.54036,0.89578,0.54036,0.998743,0.54036,0.54036
26,1177.11,1,8.76474,1.31962,0.253198,49.8084,12.8848,59.8707,0.526678,0.526678,0.873098,0.526678,0.998743,0.526678,0.526678
27,1156.13,1,8.87798,1.29419,0.203062,46.0763,14.285,55.4577,0.513342,0.513342,0.850991,0.513342,0.998743,0.513342,0.513342
28,1143.13,1,8.66973,1.20558,0.255846,48.7215,12.9089,58.2689,0.500344,0.500344,0.829444,0.500344,0.998743,0.500344,0.500344
29,1129.2,1,9.03379,1.10554,0.183241,45.8314,12.8637,54.8455,0.487675,0.487675,0.855515,0.487675,0.998743,0.487675,0.487675
30,1121.05,1,9.75175,1.22124,0.139388,46.5066,14.1612,55.5089,0.475327,0.475327,0.833853,0.475327,0.998743,0.475327,0.475327
31,1115.75,1,9.38853,1.05767,0.162916,47.2842,14.92,56.034,0.463291,0.463291,0.812739,0.463291,0.998743,0.463291,0.463291
32,1104.01,1,10.4771,1.32899,0.0545512,46.6372,12.9306,55.3636,0.45156,0.45156,0.79216,0.45156,0.998743,0.45156,0.45156
33,1088.73,1,9.99404,1.47313,0.109658,46.1259,11.8889,54.5189,0.440127,0.440127,0.772102,0.440127,0.998743,0.440127,0.440127
34,1085.45,1,9.27166,1.32682,0.160451,46.224,13.7756,54.692,0.428982,0.428982,0.752552,0.428982,0.998743,0.428982,0.428982
35,1077.64,1,10.7185,1.47822,0.0473343,45.1383,13.5693,53.4775,0.41812,0.41812,0.776149,0.41812,0.998743,0.41812,0.41812
36,1060.08,1,10.7731,1.37473,0.0611265,42.8477,18.066,50.8675,0.407533,0.407533,0.756497,0.407533,0.998743,0.407533,0.407533
37,1043.16,1,8.94281,1.19012,0.228644,44.7573,15.937,52.9871,0.397214,0.397214,0.737342,0.397214,0.998743,0.397214,0.397214
38,1046.68,1,9.58206,1.14137,0.17157,43.6381,15.7843,51.6493,0.387157,0.387157,0.718672,0.387157,0.998743,0.387157,0.387157
39,1029.74,1,10.7173,1.14431,0.0706581,42.5688,16.6769,50.3786,0.377354,0.377354,0.774091,0.377354,0.998743,0.377354,0.377354
40,1024.92,1,9.15314,1.25757,0.203984,43.7028,18.5872,51.5727,0.367799,0.367799,0.75449,0.367799,0.998743,0.367799,0.367799
41,1005.57,1,9.85316,1.26052,0.155323,40.6573,20.2853,47.9383,0.358486,0.358486,0.735386,0.358486,0.998743,0.358486,0.358486
42,996.281,1,9.63401,1.31477,0.183056,43.0131,20.6857,50.8444,0.349409,0.349409,0.716766,0.349409,0.998743,0.349409,0.349409
43,988.33,1,9.7686,1.14704,0.154767,42.2679,26.3087,50.0564,0.340562,0.340562,0.698617,0.340562,0.998743,0.340562,0.340562
44,984.255,1,11.2988,1.24142,0.026729,40.5263,28.312,48.0054,0.331938,0.331938,0.680927,0.331938,0.998743,0.331938,0.331938
45,972.847,1,10.0577,1.11906,0.128497,39.68,27.1202,47.0117,0.323534,0.323534,0.684708,0.323534,0.998743,0.323534,0.323534
46,964.655,1,10.9478,1.34658,0.0544978,39.1625,24.0032,46.5612,0.315341,0.315341,0.771952,0.315341,0.998743,0.315341,0.315341
47,959.191,1,10.9017,1.37187,0.0637753,40.6092,23.0461,48.3769,0.307357,0.307357,0.778031,0.307357,0.998743,0.307357,0.307357
48,938.573,1,10.7732,1.285,0.0638089,40.4462,20.5774,48.1347,0.299574,0.299574,0.758331,0.299574,0.998743,0.299574,0.299574
49,936.255,1,9.68907,1.21263,0.1652,43.8722,21.2214,52.1621,0.291989,0.291989,0.73913,0.291989,0.998743,0.291989,0.291989
50,938.49,1,10.1759,1.3702,0.127372,43.2958,19.3573,51.569,0.284596,0.284596,0.720414,0.284596,0.998743,0.284596,0.284596
51,930.502,1,9.49359,1.21978,0.189793,43.7043,16.3435,51.7528,0.27739,0.27739,0.740122,0.27739,0.998743,0.27739,0.27739
52,913.182,1,9.36431,1.11193,0.189287,43.8185,15.1176,52.0141,0.270366,0.270366,0.734038,0.270366,0.998743,0.270366,0.270366
53,911.189,1,9.70814,1.20491,0.142878,43.4658,14.6396,51.6021,0.26352,0.26352,0.715451,0.26352,0.998743,0.26352,0.26352
54,899.901,1,9.78945,1.31594,0.140887,44.4581,13.6664,52.7357,0.256848,0.256848,0.697336,0.256848,0.998743,0.256848,0.256848
55,895.831,1,8.9079,1.14015,0.232829,45.2684,13.0888,53.7527,0.250344,0.250344,0.679679,0.250344,0.998743,0.250344,0.250344
56,891.621,1,9.26192,1.21016,0.189419,44.9255,12.6648,53.3283,0.244005,0.244005,0.764569,0.244005,0.998743,0.244005,0.244005
57,880.555,1,9.43581,1.29954,0.175991,45.9743,11.0882,54.7076,0.237827,0.237827,0.74521,0.237827,0.998743,0.237827,0.237827
58,876.469,1,9.45581,1.10168,0.163875,46.0389,10.1722,54.7527,0.231805,0.231805,0.72634,0.231805,0.998743,0.231805,0.231805
59,872.846,1,9.65726,1.21602,0.154942,47.6186,11.307,56.7109,0.225936,0.225936,0.707949,0.225936,0.998743,0.225936,0.225936
60,860.985,1,9.10337,1.17679,0.198232,46.4848,11.2722,55.282,0.220215,0.220215,0.690023,0.220215,0.998743,0.220215,0.220215
61,845.708,1,8.86738,1.14362,0.226232,47.3061,10.9338,56.3801,0.214639,0.214639,0.672552,0.214639,0.998743,0.214639,0.214639
62,845.117,1,9.98434,1.31384,0.120901,46.8605,11.4534,55.7467,0.209204,0.209204,0.655522,0.209204,0.998743,0.209204,0.209204
63,845.77,1,9.52768,1.25149,0.161249,47.1991,10.0143,56.0528,0.203907,0.203907,0.641393,0.203907,0.998743,0.203907,0.203907
64,834.675,1,9.58077,1.33818,0.158685,47.1638,10.7817,55.9671,0.198744,0.198744,0.629459,0.198744,0.998743,0.198744,0.198744
65,829.467,1,9.885,1.2683,0.132979,46.7452,10.4112,55.5229,0.193711,0.193711,0.613521,0.193711,0.998743,0.193711,0.193711
66,831.907,1,10.3661,1.21602,0.09343,45.5801,11.21,54.0918,0.188807,0.188807,0.597986,0.188807,0.998743,0.189163,0.188807
67,823.581,1,10.5602,1.29186,0.0642783,45.1318,10.7971,53.621,0.184026,0.184026,0.582845,0.184026,0.998743,0.184373,0.186904
68,822.408,1,10.5658,1.24746,0.0707645,45.8751,10.5889,54.4072,0.179366,0.179366,0.632114,0.179366,0.998743,0.181928,0.182172
69,816.613,1,10.8224,1.27326,0.052137,46.0984,11.5035,54.6944,0.178692,0.174825,0.616109,0.174825,0.998743,0.177322,0.191618
70,819.278,1,9.63402,1.16724,0.144824,46.7732,10.9894,55.5129,0.180124,0.170398,0.600509,0.170398,0.998743,0.18618,0.186766
71,818.187,1,10.2127,1.25242,0.101755,46.6607,10.583,55.3444,0.175563,0.166083,0.585303,0.166083,0.998743,0.181466,0.183117
72,814.638,1,10.1032,1.29709,0.10706,47.2024,9.4517,55.9414,0.171117,0.161878,0.570483,0.161878,0.998743,0.182363,0.183373
73,823.653,1,9.70967,1.19774,0.140834,46.0433,11.1462,54.5323,0.173639,0.157779,0.590975,0.157779,0.998743,0.190816,0.17873
74,823.35,1,9.606,1.19695,0.146616,45.6506,10.9466,54.0353,0.173781,0.153784,0.60953,0.153784,0.998743,0.194123,0.174349
75,801.819,1,8.80074,1.1504,0.225194,46.5907,10.0976,55.1384,0.181396,0.14989,0.594097,0.14989,0.998743,0.195782,0.169935
76,795.947,1,9.23933,1.1293,0.175322,45.5351,10.0494,53.9322,0.176803,0.146095,0.579054,0.146095,0.998743,0.193401,0.165632
77,799.041,1,9.43909,1.14627,0.161198,45.7258,9.86918,54.1825,0.173516,0.142396,0.564392,0.142396,0.998743,0.192319,0.164653
78,795.64,1,8.95059,1.09236,0.208514,46.3285,9.41261,54.8262,0.177997,0.13879,0.550101,0.13879,0.998126,0.200939,0.160484
79,800.408,1,8.4943,1.08766,0.247811,46.6616,10.032,55.1833,0.178531,0.135276,0.536172,0.135276,0.998111,0.205521,0.15642
80,801.45,1,9.09325,1.09325,0.186933,46.2974,9.91746,54.7498,0.174181,0.131851,0.522596,0.131851,0.997337,0.20054,0.155643
81,800.736,1,8.7189,1.04227,0.237602,46.2275,10.264,54.6583,0.178919,0.133542,0.509364,0.133825,0.997006,0.211087,0.151702
82,801.105,1,8.66377,1.05887,0.239355,45.7994,9.8043,54.0863,0.182386,0.130161,0.496466,0.130437,0.995363,0.215108,0.147861
83,805.423,1,8.58429,1.03556,0.235187,45.423,9.54199,53.7912,0.181389,0.126865,0.483896,0.127134,0.995798,0.222628,0.144117
84,797.952,1,7.92871,0.914496,0.303991,45.6381,9.53938,53.9899,0.189473,0.127157,0.471643,0.123915,0.994089,0.233747,0.140468
85,794.308,1,7.6835,0.823274,0.328563,46.8394,8.85369,55.2005,0.197091,0.124051,0.459701,0.120777,0.993699,0.23701,0.136911
86,785.236,1,7.65261,0.866003,0.329895,47.0308,8.52327,55.4916,0.195679,0.12091,0.448061,0.117719,0.994635,0.239393,0.133445
87,786.054,1,7.5988,0.861596,0.332301,46.8553,8.40231,55.2642,0.196472,0.117848,0.436716,0.114738,0.994088,0.244214,0.130066
88,787.139,1,7.64901,0.87252,0.334698,47.5013,8.19102,56.1396,0.20298,0.114864,0.484091,0.111833,0.995025,0.245742,0.126773
89,781.735,1,7.09424,0.758223,0.399781,47.4686,8.63154,56.2239,0.203637,0.116009,0.471834,0.115069,0.995079,0.257704,0.123563
90,785.704,1,7.15749,0.738003,0.386979,47.2116,8.31339,55.9685,0.198481,0.12042,0.478082,0.120194,0.995324,0.252917,0.120434
91,781.541,1,6.91866,0.702672,0.420549,47.232,8.10782,56.0065,0.201329,0.124403,0.514056,0.123549,0.995233,0.257736,0.117384
92,781.536,1,7.01114,0.661027,0.404477,47.7888,8.1056,56.7817,0.201896,0.121253,0.522067,0.120486,0.995168,0.255809,0.114412
93,779.919,1,7.02438,0.6905,0.406011,47.8501,8.63569,56.7408,0.20534,0.122932,0.508848,0.121419,0.995283,0.256482,0.111515
94,772.446,1,7.20439,0.727465,0.380736,48.4051,8.31327,57.3503,0.206705,0.123947,0.495964,0.12236,0.995058,0.253362,0.108692
95,774.097,1,7.00931,0.668283,0.403024,48.1472,7.99221,57.035,0.213507,0.120833,0.483406,0.119262,0.995119,0.265285,0.105939
96,766.388,1,6.94393,0.716746,0.41236,48.3677,8.00776,57.2315,0.215676,0.117773,0.471166,0.116242,0.993555,0.26056,0.103257
97,760.742,1,6.87576,0.733732,0.41746,48.598,7.49408,57.5642,0.217355,0.114791,0.459235,0.113298,0.994045,0.262649,0.100643
98,767.298,1,7.0104,0.74631,0.404248,48.8576,7.45916,57.997,0.214974,0.111885,0.447607,0.11043,0.992449,0.263977,0.0980942
99,769.76,1,7.08671,0.732802,0.38327,48.9099,7.11174,57.9648,0.216225,0.109052,0.449735,0.108497,0.991586,0.267936,0.0956104
100,764.16,1,6.74857,0.748563,0.431289,48.2739,6.96756,57.4519,0.213848,0.11237,0.438348,0.112331,0.992457,0.261151,0.0941338
101,766.902,1,6.59925,0.7077,0.446362,48.2647,7.02264,57.3963,0.217686,0.113584,0.427248,0.115325,0.988973,0.271119,0.0917503
102,770.723,1,6.55695,0.704131,0.453495,48.0131,7.06404,57.354,0.215197,0.11497,0.41643,0.117126,0.989627,0.275619,0.089513
103,763.2,1,6.72942,0.673208,0.427088,48.1294,6.79293,57.7485,0.214267,0.112814,0.405886,0.114356,0.991582,0.279259,0.0874231
104,767.769,1,6.63555,0.688343,0.438846,48.491,6.87728,58.4746,0.216332,0.109957,0.415641,0.11146,0.985739,0.278771,0.086991
105,760.037,1,6.97341,0.727144,0.405827,48.483,7.04194,58.5351,0.210855,0.107173,0.48635,0.108638,0.98333,0.271712,0.0853081
106,756.897,1,6.58349,0.733,0.458036,47.7517,7.40192,57.704,0.210554,0.106335,0.486729,0.109718,0.984095,0.267597,0.0832656
107,758.507,1,6.51494,0.678837,0.461983,47.6864,7.14264,57.9095,0.211086,0.109833,0.476254,0.112067,0.978317,0.276364,0.0811573
108,757.026,1,6.42097,0.682728,0.466366,47.5854,6.75264,57.9617,0.20713,0.107052,0.464195,0.109229,0.96801,0.276065,0.0796128
109,760.009,1,6.47271,0.644698,0.457246,47.348,6.73518,57.6325,0.217615,0.115631,0.467672,0.115105,0.974679,0.283593,0.0775969
110,762.499,1,6.55304,0.639405,0.449044,47.6405,6.66035,58.1409,0.217816,0.112703,0.47687,0.115106,0.976163,0.287148,0.0762731
111,758.623,1,6.29651,0.622986,0.488343,47.679,7.07519,58.151,0.21992,0.109849,0.501523,0.112192,0.970022,0.280597,0.0763112
112,749.342,1,6.26569,0.644201,0.494919,47.2104,7.19369,57.4274,0.217527,0.107068,0.488824,0.109927,0.971427,0.280672,0.074379
113,754.321,1,6.41995,0.649305,0.472484,47.0199,7.03241,56.9979,0.212019,0.104357,0.48763,0.107144,0.958602,0.27885,0.0748509
114,761.562,1,6.6346,0.670326,0.442418,46.7867,7.1548,57.1372,0.216162,0.102271,0.49815,0.110821,0.955332,0.280045,0.0754634
115,766.132,1,6.29255,0.613052,0.488606,46.5107,7.07296,56.9882,0.222761,0.108314,0.492521,0.112836,0.956841,0.289374,0.0739507
116,766.827,1,6.33094,0.642456,0.484611,46.5236,7.04328,56.9818,0.21712,0.105655,0.550416,0.109978,0.943945,0.285399,0.0740948
117,763.778,1,6.15446,0.632968,0.505657,46.6308,7.51479,57.0206,0.220272,0.10298,0.574062,0.107194,0.944101,0.284475,0.0732382
118,765.806,1,6.25435,0.613045,0.494663,46.7554,7.54499,57.2295,0.215752,0.100494,0.565222,0.10448,0.947619,0.282305,0.0754465
119,774.046,1,6.17233,0.611043,0.505778,47.1384,7.18187,57.5585,0.210289,0.0996088,0.590429,0.101834,0.938272,0.280963,0.0782521
120,783.076,1,6.43823,0.667945,0.470116,46.3896,7.62735,56.5019,0.215473,0.0993497,0.58357,0.108402,0.924659,0.281693,0.0796544
121,774.384,1,6.19036,0.669612,0.50818,45.7715,7.66493,56.5738,0.210018,0.0968341,0.58819,0.106365,0.915432,0.280995,0.0776375
122,768.427,1,6.2926,0.595635,0.488448,45.5693,8.19221,55.8151,0.212576,0.0978995,0.576079,0.10813,0.905189,0.282033,0.0756717
123,777.729,1,6.40369,0.649728,0.479157,45.2897,8.26024,55.6557,0.208455,0.100907,0.567028,0.111458,0.907253,0.278569,0.0774171
124,770.072,1,6.0126,0.598556,0.533006,45.5273,7.90265,55.3381,0.210189,0.0983522,0.569182,0.108635,0.898686,0.288033,0.0754568
125,781.263,1,5.89961,0.625627,0.552932,45.844,7.86503,56.1723,0.213551,0.102793,0.610211,0.114689,0.899985,0.285075,0.0750543
126,777.59,1,6.02551,0.624125,0.525124,46.281,7.71654,56.7252,0.218607,0.103666,0.597813,0.111785,0.919183,0.284488,0.0754573
127,775.865,1,6.07823,0.603356,0.520539,45.994,7.42154,56.3535,0.2167,0.107296,0.59264,0.120805,0.924265,0.290653,0.0735466
128,770.087,1,6.18614,0.6177,0.50841,45.9238,7.53951,57.0193,0.219536,0.104579,0.577634,0.124007,0.918784,0.285464,0.0721262
129,769.864,1,6.24761,0.637752,0.497102,46.2274,7.77789,57.3958,0.213977,0.101931,0.594464,0.120867,0.883565,0.280815,0.0723744
130,777.818,1,5.9942,0.602003,0.531296,45.9095,7.83898,57.6438,0.208559,0.0993505,0.594453,0.117807,0.87369,0.28596,0.0736869
131,777.936,1,5.98057,0.561287,0.53461,45.7557,7.92485,58.5247,0.210895,0.0992544,0.579401,0.124268,0.881175,0.286102,0.0732323
132,770.189,1,6.06556,0.612191,0.52168,45.7061,7.68951,58.37,0.214632,0.0984648,0.564731,0.132512,0.909847,0.284687,0.0720561
133,771.069,1,6.02017,0.625202,0.524711,46.0599,7.45503,58.0938,0.222232,0.0968871,0.550431,0.142676,0.911916,0.282499,0.0720526
134,764.617,1,6.09738,0.639954,0.516581,46.3017,7.49703,58.283,0.21802,0.100889,0.536494,0.146538,0.927125,0.286111,0.0702282
135,765.035,1,6.13808,0.593488,0.514618,46.5076,7.36186,58.9098,0.212499,0.103101,0.52582,0.164838,0.955141,0.283648,0.071177
136,764.51,1,6.02275,0.625864,0.523371,45.8127,7.57364,58.4105,0.216428,0.101016,0.571157,0.170669,0.964269,0.287221,0.0699899
137,754.136,1,5.9635,0.616067,0.53689,45.5121,7.48524,57.9328,0.213954,0.101196,0.556695,0.167447,0.973063,0.28773,0.0682177
138,761.986,1,6.16339,0.624171,0.503872,45.2533,7.56596,57.1648,0.216535,0.103518,0.542599,0.172202,0.972096,0.290322,0.0698215
139,758.575,1,5.98059,0.605977,0.529134,45.6862,7.38044,58.0774,0.215521,0.101562,0.568014,0.173992,0.97283,0.289864,0.068426
140,763.305,1,6.13528,0.611592,0.51076,45.667,7.31991,58.0301,0.210064,0.101556,0.583789,0.176021,0.965745,0.287997,0.0693923
141,763.69,1,6.2363,0.586338,0.493057,45.7543,7.64182,57.6834,0.216245,0.106497,0.569008,0.180423,0.957409,0.29358,0.0676353
142,765.352,1,5.91104,0.56638,0.538064,45.4017,7.34228,56.9342,0.220492,0.110765,0.571325,0.181848,0.965037,0.298665,0.0660082
143,763.67,1,5.98771,0.606056,0.531739,45.9166,7.1253,58.0447,0.219442,0.10796,0.564829,0.17812,0.968641,0.293991,0.0677029
144,760.299,1,6.17418,0.582591,0.501872,45.67,7.18193,57.0877,0.214739,0.107527,0.550527,0.174087,0.973218,0.291881,0.0691118
145,757.524,1,6.201,0.627211,0.502241,45.684,7.0911,57.2743,0.215182,0.113825,0.536588,0.182135,0.97874,0.290766,0.0686256
146,753.981,1,6.07792,0.61787,0.515238,45.4668,7.44622,56.7779,0.215605,0.111607,0.523001,0.191353,0.983937,0.290362,0.0683349
147,750.3,1,6.18921,0.590405,0.499976,45.9203,7.25145,57.6004,0.210745,0.109871,0.518668,0.189535,0.986561,0.288008,0.0688876
148,754.999,1,6.40502,0.653208,0.47102,45.7965,7.22826,57.7292,0.214302,0.11281,0.505535,0.19161,0.989296,0.2867,0.0720328
149,756.854,1,6.33167,0.630403,0.483621,45.8603,7.25209,57.713,0.211912,0.109954,0.530764,0.186758,0.986243,0.286629,0.0715568
150,762.909,1,6.42386,0.616207,0.46931,45.4306,7.92482,56.651,0.21331,0.10717,0.517325,0.18203,0.982065,0.282009,0.0751373
151,759.522,1,6.43307,0.610345,0.472973,45.6948,7.7161,57.2723,0.215062,0.116447,0.504226,0.200453,0.989785,0.287736,0.073261
152,758.69,1,6.28154,0.610795,0.494076,45.6503,7.76452,57.3893,0.21502,0.115601,0.509246,0.207835,0.986688,0.288125,0.071406
153,756.785,1,6.21935,0.597343,0.497398,45.4235,7.97247,56.973,0.215467,0.112673,0.496352,0.204246,0.989565,0.28901,0.0715846
154,757.095,1,6.20809,0.583358,0.505107,45.4568,7.50112,56.9535,0.213603,0.111966,0.553307,0.209009,0.992831,0.291364,0.0717701
155,751.077,1,6.24202,0.596616,0.495635,45.3573,7.89557,56.7316,0.210991,0.110285,0.570313,0.211309,0.994178,0.285291,0.071974
156,755.198,1,6.22463,0.601139,0.49936,45.1962,7.95092,56.3291,0.205648,0.111812,0.555873,0.216449,0.995123,0.285028,0.0747843
157,754.055,1,6.32418,0.64449,0.483325,45.4057,7.51232,56.8426,0.206553,0.113275,0.541798,0.224851,0.996093,0.286381,0.0752403
158,753.081,1,6.17295,0.635149,0.500411,45.5168,7.49,57.145,0.213856,0.110406,0.528079,0.219158,0.995307,0.285503,0.0745193
159,747.84,1,6.26302,0.640338,0.492054,45.5787,7.70061,57.4268,0.208441,0.108524,0.573195,0.213609,0.996224,0.281999,0.0741505
160,747.623,1,6.2156,0.614076,0.501428,45.3431,7.71023,57.0589,0.212899,0.107573,0.563413,0.214166,0.997297,0.285346,0.0748945
161,743.516,1,6.18489,0.619274,0.505245,45.4625,7.54425,57.1966,0.210094,0.109037,0.577354,0.216928,0.997732,0.284271,0.074126
162,740.973,1,6.03325,0.570772,0.529951,45.7084,7.75632,57.7524,0.215344,0.106276,0.605771,0.211436,0.997768,0.290502,0.0722491
163,740.89,1,6.15467,0.639115,0.518292,45.4495,8.03008,57.1492,0.209891,0.104833,0.590433,0.207715,0.997522,0.283146,0.074165
164,744.151,1,6.49581,0.662963,0.464075,45.2603,7.73208,56.7486,0.209447,0.102179,0.575483,0.202456,0.997556,0.282808,0.0765706
165,742.356,1,6.20501,0.598252,0.498109,45.1432,7.11897,56.41,0.20934,0.103843,0.58888,0.204373,0.997841,0.291252,0.0746318
166,739.378,1,6.24238,0.627696,0.494799,45.7323,7.06384,57.8097,0.213042,0.102333,0.609673,0.200596,0.998052,0.284484,0.0740882
167,740.545,1,6.17436,0.627765,0.502311,45.7705,7.13099,57.8706,0.214246,0.102104,0.594236,0.202551,0.997762,0.285996,0.0740354
168,735.923,1,6.1775,0.605267,0.500433,45.998,7.25461,58.4319,0.210804,0.103593,0.60952,0.204434,0.998007,0.287953,0.0721608
169,741.148,1,6.1277,0.589683,0.508068,46.0939,7.32694,58.6666,0.20787,0.10097,0.641554,0.199258,0.997765,0.289902,0.072913
170,739.171,1,6.24746,0.59505,0.489326,46.2812,6.9158,59.1408,0.206226,0.108053,0.642531,0.211264,0.998196,0.286227,0.0726209
171,737.597,1,6.16697,0.602633,0.504088,46.1625,7.23938,58.8038,0.212185,0.105317,0.626262,0.205915,0.997843,0.286593,0.0721209
172,734.138,1,6.1546,0.611403,0.505479,46.0865,7.35777,58.5835,0.218054,0.10265,0.610405,0.200701,0.998367,0.287499,0.0721101
173,737.834,1,6.06924,0.617449,0.517328,46.0866,7.48606,58.5753,0.21709,0.100051,0.617332,0.195619,0.998248,0.287288,0.0737843
174,735.851,1,6.49921,0.672775,0.46248,46.012,7.26373,58.41,0.211593,0.0975175,0.610172,0.190666,0.997747,0.280014,0.0750952
175,737.052,1,6.22744,0.660597,0.50447,45.8677,7.56081,57.9485,0.206235,0.0950483,0.614772,0.185838,0.997701,0.280947,0.0766929
176,742.731,1,6.1468,0.628103,0.511072,45.6972,7.94719,57.5873,0.20775,0.0987763,0.623003,0.193993,0.997713,0.286907,0.074751
177,734.806,1,6.05632,0.635556,0.524314,45.8895,7.69158,57.9631,0.216011,0.101471,0.607228,0.19801,0.997554,0.286592,0.0728582
178,736.626,1,5.92678,0.586208,0.540413,45.5337,7.62124,57.2775,0.219707,0.10245,0.642342,0.196846,0.997971,0.292215,0.0710134
179,733.176,1,5.96611,0.604896,0.533188,45.5199,7.8893,57.4098,0.214144,0.0998563,0.626078,0.191861,0.997802,0.286955,0.0712108
180,736.715,1,6.12232,0.651568,0.509099,45.5488,7.27919,57.3499,0.215353,0.09735,0.610225,0.188776,0.997564,0.285662,0.0729387
181,737.167,1,6.05611,0.616859,0.518938,45.2476,7.62309,56.6198,0.211078,0.094885,0.614794,0.183996,0.996788,0.287394,0.0717657
182,734.755,1,5.95328,0.588413,0.529884,45.2696,7.32981,56.9063,0.211509,0.0924825,0.649921,0.179337,0.997288,0.288494,0.0712313
183,728.614,1,6.0896,0.6014,0.511105,45.3863,7.50534,57.0214,0.209569,0.0930029,0.633465,0.181975,0.998027,0.289446,0.0706024
184,728.958,1,6.19629,0.606113,0.499696,45.5382,7.39436,57.4979,0.206236,0.090648,0.617425,0.177367,0.997929,0.285381,0.0727293
185,726.135,1,6.24424,0.617083,0.49254,45.4957,7.46181,57.2721,0.209254,0.0883527,0.607664,0.172876,0.997824,0.284932,0.0717584
186,726.881,1,6.07218,0.60465,0.514839,45.838,7.56609,58.1761,0.217066,0.0883117,0.592278,0.172715,0.998461,0.288239,0.0730015
187,724.23,1,6.01535,0.614348,0.524028,45.6382,7.7838,57.7194,0.21891,0.0872495,0.587124,0.170825,0.998431,0.290559,0.0714643
188,728.431,1,5.93452,0.604024,0.541432,45.5092,7.98321,57.3715,0.216285,0.0936691,0.630019,0.181749,0.998787,0.288863,0.0728033
189,717.501,1,6.24553,0.653325,0.503745,45.4575,8.10932,57.302,0.210808,0.0930812,0.614067,0.180842,0.999,0.283732,0.0719711
190,723.154,1,6.1711,0.651824,0.512372,45.4898,8.21762,57.4514,0.210692,0.0949386,0.598518,0.184815,0.998809,0.283758,0.0727092
191,718.687,1,6.15449,0.639332,0.512981,45.4857,8.2191,57.4309,0.207446,0.0941306,0.583363,0.184093,0.998934,0.284798,0.072078
192,714.489,1,6.06699,0.63932,0.51976,45.5704,7.6337,57.5009,0.21668,0.0935545,0.616548,0.183129,0.999,0.288452,0.0702529
193,721.791,1,6.02472,0.624235,0.530245,45.6474,7.64048,57.7618,0.211194,0.0911856,0.64618,0.178492,0.998665,0.285052,0.0717699
194,715.781,1,5.86406,0.599044,0.547578,45.7834,7.31231,58.1347,0.21377,0.0891187,0.629818,0.174644,0.998985,0.290034,0.0701517
195,715.58,1,5.9463,0.58889,0.534107,45.7028,7.62225,57.9696,0.211712,0.0902439,0.625426,0.176568,0.999,0.28996,0.0702459
196,717.515,1,6.16994,0.617747,0.506536,45.5279,7.60809,57.5556,0.207595,0.0888228,0.611524,0.174542,0.999,0.284788,0.0730971
197,719.49,1,6.23697,0.622176,0.497077,45.5784,7.56873,57.6507,0.205445,0.087409,0.619875,0.170122,0.999,0.281817,0.0744834
198,713.325,1,6.119,0.609584,0.512704,45.7167,7.85861,57.9097,0.207946,0.0879233,0.604179,0.172847,0.999,0.279504,0.0740453
199,713.749,1,6.17195,0.613978,0.50441,45.9853,7.87936,58.634,0.211617,0.0863562,0.588881,0.169299,0.999,0.280763,0.0747409
200,720.357,1,6.49593,0.61043,0.46109,45.7896,7.38715,58.1959,0.2128,0.0841696,0.57397,0.165012,0.999,0.285788,0.0773691
201,717.43,1,6.3698,0.594813,0.475486,45.6005,7.61232,57.7171,0.212488,0.0820384,0.561042,0.160834,0.999,0.283363,0.0760157
202,717.933,1,6.23118,0.606005,0.498089,45.5271,7.87437,57.5997,0.211158,0.0814845,0.566133,0.159936,0.998481,0.282272,0.0740909
203,715.319,1,6.17297,0.617588,0.500675,45.7258,7.69616,58.2013,0.213627,0.0794212,0.557386,0.155886,0.998577,0.287578,0.0722149
204,709.306,1,6.09368,0.613488,0.517677,45.718,7.76855,58.206,0.210722,0.0774103,0.571193,0.151939,0.998707,0.284087,0.0717371
205,705.485,1,6.15718,0.623557,0.50934,45.7622,7.53054,58.2921,0.212842,0.0761489,0.570737,0.149955,0.998985,0.283286,0.0719342
206,709.114,1,6.2269,0.629373,0.495719,45.7291,7.38572,58.1719,0.215143,0.0775581,0.569281,0.151782,0.999,0.284975,0.0740798
207,719.381,1,6.13366,0.603712,0.511542,45.7302,7.90882,58.2237,0.213737,0.0766184,0.577745,0.149269,0.99887,0.282776,0.076668
208,716.092,1,6.00069,0.609434,0.531059,45.7554,8.16456,58.3683,0.220017,0.0766828,0.62412,0.148377,0.998691,0.282996,0.0747267
209,712.102,1,6.13483,0.641026,0.513518,45.8694,7.97413,58.653,0.214446,0.0775039,0.662312,0.15029,0.999,0.281889,0.0734385
210,710.995,1,6.11672,0.598044,0.510892,45.9126,7.68893,58.7284,0.213995,0.0755415,0.660445,0.146485,0.999,0.283501,0.0745496
211,722.116,1,6.24763,0.681608,0.499398,45.8296,7.499,58.5748,0.214247,0.0736287,0.650759,0.142776,0.998504,0.277901,0.078025
212,711.83,1,6.20702,0.673696,0.504824,45.6017,7.73577,58.0005,0.216418,0.0725735,0.634281,0.139161,0.998908,0.281719,0.0760494
213,707.325,1,6.16743,0.670581,0.507503,45.5928,7.86859,57.9654,0.212817,0.0726683,0.618221,0.140787,0.999,0.279686,0.075592
214,720.739,1,6.26006,0.655631,0.493275,45.5157,7.66823,57.8417,0.215095,0.0720205,0.644648,0.138383,0.999,0.2873,0.077128
215,721.451,1,6.00766,0.574427,0.521778,45.4589,7.72503,57.725,0.222954,0.0744867,0.644475,0.142139,0.999,0.295443,0.0758438
216,716.927,1,6.10023,0.61146,0.508298,45.4689,7.60304,57.817,0.217309,0.0749648,0.686182,0.142897,0.999,0.287962,0.0753265
217,717.995,1,6.15575,0.639192,0.508311,45.447,7.72777,57.8046,0.217196,0.0771352,0.69373,0.146552,0.999,0.282066,0.0758885
218,716.76,1,6.09124,0.603136,0.514895,45.5775,7.76126,58.1559,0.217499,0.0787814,0.676164,0.150774,0.999,0.287854,0.073967
219,720.088,1,6.14914,0.626416,0.507368,45.4185,7.39935,57.7736,0.216278,0.0780072,0.659043,0.14949,0.99887,0.28503,0.0751084
220,717.51,1,6.08766,0.623172,0.515626,45.6581,7.3275,58.4127,0.213164,0.0775335,0.642356,0.148646,0.998839,0.285535,0.0741906
221,715.334,1,6.20358,0.62047,0.499496,45.6631,7.6292,58.3886,0.209881,0.0779933,0.642575,0.148655,0.998912,0.279439,0.0750501
222,719.593,1,6.43286,0.64743,0.473265,45.6553,8.10344,58.327,0.210687,0.0791915,0.648649,0.151881,0.998818,0.273429,0.0773822
223,719.002,1,6.34994,0.601421,0.485317,45.7863,7.77933,58.578,0.208223,0.0804367,0.632225,0.153912,0.998893,0.278609,0.0761867
224,722.29,1,6.44074,0.60725,0.471019,45.8087,7.70387,58.5709,0.213741,0.0785428,0.616216,0.150886,0.998654,0.282897,0.0757303
225,720.009,1,6.27544,0.616813,0.49601,46.0565,7.91146,59.0968,0.213142,0.0825354,0.607854,0.160599,0.999,0.280372,0.0762861
226,725.048,1,6.18935,0.571844,0.509319,46.211,7.93123,59.5564,0.218745,0.0834698,0.592463,0.164504,0.998918,0.285302,0.076124
227,719.041,1,6.28554,0.55783,0.488616,46.2298,7.61372,59.5878,0.216674,0.08419,0.583609,0.166166,0.99894,0.284689,0.0741965
228,712.88,1,6.28765,0.599832,0.491759,46.0953,7.70036,59.2464,0.211847,0.0875448,0.573775,0.17274,0.999,0.281018,0.0739474
229,717.283,1,6.2476,0.62728,0.491876,46.0834,7.62828,59.2028,0.21405,0.0857447,0.559247,0.16911,0.998771,0.28429,0.0735782
230,718.657,1,6.3256,0.635589,0.484106,46.0281,7.41339,59.1322,0.216342,0.0857098,0.545087,0.168265,0.998967,0.284985,0.0746246
231,713.892,1,6.33773,0.645667,0.481873,46.1355,7.61617,59.4757,0.215035,0.0849171,0.531285,0.166734,0.998959,0.283547,0.0734484
232,718.832,1,6.32812,0.672772,0.481356,46.1196,7.30818,59.4337,0.212731,0.0842437,0.549433,0.16596,0.998914,0.282191,0.0752121
233,718.722,1,6.14482,0.620475,0.504814,46.0101,7.56408,59.0751,0.212383,0.0851343,0.564719,0.168031,0.998854,0.286062,0.0733386
234,720.864,1,6.01664,0.615808,0.524418,45.8805,7.74206,58.7273,0.212577,0.085351,0.611125,0.167522,0.999,0.285188,0.0744011
235,721.992,1,6.13886,0.655201,0.506397,46.1368,7.4496,59.3301,0.211843,0.0854249,0.595651,0.168561,0.998996,0.282803,0.075618
236,716.453,1,6.11557,0.629834,0.51189,46.1684,7.43427,59.3902,0.211958,0.0845821,0.620392,0.166578,0.999,0.286789,0.0742614
237,722.041,1,6.09279,0.601446,0.515428,46.4066,7.18422,59.9362,0.215327,0.0865143,0.604683,0.170652,0.999,0.287098,0.0753668
238,722.441,1,6.41402,0.667511,0.469323,46.6687,7.48193,60.5972,0.214313,0.0845529,0.589372,0.168404,0.999,0.279828,0.0801371
239,722.021,1,6.33976,0.645207,0.479878,46.6292,7.4174,60.5311,0.212595,0.082412,0.574449,0.16414,0.999,0.280422,0.0787601
240,723.149,1,6.17915,0.645537,0.504898,46.5101,7.22348,60.2695,0.215774,0.0803252,0.559904,0.159984,0.998873,0.285189,0.0778008
241,719.784,1,6.2728,0.637284,0.493963,46.1928,7.69122,59.4122,0.216263,0.0782914,0.594,0.155933,0.998942,0.284075,0.0758317
242,718.335,1,6.22534,0.632192,0.501354,46.2223,7.5884,59.5715,0.21605,0.0794122,0.578959,0.15726,0.999,0.285672,0.0761484
243,720.28,1,6.24844,0.619509,0.490515,46.2923,7.6612,59.6565,0.217031,0.080717,0.566337,0.159153,0.998929,0.282104,0.0762609
244,725.796,1,6.50964,0.6409,0.454365,46.2465,7.33302,59.495,0.212403,0.0786732,0.553146,0.155124,0.998762,0.280497,0.0794208
245,717.317,1,6.37515,0.623062,0.476138,45.8005,8.00876,58.4061,0.210999,0.0766812,0.541276,0.151196,0.998966,0.280105,0.0786469
246,718.667,1,6.13546,0.598738,0.511061,45.9056,7.7517,58.5922,0.214295,0.0780369,0.527571,0.152949,0.998924,0.283614,0.0770231
247,722.166,1,6.17294,0.612431,0.504164,45.6977,7.85043,58.0864,0.208869,0.0762865,0.57167,0.150107,0.998911,0.276617,0.0801711
248,725.055,1,6.21067,0.563782,0.49591,45.7719,7.78316,58.1177,0.208453,0.0801812,0.578664,0.157133,0.999,0.281488,0.0795435
249,725.492,1,6.46354,0.59866,0.461217,45.5885,7.47403,57.6588,0.207684,0.0783353,0.622945,0.153154,0.998803,0.278979,0.0788044
250,727.969,1,6.3681,0.583888,0.473745,45.7198,7.40465,57.9703,0.204487,0.0763518,0.609155,0.150451,0.998619,0.281253,0.0793002
251,727.699,1,6.35565,0.581596,0.482035,45.7022,7.87618,57.9425,0.207272,0.0744186,0.6312,0.146641,0.998096,0.282614,0.0772923
252,739.613,1,6.253,0.5755,0.492269,45.6923,8.17191,57.9114,0.217396,0.0730278,0.61808,0.144245,0.996997,0.287877,0.0779017
253,723.935,1,6.08362,0.591874,0.520855,45.8901,7.76417,58.4339,0.211891,0.0722191,0.60243,0.141891,0.99793,0.284226,0.0759291
254,727.299,1,6.10566,0.573625,0.513386,45.5877,7.86245,57.625,0.208055,0.0761369,0.587176,0.149882,0.998491,0.285588,0.0776786
255,713.768,1,6.16615,0.58695,0.499792,46.0155,7.18861,58.6492,0.212723,0.0764324,0.572308,0.150419,0.999,0.286162,0.0757118
256,716.802,1,6.19791,0.568249,0.499725,46.0221,7.35496,58.683,0.211291,0.0767418,0.557817,0.151523,0.9988,0.28384,0.0755749
257,715.483,1,5.99,0.552527,0.526388,45.9503,7.29084,58.535,0.20826,0.0776346,0.578992,0.153173,0.999,0.284097,0.0753608
258,719.833,1,6.04807,0.562143,0.517872,45.9258,7.41573,58.4739,0.205301,0.0770268,0.615519,0.150847,0.998939,0.283989,0.0764341
259,717.667,1,5.99128,0.599266,0.526318,46.0716,7.65606,58.9342,0.20867,0.0795377,0.646925,0.15453,0.999,0.282765,0.0756455
260,720.255,1,6.13591,0.625453,0.509637,45.9158,7.35758,58.5602,0.203386,0.080808,0.679117,0.15749,0.999,0.276781,0.0775986
261,721.371,1,6.22383,0.620548,0.499219,46.0669,7.76798,58.9629,0.205937,0.0787619,0.661922,0.153503,0.998826,0.278939,0.0769805
262,723.116,1,6.19132,0.62006,0.499911,46.0941,7.28776,59.0537,0.202482,0.0781164,0.645161,0.151781,0.999,0.277843,0.0803884
263,713.51,1,6.14157,0.618678,0.509924,46.2404,7.09452,59.462,0.209055,0.0761385,0.628825,0.147937,0.999,0.277571,0.078353
264,719.533,1,6.19386,0.595506,0.503711,46.2431,7.28866,59.4643,0.207836,0.0766035,0.728546,0.148417,0.999,0.283512,0.0780452
265,725.86,1,6.02502,0.579471,0.528227,46.1783,8.06007,59.3355,0.212629,0.0746638,0.710099,0.144659,0.999,0.282788,0.0798636
266,729.116,1,6.08196,0.591168,0.517148,46.2849,7.77299,59.6593,0.214634,0.0735773,0.692119,0.141851,0.999,0.282471,0.0812873
267,724.097,1,6.28833,0.601465,0.489758,46.2349,7.74546,59.4924,0.211987,0.0729579,0.674594,0.14117,0.998973,0.276661,0.082363
268,723.849,1,6.07536,0.630151,0.519518,46.1401,7.53193,59.2049,0.216336,0.0750672,0.657513,0.144604,0.999,0.282132,0.0804733
269,720.102,1,6.24166,0.635161,0.495452,46.0472,7.54386,58.9328,0.211095,0.0731665,0.640865,0.140942,0.998979,0.280696,0.0784356
270,716.681,1,6.00002,0.614338,0.528445,46.473,7.34093,59.9982,0.214634,0.0732779,0.624638,0.140284,0.998997,0.281883,0.0769412
271,714.789,1,6.13805,0.612355,0.511348,46.4559,7.46245,60.0135,0.211661,0.0751164,0.629715,0.144344,0.999,0.282004,0.0762535
272,719.193,1,6.05758,0.626104,0.527432,46.5226,7.7098,60.2011,0.208727,0.0732144,0.61377,0.140689,0.998874,0.283647,0.0775175
273,716.609,1,6.05714,0.60092,0.523636,46.6126,7.55932,60.3801,0.211589,0.0713605,0.610993,0.137127,0.998907,0.286366,0.0755547
274,712.555,1,6.07873,0.619325,0.519697,46.6317,7.33249,60.4369,0.206232,0.0697179,0.595522,0.133654,0.998781,0.279425,0.0773732
275,716.377,1,6.07655,0.607843,0.52275,46.6645,7.47959,60.6307,0.20482,0.0685428,0.581115,0.130582,0.99879,0.283632,0.078017
276,706.023,1,6.15449,0.619301,0.510044,46.8364,7.65891,60.8965,0.213615,0.0677477,0.587099,0.129865,0.999,0.281101,0.0760416
277,707.797,1,6.10837,0.621938,0.515333,46.5926,7.60518,60.358,0.209283,0.0679904,0.572233,0.130409,0.999,0.282475,0.0763949
278,704.23,1,5.90613,0.601856,0.547555,46.5774,7.33323,60.2907,0.211839,0.0662688,0.628618,0.127107,0.998983,0.287901,0.0744605
279,707.436,1,6.2105,0.674846,0.503358,46.5649,7.54282,60.2454,0.206475,0.0645908,0.640826,0.123889,0.999,0.280611,0.0783593
280,704.369,1,5.9792,0.635458,0.535095,46.6938,7.659,60.5609,0.212883,0.064886,0.649826,0.124404,0.999,0.283999,0.0763752
281,711.545,1,5.9425,0.628113,0.545519,46.7371,7.60001,60.7374,0.207493,0.0716161,0.681611,0.1364,0.999,0.281902,0.0750209
282,708.398,1,5.80159,0.57479,0.562464,46.6447,7.33928,60.5331,0.204613,0.0722673,0.664353,0.137075,0.998942,0.286376,0.0731214
283,704.756,1,5.79804,0.588836,0.556824,46.7455,7.18049,60.7538,0.211655,0.0736213,0.647531,0.13951,0.999,0.283205,0.0738092
284,711.633,1,6.15588,0.612796,0.505671,46.7916,7.18686,60.896,0.208049,0.0733383,0.631135,0.138174,0.999,0.277974,0.0775732
285,713.186,1,6.13734,0.594295,0.501949,46.6823,6.8462,60.6028,0.203567,0.0714813,0.652508,0.134675,0.999,0.284991,0.0763044
286,718.502,1,6.16733,0.610834,0.502305,46.594,6.78242,60.3884,0.20911,0.0715084,0.680732,0.1344,0.999,0.287118,0.077272
287,718.968,1,6.2348,0.62391,0.493585,46.482,7.14193,60.1666,0.210374,0.0718346,0.663496,0.134659,0.999,0.283043,0.0785963
288,718.451,1,6.04055,0.610275,0.528563,46.496,7.53839,60.2919,0.212101,0.0731807,0.646696,0.137917,0.998615,0.279558,0.0776453
289,722.855,1,6.05269,0.621615,0.517509,46.2939,7.59546,59.7099,0.22018,0.0713277,0.630321,0.134424,0.998209,0.28454,0.0774198
290,730.172,1,6.14496,0.618742,0.502358,46.2229,7.41922,59.4333,0.221731,0.0695217,0.614361,0.131021,0.99785,0.28896,0.0782669
291,727.291,1,6.11173,0.629832,0.508242,46.1492,7.34955,59.2302,0.216117,0.0677613,0.598805,0.127703,0.996622,0.281644,0.07782
292,718.856,1,6.30316,0.642599,0.484996,46.342,7.2472,59.6104,0.210645,0.0660456,0.583643,0.12447,0.997496,0.278049,0.0785731
293,719.6,1,6.38931,0.599379,0.466725,46.4385,7.06815,59.8597,0.205311,0.0650452,0.568865,0.121318,0.997804,0.280497,0.0786554
294,717.86,1,6.27359,0.594166,0.476292,46.441,7.08004,60.0061,0.207181,0.0688108,0.554461,0.127434,0.99833,0.282695,0.0782149
295,720.751,1,6.18367,0.617047,0.496747,46.5559,7.54184,60.2344,0.211075,0.0701707,0.540421,0.130962,0.998451,0.285536,0.0783046
296,716.591,1,6.38401,0.618706,0.469942,46.5613,7.31076,60.3043,0.208431,0.0711655,0.526738,0.133778,0.998738,0.279663,0.0794303
297,710.115,1,6.06244,0.611222,0.521839,46.4422,7.34016,60.1078,0.214319,0.0710864,0.549826,0.132581,0.998663,0.285229,0.077419
298,709.912,1,6.35079,0.641674,0.483428,46.3137,7.68173,59.8288,0.211475,0.0723347,0.543986,0.134235,0.998493,0.281775,0.0754587
299,713.244,1,6.27789,0.609923,0.492685,46.0081,7.77361,59.1911,0.215667,0.0746817,0.555462,0.139026,0.998936,0.284474,0.0755206
300,704.246,1,6.1481,0.565041,0.509218,45.8061,7.93752,58.7764,0.213169,0.0739505,0.541398,0.13615,0.999,0.284752,0.0741886
301,716.849,1,6.05531,0.550671,0.522212,45.8563,7.86181,58.9291,0.211283,0.0754901,0.527689,0.138556,0.998988,0.291045,0.0767225
302,709.479,1,6.18229,0.594912,0.506718,46.0022,7.93738,59.2657,0.207233,0.0800557,0.514328,0.148394,0.999,0.283676,0.0771029
303,713.772,1,6.18014,0.612041,0.508612,46.079,7.70081,59.4743,0.21057,0.080967,0.556293,0.150448,0.999,0.282312,0.0752573
304,710.19,1,6.17943,0.639295,0.510912,46.3674,7.52928,60.0757,0.210781,0.0814246,0.590005,0.149939,0.999,0.280882,0.0739657
305,717.91,1,5.99239,0.624548,0.533701,46.3066,7.55874,59.9432,0.213276,0.0824398,0.628197,0.150661,0.998784,0.280143,0.0745801
306,711.626,1,6.11598,0.606343,0.512884,46.2755,7.27903,60.013,0.20981,0.0865454,0.612291,0.156967,0.999,0.285323,0.073019
307,715.241,1,6.13566,0.588153,0.506848,46.1213,7.40973,59.7054,0.211845,0.090186,0.615566,0.163882,0.999,0.28675,0.0732989
308,719.255,1,6.18167,0.607154,0.504452,46.0886,7.58381,59.5616,0.212799,0.0900525,0.61643,0.164834,0.999,0.287604,0.0738754
309,721.268,1,6.08437,0.596744,0.519975,46.0588,7.75075,59.5625,0.213975,0.0891716,0.649191,0.161711,0.999,0.283984,0.0753803
310,720.799,1,6.25148,0.601983,0.495643,46.0312,7.59036,59.5917,0.210851,0.0883671,0.632753,0.160047,0.999,0.28135,0.0757278
311,719.381,1,6.25916,0.609849,0.494583,46.0859,7.53044,59.8083,0.21344,0.0878348,0.616731,0.159359,0.999,0.28291,0.0762514
312,717.598,1,6.14566,0.619935,0.506735,45.9891,7.44146,59.5979,0.216131,0.0905096,0.622016,0.164158,0.999,0.282056,0.0748648
313,710.879,1,6.27975,0.587696,0.488534,46.1506,7.28365,59.9177,0.214202,0.0886472,0.606266,0.160001,0.999,0.281839,0.0735288
314,714.647,1,6.18315,0.57977,0.502837,46.0937,7.27864,59.7404,0.210772,0.0894439,0.590915,0.161188,0.998897,0.284787,0.0720917
315,721.984,1,6.06208,0.585795,0.523164,45.8955,7.44527,59.2337,0.206011,0.0883457,0.601552,0.157917,0.998972,0.281578,0.0762992
316,723.891,1,6.26719,0.618761,0.490345,46.0171,7.45377,59.4468,0.20942,0.087956,0.618282,0.159229,0.998935,0.278579,0.0771522
317,720.983,1,6.27743,0.598121,0.485531,45.8182,7.51935,58.8913,0.213331,0.0865575,0.602627,0.156897,0.999,0.281864,0.0766126
318,713.409,1,5.94614,0.598544,0.532636,45.728,7.48543,58.6713,0.218533,0.0867109,0.587368,0.159038,0.999,0.287143,0.0746727
319,709.42,1,6.16028,0.637185,0.502397,45.7152,7.26846,58.5807,0.213,0.0875181,0.572496,0.160672,0.999,0.283498,0.0729842
320,710.051,1,6.24404,0.63642,0.490827,45.9348,7.06083,59.0403,0.209996,0.0911907,0.558,0.167376,0.998993,0.284263,0.0711924
321,708.594,1,6.16675,0.60053,0.501329,45.9655,7.09289,59.1239,0.210523,0.0890549,0.543871,0.163138,0.999,0.293323,0.0710691
322,713.115,1,6.162,0.627623,0.505943,45.7985,7.0562,58.7379,0.212312,0.0896579,0.54934,0.164385,0.998789,0.285896,0.0715991
323,723.04,1,6.0582,0.64403,0.519191,46.0009,7.16345,59.1194,0.213236,0.0893142,0.549798,0.164421,0.998769,0.284817,0.0749048
324,720.012,1,6.26632,0.646419,0.482976,45.9197,7.01819,58.9724,0.209368,0.0907033,0.565999,0.167651,0.998701,0.283462,0.0733048
325,722.746,1,6.3809,0.643344,0.47336,45.5923,7.50865,58.2559,0.20862,0.0948894,0.600366,0.175963,0.998518,0.281622,0.0725346
326,714.309,1,6.30775,0.678121,0.48147,45.3579,7.36978,57.6611,0.211093,0.0924868,0.590475,0.171507,0.998725,0.277828,0.0729043
327,714.998,1,6.21871,0.605586,0.500616,45.4166,7.53838,57.8763,0.212284,0.0901449,0.575524,0.167165,0.998159,0.287726,0.0710584
328,716.577,1,6.21179,0.649454,0.500726,45.5287,7.4364,58.1166,0.21188,0.0884478,0.56744,0.164844,0.998797,0.28212,0.0730464
329,708.405,1,6.31337,0.647453,0.481163,45.4554,6.9632,57.7975,0.206515,0.0862082,0.553072,0.161333,0.999,0.282159,0.0723093
330,717.545,1,6.11446,0.601407,0.504581,45.4976,7.22395,57.8094,0.206773,0.0851243,0.590917,0.158614,0.998932,0.288764,0.0729954
331,718.361,1,6.05629,0.575747,0.514732,45.4626,7.17506,57.6905,0.213024,0.0861311,0.639369,0.160669,0.998588,0.293905,0.0711471
332,723.833,1,6.11797,0.598176,0.505976,45.5886,7.75075,57.9126,0.213487,0.0875977,0.62318,0.164604,0.998441,0.286463,0.0732169
333,728.914,1,6.24473,0.615126,0.493718,45.5651,8.12755,57.9039,0.218857,0.0884746,0.6074,0.165394,0.99818,0.284327,0.0743865
334,718.4,1,6.27098,0.591468,0.488168,45.9328,7.52885,58.865,0.213315,0.0863847,0.592021,0.161207,0.998298,0.281187,0.0732836
335,720.669,2,6.07866,0.609408,0.517993,45.8764,7.81786,58.7267,0.217941,0.0866702,0.591339,0.160423,0.998282,0.283981,0.0720017
336,720.222,2,6.15646,0.585588,0.506524,45.8799,7.8742,58.6276,0.215093,0.085034,0.576366,0.156861,0.997875,0.287815,0.0711389
337,719.232,2,6.36838,0.62443,0.475016,45.937,7.53166,58.7951,0.208883,0.0853496,0.569015,0.160587,0.998115,0.284951,0.0717302
338,723.769,2,6.34882,0.625078,0.480148,45.779,7.48948,58.3754,0.210852,0.0875338,0.559514,0.16199,0.998136,0.284963,0.0731949
339,725.096,2,6.24198,0.598121,0.499944,45.64,8.0972,58.0142,0.217602,0.0907935,0.573961,0.167747,0.998301,0.281791,0.0736483
340,721.523,2,6.22359,0.602662,0.500202,45.7303,7.86237,58.1357,0.217795,0.0905426,0.601239,0.165947,0.998592,0.279826,0.0735789
341,719.172,2,6.11906,0.622943,0.513994,45.6227,7.55554,57.9003,0.210891,0.0892056,0.618592,0.163258,0.999,0.283892,0.074377
342,725.915,2,6.03951,0.615427,0.52932,45.7421,7.66274,58.1613,0.207325,0.0904082,0.553788,0.164776,0.998837,0.287495,0.075415
343,724.185,2,6.16159,0.63184,0.5093,45.6,7.87343,57.8709,0.210688,0.0931934,0.566902,0.169541,0.999,0.287371,0.0754046
344,719.879,2,6.20273,0.629337,0.505995,45.3451,8.09727,57.2509,0.209441,0.0970431,0.57264,0.175943,0.999,0.28292,0.0749098
345,722.785,2,6.26537,0.648855,0.495759,45.3355,8.2663,57.2556,0.210555,0.105166,0.585655,0.189967,0.999,0.283331,0.0736936
346,726.018,2,6.28907,0.666492,0.486388,45.5847,7.84668,57.856,0.211907,0.107217,0.590742,0.1939,0.999,0.280977,0.0738203
347,727.921,2,6.323,0.649427,0.487252,45.5536,7.79034,57.782,0.20995,0.108342,0.589182,0.19554,0.998999,0.279771,0.0743591
348,724.466,2,6.19459,0.610331,0.50477,45.544,7.92077,57.7218,0.214301,0.106347,0.599755,0.190861,0.999,0.285171,0.0734147
349,727.17,2,6.03003,0.583067,0.529598,45.6619,7.81341,57.8785,0.216782,0.105586,0.578516,0.190122,0.999,0.289497,0.0730494
350,726.175,2,6.04988,0.596312,0.526422,45.8101,7.91645,58.2116,0.214544,0.10573,0.584522,0.1907,0.999,0.289318,0.0721453
351,732.006,2,6.11092,0.612015,0.517378,45.6541,7.94733,57.7943,0.214294,0.106224,0.58302,0.191321,0.998887,0.285007,0.0737579
352,725.182,2,6.05898,0.628288,0.522554,45.4636,7.79751,57.4112,0.214523,0.106875,0.610951,0.192006,0.998958,0.287056,0.0720972
353,725.075,2,6.05183,0.622085,0.523071,45.4091,7.83005,57.3379,0.214595,0.106336,0.618537,0.190706,0.998879,0.287202,0.0712486
354,726.882,2,6.08311,0.594278,0.518495,45.4263,7.78471,57.3929,0.216049,0.106079,0.636058,0.190767,0.998885,0.286176,0.0713249
355,722.191,2,6.12535,0.599576,0.514465,45.3577,7.75142,57.2749,0.215006,0.105871,0.639341,0.191206,0.99883,0.285926,0.0704183
356,725.798,2,6.1848,0.602717,0.505696,45.3676,7.76458,57.2959,0.213424,0.105828,0.638498,0.190818,0.998975,0.283863,0.071972
357,723.766,2,6.19545,0.605678,0.504257,45.4502,7.88612,57.5132,0.212387,0.105925,0.637016,0.191103,0.999,0.283852,0.0724614
358,725.535,2,6.22967,0.611889,0.498599,45.496,7.83999,57.6601,0.211208,0.105731,0.625781,0.190921,0.999,0.282009,0.0735273
359,727.517,2,6.22937,0.617292,0.498201,45.4256,7.91529,57.4915,0.211728,0.105701,0.637612,0.190476,0.999,0.280392,0.0740649
360,722.408,2,6.19903,0.595927,0.502716,45.3057,8.09883,57.2199,0.212818,0.10474,0.639492,0.189366,0.999,0.282391,0.0731359
361,718.05,2,6.17814,0.588174,0.505577,45.1954,8.14497,56.9985,0.212736,0.106241,0.636079,0.192359,0.999,0.283335,0.0717824
362,720.948,2,6.155,0.582585,0.510018,45.105,8.21172,56.7884,0.213231,0.106821,0.629778,0.193727,0.999,0.284579,0.0709768
363,716.497,2,6.17584,0.593607,0.507421,45.0302,8.24861,56.6458,0.214436,0.105606,0.620942,0.191259,0.999,0.283543,0.0708849
364,723.921,2,6.19357,0.598702,0.505097,45.0533,8.2156,56.7012,0.21509,0.106651,0.607021,0.192344,0.999,0.283175,0.0713749
365,728.17,2,6.18261,0.597409,0.507122,45.1338,8.24637,56.871,0.214764,0.107424,0.603233,0.193489,0.998954,0.283122,0.0715449
366,723.719,2,6.1,0.587331,0.518974,45.2447,8.26209,57.0938,0.216378,0.107658,0.606543,0.194062,0.998982,0.28501,0.0710641
367,720.006,2,6.10227,0.586236,0.518738,45.3359,8.28487,57.3111,0.216114,0.107047,0.611897,0.19308,0.999,0.285891,0.0708112
368,719.636,2,6.1287,0.585065,0.514704,45.4255,8.25116,57.5251,0.216021,0.105937,0.607177,0.191695,0.999,0.286733,0.070579
369,715.294,2,6.15721,0.584514,0.509845,45.4829,8.15485,57.6352,0.215592,0.105665,0.604393,0.191105,0.999,0.285853,0.0706274
370,713.741,2,6.18935,0.58921,0.504907,45.5568,8.06273,57.7914,0.215336,0.105908,0.594907,0.19125,0.999,0.285016,0.0703934
371,724.665,2,6.22608,0.596049,0.498589,45.5875,7.97342,57.8529,0.215343,0.105877,0.591369,0.191164,0.999,0.284115,0.0708971
372,713.937,2,6.24731,0.59565,0.495264,45.593,7.91697,57.8708,0.215146,0.105867,0.581208,0.191373,0.999,0.284597,0.0708026
373,717.491,2,6.27579,0.596896,0.491357,45.5912,7.8797,57.8587,0.215413,0.106066,0.578821,0.191595,0.999,0.285154,0.0706173
374,722.515,2,6.285,0.598311,0.490072,45.5888,7.89133,57.8585,0.215078,0.106372,0.578125,0.192216,0.999,0.285288,0.0707069
375,719.743,2,6.27054,0.601445,0.492882,45.5919,7.88018,57.8505,0.215316,0.106656,0.581041,0.192716,0.999,0.285251,0.0707006
376,724.576,2,6.28172,0.602662,0.491585,45.5872,7.86148,57.8443,0.215275,0.106973,0.580691,0.193494,0.999,0.285133,0.0708141
377,725.918,2,6.27962,0.604934,0.492041,45.5929,7.87692,57.8421,0.215529,0.107145,0.578941,0.194216,0.999,0.285538,0.0707581
378,714.868,2,6.27625,0.606616,0.492638,45.5981,7.88685,57.8484,0.215729,0.107245,0.578654,0.194166,0.999,0.285726,0.0705694
379,718.69,2,6.26149,0.608164,0.494619,45.6236,7.86783,57.9004,0.216089,0.10739,0.576244,0.19429,0.999,0.285877,0.0703891
380,724.844,2,6.25359,0.607111,0.495067,45.64,7.83443,57.9348,0.216061,0.107645,0.572501,0.194976,0.999,0.286055,0.0704156
381,730.779,2,6.23498,0.604557,0.49702,45.6268,7.82077,57.9143,0.216161,0.107806,0.574699,0.195432,0.999,0.286201,0.0706717
382,729.923,2,6.22123,0.602485,0.498825,45.6354,7.80512,57.9367,0.215929,0.10831,0.577229,0.196259,0.998992,0.286216,0.0707302
383,730.424,2,6.20051,0.599619,0.501893,45.6583,7.77919,57.9841,0.215542,0.108852,0.581402,0.197149,0.998983,0.286304,0.0707518
384,720.859,2,6.1957,0.600331,0.502467,45.6698,7.77017,58.0109,0.215248,0.109291,0.585688,0.198028,0.998989,0.286042,0.07064
385,719.597,2,6.19324,0.601673,0.502844,45.678,7.75012,58.0231,0.215049,0.109457,0.586454,0.198289,0.998984,0.285791,0.0705664
386,716.861,2,6.192,0.601467,0.503,45.6794,7.74183,58.0274,0.215016,0.109555,0.586413,0.198479,0.998988,0.285751,0.0705358
387,718.692,2,6.19275,0.601543,0.502785,45.6769,7.73922,58.0203,0.215007,0.109658,0.586091,0.198634,0.99899,0.285694,0.0705202
388,726.345,2,6.18974,0.601274,0.503137,45.6742,7.73305,58.0121,0.215104,0.109733,0.585686,0.19873,0.998986,0.285725,0.0705135
389,712.738,2,6.18768,0.600908,0.50336,45.6697,7.72917,58.0025,0.215086,0.109764,0.584748,0.198804,0.99899,0.285729,0.0704771
390,711.66,2,6.1875,0.601181,0.503269,45.6648,7.72285,57.9903,0.215092,0.109782,0.584364,0.198807,0.998994,0.285772,0.0704209
391,709.692,2,6.18578,0.601227,0.503497,45.6644,7.71903,57.9904,0.215131,0.109725,0.584578,0.19874,0.998998,0.285839,0.0703454
392,719.184,2,6.18322,0.601242,0.50387,45.6609,7.71557,57.9834,0.215133,0.109701,0.584862,0.198691,0.998999,0.285897,0.0703198
393,728.837,2,6.1846,0.60182,0.503653,45.6535,7.71474,57.9656,0.215151,0.109849,0.584376,0.198954,0.998999,0.285942,0.0703307
394,726.259,2,6.18451,0.60185,0.503675,45.6472,7.71435,57.9532,0.215093,0.109986,0.584666,0.199221,0.999,0.28601,0.0703335
395,726.136,2,6.18414,0.60183,0.503767,45.6471,7.71194,57.9536,0.215213,0.110091,0.5848,0.199455,0.999,0.286108,0.0703331
396,725.76,2,6.18316,0.601938,0.503882,45.6426,7.70815,57.9427,0.215248,0.11016,0.586206,0.199599,0.999,0.286135,0.0703234
397,726.09,2,6.18108,0.602236,0.504134,45.646,7.70366,57.9494,0.215163,0.110115,0.586485,0.199524,0.999,0.286165,0.0703048
398,725.189,2,6.18201,0.602714,0.503946,45.6456,7.69598,57.9498,0.21507,0.110135,0.586242,0.199585,0.998999,0.286163,0.0703057
399,719.212,2,6.1839,0.603207,0.503675,45.6464,7.69938,57.9525,0.215072,0.110169,0.585405,0.19965,0.999,0.286139,0.0703078
400,718.262,2,6.18465,0.603055,0.503597,45.6486,7.69743,57.9573,0.21511,0.110171,0.585037,0.199666,0.998998,0.286134,0.0702843
401,720.983,2,6.18568,0.6025,0.503475,45.6526,7.69533,57.965,0.215054,0.11018,0.584652,0.199636,0.998998,0.286233,0.0702594
402,727.22,2,6.18591,0.602096,0.503503,45.6539,7.69914,57.9692,0.21507,0.11017,0.585751,0.199641,0.998993,0.286201,0.0702542
403,724.82,2,6.18616,0.601988,0.503603,45.6502,7.70998,57.9617,0.215077,0.110157,0.585805,0.199596,0.998997,0.286164,0.0703
404,724.514,2,6.1877,0.602046,0.503518,45.6478,7.71783,57.9561,0.21511,0.110197,0.585711,0.199633,0.999,0.286184,0.0703235
405,727.692,2,6.18853,0.601978,0.503412,45.6453,7.7184,57.9505,0.215305,0.110299,0.585483,0.199811,0.999,0.286247,0.0703294
406,723.118,2,6.19008,0.602458,0.503258,45.641,7.71946,57.9421,0.215294,0.110393,0.585362,0.199976,0.999,0.286162,0.0703617
407,724.236,2,6.19065,0.602448,0.503209,45.638,7.7227,57.9352,0.215246,0.110467,0.585654,0.200142,0.999,0.286183,0.07036
408,730.978,2,6.1889,0.602259,0.503486,45.6286,7.72326,57.9153,0.215343,0.110594,0.586158,0.200363,0.999,0.286245,0.0703669
409,730.985,2,6.18723,0.601912,0.503758,45.6174,7.72363,57.89,0.215388,0.110702,0.587106,0.200585,0.999,0.286315,0.0703465
410,727.885,2,6.18383,0.601429,0.504311,45.608,7.72205,57.8682,0.215472,0.11072,0.58808,0.20058,0.999,0.286448,0.0703232
411,728.824,2,6.18482,0.601854,0.504162,45.598,7.72097,57.8457,0.215485,0.110735,0.58932,0.200619,0.999,0.286427,0.070327
412,723.894,2,6.18513,0.601947,0.504151,45.5895,7.72221,57.8257,0.215515,0.110755,0.589755,0.200646,0.999,0.286406,0.0703262
413,717.4,2,6.18622,0.602327,0.504009,45.5827,7.72112,57.8094,0.215541,0.110766,0.589462,0.200664,0.999,0.286411,0.0703161
414,722.752,2,6.18557,0.602791,0.504092,45.5791,7.72197,57.8026,0.215516,0.110824,0.589767,0.2008,0.999,0.286425,0.0703085
415,734.1,2,6.18425,0.602946,0.504265,45.5779,7.71815,57.8002,0.215495,0.110912,0.589904,0.200962,0.999,0.286479,0.0703338
416,725.618,2,6.18195,0.602711,0.504579,45.5769,7.71837,57.799,0.215421,0.111015,0.590176,0.201169,0.999,0.286527,0.0703211
417,727.099,2,6.18054,0.602708,0.504756,45.5771,7.72031,57.7996,0.215425,0.111116,0.590334,0.201374,0.999,0.286535,0.0703348
418,730.471,2,6.17928,0.602509,0.504911,45.5793,7.71933,57.8036,0.215397,0.111201,0.590224,0.20153,0.999,0.286566,0.0703477
419,728.609,2,6.17937,0.602664,0.504868,45.5818,7.71627,57.8099,0.21536,0.111265,0.589965,0.201646,0.999,0.286603,0.0703752
420,729.211,2,6.17992,0.602864,0.504739,45.5817,7.71366,57.8105,0.215325,0.111302,0.590093,0.201708,0.999,0.286629,0.0704031
421,732.414,2,6.18054,0.603077,0.504676,45.5833,7.71349,57.8148,0.215276,0.111397,0.589916,0.201905,0.999,0.28663,0.0704445
422,733.477,2,6.18034,0.603546,0.50473,45.5811,7.7139,57.8108,0.215301,0.111483,0.590196,0.202087,0.999,0.286654,0.070472
423,732.963,2,6.17945,0.603545,0.50484,45.5785,7.71389,57.8062,0.215285,0.111589,0.590601,0.202262,0.999,0.286698,0.0704792
424,722.37,2,6.17991,0.603474,0.504776,45.5774,7.7144,57.804,0.215244,0.111716,0.590887,0.202499,0.999,0.286661,0.0704763
425,734.001,2,6.1799,0.603337,0.504749,45.5765,7.7129,57.8008,0.215204,0.111837,0.591267,0.202702,0.999,0.286669,0.0704984
426,727.091,2,6.17904,0.603219,0.504898,45.5782,7.71094,57.8045,0.215159,0.111951,0.591547,0.202902,0.999,0.286644,0.0704921
427,727.107,2,6.17709,0.602991,0.505184,45.5787,7.71179,57.8058,0.21519,0.112043,0.591737,0.203061,0.999,0.286691,0.0704725
428,729.383,2,6.17484,0.602887,0.505483,45.5792,7.71092,57.8081,0.215207,0.112129,0.59167,0.203205,0.999,0.286715,0.0704723
429,732.12,2,6.17482,0.602802,0.505418,45.5807,7.71015,57.812,0.215219,0.112188,0.591515,0.203298,0.999,0.286728,0.0704933
430,731.966,2,6.17727,0.602713,0.505017,45.585,7.7093,57.8216,0.215168,0.112304,0.59116,0.203504,0.999,0.286734,0.0705236
431,730.684,2,6.17753,0.602968,0.504923,45.5898,7.70689,57.8333,0.215187,0.112419,0.590901,0.203719,0.999,0.286743,0.0705307
432,721.293,2,6.17847,0.603247,0.504711,45.5931,7.7033,57.8408,0.215171,0.112515,0.590487,0.203902,0.999,0.286754,0.0705246
433,718.705,2,6.17905,0.603259,0.50453,45.5985,7.69783,57.8536,0.215135,0.112604,0.590101,0.204068,0.999,0.286757,0.0705146
434,724.931,2,6.17884,0.603504,0.504577,45.6038,7.69499,57.8657,0.215119,0.112692,0.590112,0.204225,0.999,0.286771,0.0705001
435,723.411,2,6.18005,0.603413,0.504374,45.6095,7.69189,57.8782,0.215126,0.11277,0.589684,0.204374,0.999,0.286817,0.0704873
436,725.622,2,6.18136,0.603817,0.504222,45.6146,7.68886,57.8889,0.215103,0.112834,0.589191,0.204489,0.999,0.286776,0.0704883
437,724.804,2,6.18141,0.603432,0.504256,45.6212,7.68643,57.9028,0.215076,0.112933,0.589078,0.204677,0.999,0.286806,0.0704718
438,716.58,2,6.18337,0.603853,0.503945,45.6244,7.68408,57.9095,0.21504,0.112977,0.588896,0.204751,0.999,0.286752,0.0704714
439,719.069,2,6.18444,0.603963,0.503811,45.6285,7.68431,57.918,0.21503,0.113004,0.588684,0.204787,0.999,0.286741,0.0704623
440,724.154,2,6.18531,0.604073,0.503706,45.6324,7.68542,57.9265,0.214992,0.113028,0.588567,0.204844,0.999,0.286724,0.0704694
441,724.243,2,6.18473,0.604188,0.503834,45.6328,7.68666,57.9279,0.214994,0.11301,0.588516,0.204819,0.999,0.286738,0.0704647
442,728.087,2,6.18553,0.60428,0.503748,45.6346,7.68491,57.9328,0.215035,0.112993,0.588582,0.204773,0.999,0.286734,0.0704617
443,722.132,2,6.18467,0.604429,0.503883,45.6387,7.68226,57.9415,0.215054,0.112992,0.588375,0.204778,0.999,0.28673,0.0704567
444,730.482,2,6.18603,0.604769,0.503723,45.6448,7.67995,57.9552,0.21517,0.112998,0.587695,0.204793,0.999,0.28676,0.0704688
445,730.05,2,6.18714,0.60495,0.503562,45.6501,7.67617,57.9685,0.215234,0.112978,0.587427,0.204738,0.999,0.286753,0.0704778
446,732.413,2,6.18493,0.604824,0.503861,45.6548,7.67325,57.9802,0.215309,0.112908,0.587225,0.20461,0.999,0.286813,0.070478
447,724.904,2,6.18428,0.604781,0.503866,45.6606,7.66936,57.993,0.215381,0.112859,0.586721,0.204541,0.999,0.286857,0.07047
448,723.11,2,6.18425,0.605158,0.503884,45.6629,7.66899,57.9976,0.215436,0.112803,0.586525,0.204435,0.999,0.286814,0.0704855
449,727.793,2,6.18476,0.605406,0.503827,45.6662,7.6682,58.0059,0.215441,0.112761,0.586336,0.204361,0.999,0.286779,0.0704975
450,722.558,2,6.18445,0.605512,0.503869,45.671,7.66786,58.0164,0.215446,0.112754,0.586553,0.204342,0.999,0.286739,0.0705017
451,716.89,2,6.18457,0.605794,0.503874,45.6771,7.66711,58.0311,0.215497,0.112709,0.586195,0.204273,0.999,0.286717,0.0704867
452,719.754,2,6.18625,0.606065,0.503639,45.6828,7.66694,58.044,0.215527,0.112686,0.585808,0.204226,0.999,0.286721,0.0704751
453,720.528,2,6.18804,0.606556,0.503392,45.6868,7.66778,58.0523,0.21555,0.112648,0.585599,0.204174,0.999,0.286698,0.0704692
454,725.002,2,6.19091,0.607182,0.503002,45.691,7.66593,58.0619,0.215504,0.112631,0.585537,0.204143,0.999,0.286624,0.0704846
455,719.738,2,6.19169,0.607546,0.502901,45.6939,7.66727,58.0683,0.21551,0.112651,0.584869,0.204182,0.999,0.286588,0.070486
456,716.306,2,6.19254,0.60783,0.502821,45.6961,7.66546,58.0746,0.215519,0.112685,0.58407,0.204248,0.999,0.286574,0.0704778
457,723.417,2,6.19216,0.607925,0.502924,45.6995,7.66806,58.0826,0.215555,0.112702,0.583943,0.204287,0.999,0.286591,0.0704613
458,715.591,2,6.19214,0.608322,0.502997,45.7034,7.66959,58.0915,0.215581,0.112681,0.58374,0.20423,0.999,0.286552,0.0704525
459,718.668,2,6.19096,0.608368,0.503191,45.7069,7.67187,58.0998,0.215588,0.112638,0.583681,0.204155,0.999,0.286572,0.0704461
460,720.856,2,6.19071,0.608649,0.503242,45.7108,7.67471,58.1086,0.21558,0.112588,0.583823,0.204054,0.999,0.286518,0.070456
461,723.758,2,6.19071,0.608894,0.503235,45.7154,7.67337,58.1185,0.215543,0.112547,0.58386,0.203975,0.999,0.28649,0.0704645
462,717.627,2,6.18995,0.609043,0.503359,45.7196,7.67458,58.1292,0.215537,0.112491,0.584147,0.203886,0.999,0.286466,0.070454
463,720.79,2,6.1906,0.609347,0.503311,45.7231,7.67604,58.138,0.215481,0.112429,0.584145,0.203785,0.999,0.286416,0.0704608
464,720.278,2,6.19135,0.60966,0.503232,45.7255,7.67856,58.143,0.215471,0.112376,0.584323,0.203698,0.999,0.286391,0.0704566
465,729.246,2,6.19193,0.610297,0.503199,45.7279,7.67825,58.1482,0.215541,0.112314,0.584296,0.203599,0.999,0.286384,0.0704645
466,720.808,2,6.19071,0.610491,0.503395,45.7308,7.67785,58.1551,0.215585,0.112305,0.584396,0.2036,0.999,0.286392,0.0704569
467,720.875,2,6.19029,0.610786,0.503437,45.7333,7.6768,58.1611,0.215618,0.112266,0.584422,0.203529,0.999,0.286407,0.0704483
468,718.612,2,6.1899,0.610799,0.503476,45.7358,7.6759,58.168,0.215601,0.112225,0.584251,0.203475,0.999,0.286406,0.0704376
469,716.412,2,6.19134,0.611186,0.503256,45.7373,7.67675,58.1713,0.215555,0.112235,0.584127,0.203489,0.999,0.28635,0.0704434
470,719.079,2,6.19115,0.611276,0.503303,45.7378,7.67821,58.1735,0.215546,0.112234,0.584088,0.203489,0.999,0.286331,0.0704404
471,726.329,2,6.19168,0.611654,0.50323,45.7386,7.6771,58.1747,0.215566,0.112246,0.584038,0.203521,0.999,0.28631,0.0704538
472,718.115,2,6.1915,0.612042,0.50326,45.7402,7.67522,58.1779,0.215547,0.112254,0.584208,0.203526,0.999,0.2863,0.070442
473,722.92,2,6.19154,0.612286,0.503241,45.7411,7.67359,58.1803,0.215515,0.112261,0.584541,0.203547,0.999,0.286297,0.0704436
474,723.776,2,6.19194,0.612449,0.503211,45.7439,7.67236,58.186,0.215436,0.112301,0.584781,0.20361,0.999,0.286271,0.0704456
475,730.518,2,6.19189,0.612427,0.503224,45.7476,7.67236,58.1943,0.215384,0.11234,0.584955,0.203684,0.999,0.286268,0.0704595
476,725.135,2,6.19245,0.612468,0.503197,45.7496,7.67496,58.1991,0.215337,0.112338,0.584966,0.203683,0.999,0.286252,0.0704753
477,724.484,2,6.19332,0.612558,0.503122,45.7513,7.67903,58.2027,0.21529,0.112321,0.584983,0.203655,0.999,0.286201,0.0704947
478,718.882,2,6.19441,0.612486,0.503018,45.7525,7.68353,58.2046,0.215268,0.112331,0.584974,0.203676,0.999,0.286178,0.0704949
479,723.054,2,6.19562,0.612427,0.502847,45.7543,7.68442,58.2078,0.215244,0.11235,0.584446,0.203715,0.999,0.286169,0.070509
480,722.431,2,6.19617,0.61218,0.502753,45.7536,7.68597,58.2055,0.215234,0.112335,0.584416,0.203703,0.999,0.286179,0.0704964
481,722.562,2,6.19716,0.611804,0.502592,45.7555,7.68342,58.2094,0.215197,0.112314,0.584595,0.203673,0.999,0.286201,0.0704829
482,722.465,2,6.19712,0.61178,0.502582,45.7581,7.68322,58.2156,0.215177,0.11228,0.584645,0.203612,0.999,0.286186,0.0704809
483,721.546,2,6.19808,0.611657,0.502428,45.7617,7.67936,58.2235,0.215174,0.112231,0.584869,0.203531,0.999,0.286208,0.0704689
484,725.492,2,6.19835,0.611672,0.502353,45.7656,7.67704,58.2325,0.215166,0.112189,0.585186,0.203451,0.999,0.28621,0.070475
485,732.029,2,6.19773,0.611873,0.502412,45.771,7.67331,58.2454,0.21517,0.112173,0.585522,0.203423,0.999,0.28622,0.0704838
486,725.793,2,6.19813,0.61206,0.502372,45.7773,7.67287,58.2595,0.215154,0.112195,0.585435,0.203463,0.999,0.286194,0.0704959
487,725.759,2,6.19841,0.611876,0.502356,45.7819,7.67268,58.2702,0.215165,0.112233,0.585403,0.203518,0.999,0.286198,0.0704937
488,724.968,2,6.19937,0.611995,0.502266,45.7856,7.67272,58.2779,0.21517,0.112255,0.585212,0.203545,0.999,0.286181,0.0705014
489,723.282,2,6.19983,0.612099,0.502244,45.7891,7.67247,58.2862,0.215158,0.112298,0.585342,0.203619,0.999,0.286168,0.0705066
490,724.652,2,6.19884,0.612025,0.502428,45.7926,7.67284,58.2944,0.215129,0.112311,0.585362,0.203655,0.999,0.286177,0.0705077
491,718.418,2,6.19874,0.61203,0.502476,45.7955,7.67235,58.3009,0.215099,0.112321,0.585341,0.203686,0.999,0.286168,0.0705041
492,717.308,2,6.19984,0.612242,0.502337,45.7995,7.67228,58.3105,0.21512,0.112334,0.585258,0.203704,0.999,0.286161,0.0705014
493,725.256,2,6.20068,0.612424,0.502238,45.803,7.67269,58.3187,0.215125,0.112336,0.585461,0.203718,0.999,0.286136,0.0705087
494,724.94,2,6.20198,0.612599,0.502058,45.8069,7.67056,58.3279,0.215145,0.112268,0.585501,0.203589,0.999,0.286131,0.0705138
495,715.416,2,6.20243,0.612637,0.501989,45.8102,7.67058,58.3362,0.215119,0.112201,0.585535,0.203467,0.999,0.28612,0.0705097
496,719.512,2,6.2026,0.612724,0.501985,45.8136,7.67009,58.3436,0.215095,0.112145,0.585691,0.20336,0.999,0.286117,0.0705106
497,725.997,2,6.20184,0.612771,0.502082,45.8177,7.6699,58.353,0.215118,0.112095,0.585773,0.203276,0.999,0.286131,0.0705091
498,711.346,2,6.20108,0.6126,0.502203,45.8217,7.66887,58.362,0.215097,0.112052,0.585731,0.203195,0.999,0.28614,0.0704939
499,720.298,2,6.20122,0.612559,0.502163,45.8249,7.66586,58.3696,0.21509,0.112009,0.585595,0.20311,0.999,0.286149,0.0704879
500,715.642,2,6.20146,0.612379,0.50212,45.8275,7.6664,58.3762,0.215091,0.11198,0.585451,0.203067,0.999,0.286163,0.070473
501,715.544,2,6.20114,0.6122,0.502157,45.8299,7.66633,58.3816,0.215068,0.111939,0.58502,0.203004,0.999,0.286171,0.0704685
502,716.466,2,6.20163,0.61233,0.502111,45.8312,7.66733,58.3844,0.215026,0.111882,0.58479,0.202895,0.999,0.28614,0.0704769
503,713.795,2,6.20205,0.612507,0.502067,45.8319,7.66879,58.386,0.215009,0.111802,0.584523,0.202754,0.999,0.286124,0.0704767
504,720.66,2,6.20236,0.612529,0.502023,45.8336,7.66878,58.3899,0.215009,0.111733,0.584427,0.202619,0.999,0.2861,0.0704824
505,721.795,2,6.2018,0.612256,0.502088,45.8346,7.66913,58.3921,0.215017,0.11167,0.584682,0.202503,0.999,0.286108,0.0704816
506,725.203,2,6.20155,0.612253,0.5021,45.8353,7.66778,58.3931,0.215,0.111594,0.584778,0.202362,0.999,0.286105,0.0705009
507,724.053,2,6.20224,0.612399,0.50202,45.835,7.66899,58.3925,0.214972,0.111526,0.584692,0.202243,0.999,0.286087,0.0705159
508,723.113,2,6.20212,0.612432,0.502035,45.8346,7.67006,58.3922,0.214949,0.111484,0.584807,0.202174,0.999,0.286069,0.0705221
509,714.992,2,6.20197,0.612526,0.502056,45.8355,7.66867,58.3942,0.214923,0.111428,0.584789,0.202065,0.999,0.286069,0.0705173
510,712.893,2,6.20161,0.612485,0.502105,45.8366,7.66875,58.3968,0.214957,0.111386,0.584938,0.20199,0.999,0.286105,0.0704996
511,721.922,2,6.20156,0.612502,0.502102,45.8365,7.66672,58.397,0.215012,0.111335,0.58509,0.201907,0.999,0.286117,0.070492
512,723.804,2,6.20141,0.61257,0.502158,45.8364,7.66572,58.3966,0.215027,0.111283,0.585224,0.201818,0.999,0.286105,0.0704864
513,731.399,2,6.20232,0.612776,0.502052,45.836,7.66378,58.3959,0.215033,0.111242,0.585477,0.201736,0.999,0.286103,0.0705025
514,726.529,2,6.20333,0.613056,0.501918,45.836,7.66207,58.3959,0.215056,0.111248,0.585837,0.20174,0.999,0.286088,0.0705114
515,735.772,2,6.20352,0.613269,0.501914,45.8356,7.66302,58.3946,0.21508,0.11126,0.586311,0.201754,0.999,0.286089,0.0705135
516,729.206,2,6.20322,0.613345,0.501993,45.8347,7.66472,58.392,0.215093,0.111275,0.586684,0.201771,0.999,0.286078,0.0705166
517,723.706,2,6.20303,0.613437,0.502058,45.8339,7.66607,58.3895,0.215089,0.111269,0.587096,0.201763,0.999,0.286069,0.0705134
518,729.915,2,6.20225,0.61331,0.502173,45.8326,7.66638,58.3865,0.2151,0.11126,0.587442,0.201746,0.999,0.286091,0.0705005
519,716.203,2,6.2016,0.613195,0.502238,45.8318,7.66693,58.3842,0.215131,0.11124,0.587563,0.201705,0.999,0.286115,0.0704855
520,717.843,2,6.2022,0.613167,0.502161,45.8314,7.6679,58.3833,0.215129,0.111201,0.587622,0.201634,0.999,0.286117,0.0704767
521,718.139,2,6.20357,0.613088,0.501975,45.831,7.6681,58.3823,0.215109,0.111166,0.587603,0.201566,0.999,0.286122,0.0704722
522,720.124,2,6.20448,0.613178,0.501854,45.8319,7.66921,58.3846,0.215135,0.111141,0.58756,0.201526,0.999,0.286133,0.0704699
523,720.309,2,6.2052,0.613342,0.501778,45.833,7.67016,58.387,0.215172,0.111139,0.587462,0.201528,0.999,0.286144,0.0704628
524,723.366,2,6.20562,0.61342,0.501734,45.8343,7.66938,58.3897,0.215172,0.111148,0.58715,0.201542,0.999,0.286143,0.0704683
