iteration,convergenceIndicator,phase,Cl_pop,beta_Cl_logtWTKG,beta_Cl_tCLCRMLMIN,V1_pop,Q_pop,V2_pop,omega_Cl,omega_V1,omega_Q,omega_V2,corr_V2_V1,a1,a2
1,1426.71,1,5.6796,0.757903,0.609706,40.6172,12.4684,47.6947,1,1,1,1,0.998743,1,1
2,1416.95,1,5.0141,0.820925,0.752022,43.4802,17.9826,51.2426,0.974679,0.974679,1.09936,0.974679,0.998743,0.974679,0.974679
3,1401.19,1,6.23596,1.14138,0.536463,41.9128,18.5848,49.5899,0.95,0.95,1.07152,0.95,0.998743,0.95,0.95
4,1392.63,1,6.67033,0.766317,0.419406,41.537,20.741,48.8638,0.925945,0.925945,1.04439,0.925945,0.998743,0.925945,0.925945
5,1378.31,1,6.39443,0.775789,0.456344,49.981,15.7191,58.8951,0.9025,0.9025,1.01794,0.9025,0.998743,0.9025,0.9025
6,1363.93,1,6.39598,0.810811,0.507019,51.2283,15.9613,60.502,0.879648,0.879648,1.00797,0.879648,0.998743,0.879648,0.879648
7,1351.72,1,6.95933,0.99684,0.472181,50.3703,15.0777,59.1761,0.857375,0.857375,0.982443,0.857375,0.998743,0.857375,0.857375
8,1332.42,1,6.39685,0.866564,0.511784,49.729,13.664,58.02,0.835666,0.835666,0.957567,0.835666,0.998743,0.835666,0.835666
9,1334.92,1,8.15046,1.10302,0.312633,53.9509,12.3628,63.0745,0.814506,0.814506,0.933321,0.814506,0.998743,0.814506,0.814506
10,1318.8,1,5.55747,0.855139,0.643374,54.247,12.8522,63.877,0.793882,0.793882,0.909689,0.793882,0.998743,0.793882,0.793882
11,1306.78,1,5.59112,0.53028,0.650866,54.492,12.1194,63.8645,0.773781,0.773781,0.903792,0.773781,0.998743,0.773781,0.773781
12,1295.2,1,5.3954,0.909041,0.714039,50.5979,13.0098,59.1365,0.754188,0.754188,0.964398,0.754188,0.998743,0.754188,0.754188
13,1298.73,1,6.87193,0.786225,0.480229,51.5426,17.8617,60.2881,0.735092,0.735092,0.975656,0.735092,0.998743,0.735092,0.735092
14,1273.43,1,6.83406,0.830588,0.463129,51.9821,15.7241,61.1443,0.716479,0.716479,0.950952,0.716479,0.998743,0.716479,0.716479
15,1258,1,6.06202,0.832136,0.634948,52.7302,16.1886,62.1433,0.698337,0.698337,0.969065,0.698337,0.998743,0.698337,0.698337
16,1255.96,1,5.59109,0.701059,0.677281,49.5552,18.3299,58.7412,0.680655,0.680655,0.988237,0.680655,0.998743,0.680655,0.680655
17,1248.73,1,5.30172,0.568763,0.684208,48.2242,15.9291,57.1293,0.66342,0.66342,1.02498,0.66342,0.998743,0.66342,0.66342
18,1241.91,1,5.19344,0.786154,0.749669,47.4502,18.4877,56.291,0.646622,0.646622,0.999026,0.646622,0.998743,0.646622,0.646622
19,1231.11,1,6.89191,0.601814,0.475626,44.4537,19.1436,52.3979,0.630249,0.630249,1.15592,0.630249,0.998743,0.630249,0.630249
20,1216.77,1,6.35597,0.56549,0.581638,42.5496,16.9537,50.4438,0.614291,0.614291,1.12666,0.614291,0.998743,0.614291,0.614291
21,1208.59,1,5.23954,0.443616,0.736163,41.8108,16.7923,49.9636,0.598737,0.598737,1.09813,0.598737,0.998743,0.598737,0.598737
22,1192.07,1,7.64686,0.62552,0.392387,44.5483,14.5313,53.336,0.583577,0.583577,1.07032,0.583577,0.998743,0.583577,0.583577
23,1183.41,1,7.26297,0.772568,0.408079,47.5873,11.6416,57.334,0.5688,0.5688,1.04322,0.5688,0.998743,0.5688,0.5688
24,1160.77,1,6.87941,0.594561,0.491613,50.9096,10.7812,61.1314,0.554398,0.554398,1.01681,0.554398,0.998743,0.554398,0.554398
25,1155.57,1,7.12724,0.597678,0.461594,51.0815,9.77362,61.4827,0.54036,0.54036,0.99106,0.54036,0.998743,0.54036,0.54036
26,1142.42,1,7.70067,0.686544,0.348442,49.6403,10.1441,59.9706,0.526678,0.526678,1.00157,0.526678,0.998743,0.526678,0.526678
27,1140.58,1,8.94089,0.739616,0.217316,46.7253,11.5935,56.4498,0.513342,0.513342,0.976208,0.513342,0.998743,0.513342,0.513342
28,1124.71,1,7.70639,0.820132,0.357316,45.5,11.7118,54.5773,0.500344,0.500344,0.95149,0.500344,0.998743,0.500344,0.500344
29,1115.34,1,7.47029,0.773413,0.377242,45.1153,11.5238,53.7974,0.487675,0.487675,0.998563,0.487675,0.998743,0.487675,0.487675
30,1105.08,1,8.36152,0.71425,0.278081,44.6588,11.3617,53.2628,0.475327,0.475327,0.973279,0.475327,0.998743,0.475327,0.475327
31,1100.76,1,7.09703,0.507054,0.4408,46.4214,11.4027,55.134,0.463291,0.463291,0.948635,0.463291,0.998743,0.463291,0.463291
32,1084.95,1,7.42704,0.763452,0.382846,45.4532,10.3263,54.0358,0.45156,0.45156,0.924615,0.45156,0.998743,0.45156,0.45156
33,1075.05,1,8.56033,0.663853,0.25036,47.2159,8.14119,56.0532,0.440127,0.440127,0.901203,0.440127,0.998743,0.440127,0.440127
34,1064.56,1,6.99744,0.778224,0.430914,46.936,8.4926,55.802,0.428982,0.428982,0.878384,0.428982,0.998743,0.428982,0.428982
35,1054.59,1,7.46638,0.876489,0.367991,46.0239,9.06396,54.7379,0.41812,0.41812,0.856143,0.41812,0.998743,0.41812,0.41812
36,1053.61,1,7.88697,0.766787,0.342629,47.8517,11.8381,57.0096,0.407533,0.407533,0.834465,0.407533,0.998743,0.407533,0.407533
37,1044.02,1,6.418,0.773684,0.551104,47.3581,12.2034,56.4424,0.397214,0.397214,0.818232,0.397214,0.998743,0.397214,0.397214
38,1031.41,1,7.15625,0.802387,0.454654,47.0051,12.0397,56.1946,0.387157,0.387157,0.797514,0.387157,0.998743,0.387157,0.387157
39,1021.22,1,7.18949,0.801517,0.446713,46.4835,13.6481,55.6932,0.377354,0.377354,0.822747,0.377354,0.998743,0.377354,0.377354
40,1013.33,1,8.01025,0.771496,0.329602,46.6751,13.118,56.0661,0.367799,0.367799,0.801915,0.367799,0.998743,0.367799,0.367799
41,1004.86,1,7.28697,0.927208,0.439544,45.3734,12.9477,54.4437,0.358486,0.358486,0.78161,0.358486,0.998743,0.358486,0.358486
42,1000.17,1,7.36993,0.721829,0.430607,45.6724,13.9598,54.7921,0.349409,0.349409,0.761819,0.349409,0.998743,0.349409,0.349409
43,989.11,1,7.34572,0.659932,0.419344,44.9024,15.941,53.8782,0.340562,0.340562,0.851368,0.340562,0.998743,0.340562,0.340562
44,976.86,1,6.99246,0.65692,0.495513,44.2229,16.3879,53.0726,0.331938,0.331938,0.829811,0.331938,0.998743,0.331938,0.331938
45,975.614,1,6.69518,0.650476,0.52545,43.7976,15.8976,52.528,0.323534,0.323534,0.8088,0.323534,0.998743,0.323534,0.323534
46,970.417,1,7.34157,0.614471,0.431936,43.616,13.9368,52.4998,0.315341,0.315341,0.78832,0.315341,0.998743,0.315341,0.315341
47,963.68,1,6.89944,0.611656,0.486932,45.407,13.4876,54.7839,0.307357,0.307357,0.76836,0.307357,0.998743,0.307357,0.307357
48,962.302,1,7.07486,0.726628,0.453757,45.0132,13.0279,54.2632,0.299574,0.299574,0.836897,0.299574,0.998743,0.299574,0.299574
49,958.047,1,6.75941,0.713401,0.501455,46.7236,14.7221,56.342,0.291989,0.291989,0.815707,0.291989,0.998743,0.291989,0.291989
50,944.015,1,6.87814,0.833083,0.497676,47.2686,13.4259,57.1776,0.284596,0.284596,0.887949,0.284596,0.998743,0.284596,0.284596
51,937.732,1,7.18826,0.753713,0.447025,45.0273,12.3729,54.3825,0.27739,0.27739,0.865465,0.27739,0.998743,0.27739,0.27739
52,921.163,1,6.98229,0.755837,0.471655,45.8774,11.2826,55.378,0.270366,0.270366,0.843551,0.270366,0.998743,0.270366,0.270366
53,922.216,1,7.09826,0.786215,0.434248,44.0587,11.7312,53.3601,0.26352,0.26352,0.822192,0.26352,0.998743,0.26352,0.26352
54,919.31,1,7.9233,0.725783,0.344418,45.5081,10.5374,55.1416,0.256848,0.256848,0.876326,0.256848,0.998743,0.256848,0.256848
55,905.72,1,7.38938,0.707,0.409968,44.0994,10.2968,53.5176,0.250344,0.250344,0.854136,0.250344,0.998743,0.250344,0.250344
56,910.036,1,6.75962,0.778311,0.483775,43.9606,10.6593,53.3854,0.244005,0.244005,0.867948,0.244005,0.998743,0.251157,0.244005
57,904.637,1,6.97721,0.628676,0.448748,43.2343,10.0812,52.6468,0.237827,0.237827,0.845971,0.237827,0.998743,0.244797,0.237827
58,903.746,1,7.2765,0.653096,0.40569,43.2752,9.29308,52.6411,0.231805,0.231805,0.82455,0.231805,0.998743,0.238599,0.231805
59,901.933,1,6.84159,0.757873,0.464312,43.5493,9.42895,52.9159,0.225936,0.229904,0.85908,0.227515,0.998743,0.239362,0.225936
60,900.284,1,7.26638,0.730282,0.411754,43.0031,10.8447,52.191,0.220215,0.226844,0.837327,0.225527,0.998743,0.237015,0.220215
61,886.823,1,6.88513,0.775884,0.473532,44.5363,10.7524,54.0761,0.214639,0.223411,0.816126,0.22294,0.998743,0.247294,0.214639
62,882.121,1,7.05432,0.755919,0.46013,44.2289,11.7065,53.7453,0.209204,0.217754,0.795461,0.21753,0.998743,0.246461,0.209204
63,880.063,1,6.7336,0.690624,0.506696,44.7961,10.345,54.4052,0.203907,0.221656,0.775319,0.222231,0.998743,0.252335,0.203907
64,873.977,1,6.73357,0.629453,0.472247,44.8387,9.042,54.3912,0.198744,0.216044,0.755688,0.216604,0.998743,0.253481,0.198744
65,872.671,1,6.42721,0.675186,0.521244,45.0229,9.13762,54.5947,0.193711,0.210574,0.736553,0.211119,0.998743,0.252756,0.193711
66,871.489,1,6.66989,0.709822,0.50124,44.119,9.93131,53.5012,0.188807,0.205242,0.717903,0.205773,0.998743,0.25991,0.188807
67,867.041,1,6.13602,0.644167,0.567331,44.9563,8.97272,54.6218,0.184026,0.212268,0.699726,0.211196,0.998743,0.266612,0.184026
68,865.463,1,6.48725,0.638031,0.51408,45.2437,9.07208,55.031,0.179366,0.217015,0.682008,0.21406,0.998743,0.27457,0.179366
69,868.385,1,5.94316,0.578499,0.592191,44.791,9.98846,54.3768,0.1795,0.213617,0.686537,0.20943,0.998743,0.28909,0.174825
70,870.562,1,5.92526,0.57848,0.585253,44.1849,9.30011,53.7107,0.174955,0.22876,0.669154,0.225468,0.998743,0.295579,0.170398
71,863.009,1,5.7775,0.617775,0.607078,44.9162,7.74382,54.5918,0.170525,0.222968,0.655951,0.219759,0.998743,0.289717,0.166083
72,859.015,1,5.9712,0.598046,0.574674,45.3689,7.22002,54.9618,0.176437,0.217322,0.639342,0.214195,0.998743,0.293909,0.161878
73,855.052,1,5.92318,0.66931,0.585358,46.0935,7.56805,55.7446,0.180204,0.211819,0.678762,0.208771,0.998743,0.293338,0.157779
74,854.531,1,6.04656,0.647381,0.561615,44.7777,8.59451,54.1428,0.184625,0.206456,0.661576,0.203485,0.998743,0.306334,0.153784
75,842.588,1,6.04169,0.628578,0.566996,45.2069,8.05884,54.6557,0.17995,0.201228,0.658001,0.198333,0.998743,0.298577,0.14989
76,838.886,1,6.09813,0.602911,0.565967,44.6297,8.53934,54.0254,0.175394,0.196133,0.64134,0.193311,0.998743,0.299589,0.146095
77,834.33,1,5.93325,0.596126,0.58425,44.0209,8.47007,53.2949,0.185714,0.191167,0.625101,0.188416,0.998743,0.30365,0.142396
78,829.88,1,6.08104,0.649667,0.558257,43.9553,8.00268,53.1279,0.187469,0.186326,0.609273,0.183645,0.998392,0.305247,0.13879
79,833.208,1,5.78908,0.637099,0.602634,43.4916,8.68798,52.568,0.188954,0.181712,0.628501,0.179496,0.998481,0.312109,0.135276
80,825.997,1,5.62456,0.572063,0.627498,43.8844,8.73649,53.0792,0.192492,0.177111,0.626801,0.174951,0.997867,0.322933,0.131851
81,821.656,1,5.46023,0.657758,0.674965,44.4604,8.63354,53.7785,0.195341,0.189821,0.61093,0.188113,0.9981,0.325128,0.128512
82,824.279,1,5.22016,0.661643,0.72152,44.7828,8.78397,54.0185,0.208017,0.185015,0.595461,0.183949,0.998402,0.33089,0.125258
83,819.537,1,5.40023,0.584978,0.669799,44.5756,8.90444,53.8189,0.210609,0.18033,0.60495,0.179291,0.99826,0.329559,0.122087
84,811.312,1,5.31925,0.620809,0.694531,44.9361,9.28449,54.3002,0.208062,0.175764,0.589632,0.174751,0.998081,0.331247,0.118995
85,808.604,1,5.13964,0.576796,0.729581,44.9547,9.22145,54.178,0.211279,0.171314,0.574702,0.170326,0.998192,0.331037,0.115982
86,795.221,1,5.11935,0.575346,0.734666,45.1311,8.80933,54.4422,0.205929,0.167374,0.56015,0.169025,0.998577,0.331554,0.113045
87,800.727,1,5.1343,0.616125,0.72238,44.6193,9.38269,53.8001,0.215064,0.178639,0.545967,0.181913,0.998445,0.33836,0.110183
88,794.83,1,5.29406,0.599711,0.701809,44.664,9.50568,53.8029,0.20972,0.174116,0.533062,0.177307,0.998596,0.331128,0.107393
89,801.101,1,5.22394,0.614113,0.711574,44.9449,9.48748,54.2017,0.215856,0.174056,0.527093,0.176787,0.998374,0.329727,0.104674
90,797.283,1,5.05221,0.626656,0.739055,44.7337,8.97021,53.8493,0.219194,0.176734,0.537815,0.178091,0.998157,0.340155,0.102024
91,797.217,1,5.21428,0.640469,0.710859,45.0604,9.09284,54.2318,0.218202,0.173465,0.534226,0.173911,0.997763,0.340024,0.0994403
92,800.881,1,5.14208,0.656514,0.730142,44.8081,9.65623,53.9994,0.217931,0.174838,0.58974,0.178032,0.997712,0.337552,0.0969224
93,800.286,1,5.36819,0.636123,0.686644,44.5438,10.1488,53.5676,0.220767,0.171708,0.636219,0.1762,0.997495,0.337431,0.0944682
94,795.267,1,5.17737,0.599413,0.711436,44.5464,9.74553,53.5356,0.236718,0.16736,0.631362,0.171739,0.997294,0.346656,0.0920763
95,794.439,1,5.11837,0.591944,0.72324,44.5934,10.0078,53.6861,0.239978,0.163123,0.634848,0.16739,0.996985,0.351755,0.0897448
96,793.806,1,5.0578,0.624219,0.733269,44.819,9.7129,53.9465,0.233902,0.158992,0.618773,0.163152,0.996225,0.349822,0.0874724
97,789.648,1,5.15316,0.581504,0.711239,45.3511,9.1116,54.5549,0.227979,0.154966,0.603106,0.159021,0.994567,0.348534,0.0852576
98,791.856,1,5.18921,0.585918,0.705176,45.1168,9.00396,54.4229,0.230293,0.151043,0.587835,0.154994,0.993205,0.345355,0.0837374
99,783.16,1,5.00257,0.598696,0.740409,45.1352,8.9853,54.4012,0.228707,0.147218,0.57295,0.155664,0.993678,0.35432,0.0816171
100,785.453,1,4.94128,0.533324,0.751844,45.0248,8.70775,54.304,0.222916,0.144275,0.558443,0.152571,0.993647,0.350352,0.0813321
101,792.978,1,5.11941,0.61886,0.717761,44.9273,8.77676,54.111,0.221122,0.152007,0.544303,0.163451,0.993533,0.346647,0.0837834
102,801.139,1,5.38045,0.629057,0.670655,44.7824,8.52461,54.0061,0.215523,0.159147,0.530521,0.16639,0.991609,0.344167,0.0864692
103,793.285,1,4.98977,0.641357,0.738763,44.7914,8.48176,54.3365,0.226726,0.162391,0.517088,0.164612,0.9943,0.352906,0.0842798
104,802.511,1,4.91216,0.651661,0.752069,44.3128,8.36573,53.9672,0.236441,0.164001,0.524093,0.165015,0.992641,0.356215,0.0830623
105,800.451,1,4.89645,0.540668,0.754814,44.2899,8.64592,54.1841,0.235124,0.171417,0.541553,0.16966,0.992284,0.356333,0.0809592
106,797.768,1,4.96494,0.541109,0.747189,43.8953,8.75533,53.7263,0.229171,0.169068,0.580226,0.171115,0.992239,0.350784,0.0806355
107,797.022,1,4.96186,0.593017,0.742162,43.2866,8.82236,53.288,0.228225,0.165778,0.565534,0.174418,0.991759,0.354545,0.0794112
108,793.572,1,4.88126,0.581156,0.749365,43.7203,8.5204,53.8021,0.232117,0.161581,0.557889,0.171371,0.991135,0.360333,0.0774005
109,788.852,1,5.04,0.594331,0.728921,44.0099,8.48437,54.2113,0.22624,0.167748,0.550011,0.176247,0.993467,0.35121,0.0780622
110,787.605,1,5.05796,0.605783,0.728255,44.039,8.56098,54.3771,0.224498,0.171048,0.536084,0.179906,0.992049,0.348914,0.0770324
111,787.163,1,5.14451,0.59294,0.712209,44.4581,8.64531,54.7643,0.228009,0.184915,0.560082,0.189681,0.993403,0.347922,0.0756791
112,787.344,1,5.1127,0.562219,0.718148,44.4246,8.93641,54.6369,0.225461,0.180233,0.560261,0.184879,0.993816,0.349904,0.0764996
113,788.169,1,4.86598,0.618358,0.76223,44.0835,8.51884,53.9451,0.23628,0.176308,0.546075,0.180197,0.994133,0.358554,0.0757675
114,797.137,1,5.02529,0.615388,0.732407,44.1891,8.6194,54.3279,0.232094,0.18166,0.548418,0.181808,0.994441,0.35476,0.0800182
115,789.259,1,5.06495,0.600175,0.72639,44.2649,8.56203,54.2403,0.230025,0.187225,0.558283,0.1845,0.99488,0.353014,0.0779921
116,791.744,1,5.0865,0.573084,0.725741,44.1648,8.63055,54.0686,0.2242,0.189019,0.571838,0.188587,0.994447,0.350394,0.0777671
117,787.489,1,4.96193,0.617235,0.750011,44.1641,9.27368,54.1911,0.234577,0.187577,0.560335,0.187141,0.994654,0.354781,0.075798
118,784.663,1,5.07662,0.630877,0.728037,44.3072,9.19726,54.3662,0.231165,0.182827,0.546147,0.182403,0.994395,0.351193,0.0766925
119,782.602,1,5.16618,0.622521,0.709823,44.186,8.92705,54.3851,0.231472,0.178198,0.560036,0.177784,0.995345,0.355161,0.0764903
120,781.584,1,4.96972,0.601317,0.741248,43.6975,9.01633,53.6367,0.234542,0.173686,0.578213,0.173282,0.994346,0.358595,0.0746531
121,782.688,1,4.98247,0.607616,0.742528,43.6136,9.15537,53.5688,0.231919,0.169288,0.608562,0.168895,0.994592,0.35579,0.0749179
122,776.958,1,4.99233,0.64417,0.740183,43.4714,9.39097,53.3532,0.232044,0.167334,0.593152,0.164618,0.995918,0.359488,0.0739073
123,775.788,1,5.13558,0.55444,0.712743,42.8487,9.999,52.5682,0.236195,0.163097,0.618939,0.16045,0.996048,0.361696,0.0730977
124,773.406,1,5.11647,0.59134,0.716042,43.0181,10.1422,52.6836,0.236041,0.169515,0.641689,0.165664,0.99712,0.352575,0.0743903
125,768.996,1,5.0365,0.56554,0.732029,43.0501,9.70709,52.8343,0.235576,0.169754,0.625441,0.166654,0.997178,0.357873,0.0726094
126,767.323,1,5.17323,0.561284,0.704718,43.0854,9.51995,52.8896,0.23493,0.172974,0.609604,0.168445,0.997596,0.356484,0.0731375
127,767.906,1,5.21184,0.587403,0.697217,43.3901,9.53241,53.1564,0.230881,0.177983,0.594169,0.171726,0.997933,0.355382,0.073728
128,764.063,1,5.13605,0.549076,0.713023,43.5273,9.46014,53.3003,0.225217,0.178672,0.579124,0.174175,0.998557,0.353521,0.0759358
129,767.184,1,4.89097,0.595092,0.756731,43.6574,9.65636,53.4248,0.23151,0.176766,0.594459,0.171437,0.998378,0.358475,0.0740914
130,762.16,1,5.0358,0.615024,0.73174,43.6466,9.42798,53.4334,0.233991,0.177127,0.579407,0.170672,0.998445,0.358773,0.072907
131,765.352,1,5.14917,0.623911,0.715385,43.5744,9.21186,53.343,0.23304,0.172642,0.564736,0.166351,0.99849,0.350704,0.0769339
132,765.879,1,5.13051,0.636041,0.713164,43.3551,9.21203,53.163,0.227139,0.168549,0.568774,0.162322,0.998444,0.353341,0.0767823
133,765.43,1,5.14547,0.623684,0.708655,43.7349,8.89755,53.655,0.2249,0.16949,0.567155,0.162181,0.99813,0.349821,0.0763733
134,766.278,1,5.20421,0.585698,0.703711,43.4872,8.82532,53.3324,0.22267,0.17562,0.552795,0.168281,0.998244,0.349672,0.0770522
135,756.35,1,5.06776,0.549188,0.728183,43.4021,9.15081,53.2402,0.228695,0.176636,0.58297,0.167548,0.998912,0.356931,0.0751012
136,758.431,1,4.95766,0.568113,0.741628,43.0802,9.14795,52.8935,0.225371,0.179782,0.621095,0.168921,0.998962,0.357064,0.0731996
137,752.852,1,5.07271,0.55847,0.726657,42.8426,8.8091,52.6806,0.22049,0.179508,0.605368,0.16877,0.999,0.351895,0.0747724
138,766.221,1,4.89881,0.579383,0.755628,42.4874,8.99026,52.2827,0.227057,0.179599,0.607003,0.168392,0.998906,0.356223,0.076391
139,763.73,1,4.9998,0.624162,0.735141,42.708,9.03245,52.5217,0.221307,0.184657,0.597909,0.172854,0.998992,0.349506,0.0771677
140,766.368,1,5.01181,0.572192,0.734134,42.7349,9.39949,52.5622,0.218347,0.187048,0.607943,0.173218,0.998983,0.35458,0.0768629
141,763.906,1,5.12276,0.597729,0.711711,42.1578,9.31127,51.9688,0.22416,0.193363,0.627346,0.177948,0.998721,0.352833,0.0749167
142,755.467,1,5.06695,0.60249,0.720006,41.9173,9.03107,51.7107,0.228073,0.189685,0.611461,0.174874,0.998815,0.359171,0.0730197
143,754.292,1,5.00236,0.566028,0.729721,42.3995,8.56504,52.2434,0.233614,0.193571,0.595978,0.179255,0.998917,0.366435,0.0711708
144,755.98,1,5.03236,0.571631,0.726638,42.4747,8.94785,52.3487,0.227965,0.195873,0.609971,0.181222,0.999,0.357157,0.0713028
145,757.298,1,5.02196,0.588014,0.732068,42.0926,9.20019,51.8937,0.227396,0.197672,0.594527,0.183546,0.999,0.360928,0.0717163
146,760.874,1,4.99821,0.561688,0.736735,42.2086,9.56982,52.051,0.226383,0.198112,0.630435,0.183825,0.998957,0.360701,0.071209
147,761.92,1,4.96517,0.597867,0.742991,42.107,9.31983,51.902,0.227672,0.204778,0.626638,0.18876,0.999,0.359529,0.0729718
148,753.85,1,5.15811,0.565233,0.703834,42.2902,8.70649,52.0891,0.221907,0.199592,0.620899,0.184749,0.999,0.351299,0.0726639
149,754.399,1,5.12024,0.568868,0.711897,42.1408,8.88951,51.9417,0.223855,0.201111,0.624953,0.188047,0.998999,0.355314,0.070824
150,750.769,1,4.96799,0.579292,0.742467,41.9386,9.35621,51.6777,0.236528,0.204227,0.609129,0.188846,0.999,0.362396,0.0690307
151,756.662,1,5.07189,0.610889,0.728501,42.0632,9.24495,51.8421,0.230539,0.202147,0.593706,0.18736,0.998865,0.356925,0.0702788
152,754.709,1,5.25302,0.594921,0.691783,42.1631,9.22061,52.0597,0.225622,0.205458,0.578673,0.189056,0.999,0.355922,0.0704614
153,746.852,1,5.1646,0.582447,0.7085,42.2314,9.39239,52.2388,0.221305,0.200629,0.584444,0.184819,0.999,0.35416,0.0697075
154,758.295,1,5.16539,0.60932,0.70879,42.1453,9.04713,52.1896,0.222011,0.203608,0.597152,0.186294,0.999,0.35201,0.0726334
155,761.136,1,5.06909,0.62852,0.725115,42.0131,9.56926,52.0763,0.229702,0.208503,0.598308,0.190102,0.999,0.352874,0.0733038
156,758.268,1,5.19411,0.639257,0.706553,41.8719,9.3699,51.9173,0.223885,0.206665,0.583159,0.188862,0.999,0.356904,0.0735631
157,761.837,1,5.195,0.624724,0.706062,41.9911,9.43285,52.0104,0.225485,0.209045,0.568393,0.191211,0.999,0.355852,0.0734534
158,753.387,1,5.1924,0.565953,0.699699,42.5211,9.12266,52.5748,0.224006,0.203752,0.554001,0.18637,0.998948,0.355884,0.0715935
159,750.932,1,5.1299,0.584754,0.716155,42.4017,9.44943,52.4634,0.228785,0.203388,0.583035,0.186175,0.999,0.359037,0.0700094
160,751.8,1,5.26954,0.598888,0.69432,42.1194,9.6115,52.2103,0.230763,0.201544,0.572261,0.183332,0.998987,0.359272,0.0689175
161,753.611,1,5.10942,0.558865,0.724276,41.963,9.79658,52.0452,0.226945,0.201576,0.600166,0.183479,0.999,0.356732,0.0698223
162,748.746,1,5.1015,0.558925,0.727373,41.9297,9.91906,52.0935,0.233466,0.199749,0.608377,0.183496,0.999,0.359466,0.0694329
163,757.663,1,5.20413,0.569557,0.704156,42.2386,9.7944,52.3936,0.227555,0.198036,0.592972,0.183492,0.998766,0.355347,0.0713429
164,762.513,1,5.25739,0.56961,0.694508,42.295,9.58825,52.3713,0.231354,0.198147,0.577958,0.184234,0.998493,0.358721,0.0713846
165,753.184,1,5.19757,0.558448,0.702664,42.2043,9.32223,52.2348,0.229542,0.200842,0.586932,0.184811,0.99883,0.357911,0.0695771
166,749.772,1,5.15072,0.563749,0.706923,42.1469,8.98074,52.1927,0.225283,0.199827,0.587537,0.183382,0.99897,0.353215,0.0693234
167,749.551,1,5.14192,0.567255,0.707061,42.0506,9.13662,52.0524,0.224138,0.203475,0.57266,0.187322,0.999,0.355801,0.0700078
168,745.72,1,4.96623,0.578015,0.740503,42.2213,9.09173,52.2375,0.22797,0.204449,0.55816,0.187907,0.998885,0.361802,0.0682351
169,749.785,1,5.06397,0.590794,0.725076,42.3831,9.35581,52.4028,0.229629,0.201182,0.563233,0.186536,0.998891,0.357287,0.0681528
170,749.488,1,5.18352,0.61292,0.706876,42.3811,9.30861,52.4672,0.223814,0.200769,0.550143,0.18694,0.998762,0.351627,0.0691053
171,747.594,1,5.20064,0.597841,0.702967,42.6218,8.71645,52.8106,0.218147,0.204779,0.539978,0.191104,0.998449,0.349082,0.067848
172,749.812,1,5.1322,0.633066,0.708479,42.4874,8.74978,52.7665,0.227974,0.207157,0.571522,0.19557,0.998753,0.354208,0.0673112
173,756.151,1,5.11363,0.619626,0.712739,42.8398,8.66892,53.1027,0.226273,0.208806,0.578743,0.200007,0.998721,0.354698,0.0690271
174,758.797,1,5.0696,0.652193,0.71928,42.7015,8.72287,52.9184,0.235588,0.208662,0.564089,0.20083,0.998767,0.358505,0.0693971
175,761.165,1,5.22168,0.632688,0.696903,42.2911,9.06436,52.3348,0.234874,0.214681,0.577628,0.208208,0.998875,0.359992,0.0694427
176,757.848,1,5.27316,0.60889,0.688424,42.4412,9.61682,52.4036,0.2303,0.220318,0.582622,0.215137,0.999,0.357774,0.0696118
177,758.672,1,5.41749,0.626345,0.659672,42.3075,9.25761,52.2335,0.227366,0.220774,0.567869,0.214929,0.999,0.357634,0.0701369
178,755.338,1,5.22939,0.599691,0.697219,42.2084,9.4726,52.1262,0.227859,0.224834,0.565151,0.221093,0.999,0.351409,0.0707447
179,758.876,1,5.21226,0.550093,0.697782,41.8463,9.55722,51.8097,0.224836,0.223687,0.574328,0.216277,0.999,0.360318,0.0695699
180,761.912,1,5.12053,0.602156,0.717286,41.9036,9.37689,51.8362,0.230472,0.225955,0.596223,0.216597,0.999,0.358011,0.0698998
181,757.881,1,5.14933,0.580721,0.711117,42.1178,9.37666,51.9479,0.236485,0.232225,0.581126,0.222037,0.999,0.361251,0.0681299
182,759.834,1,5.1051,0.581755,0.716307,41.9603,9.40718,51.7339,0.234272,0.233796,0.581531,0.223491,0.999,0.361609,0.0691882
183,765.375,1,5.09572,0.56112,0.723868,41.8331,9.85017,51.5306,0.231383,0.23582,0.597166,0.225996,0.998963,0.36539,0.0683873
184,767.373,1,5.13973,0.601696,0.713485,41.6968,10.2353,51.3747,0.233921,0.230254,0.618648,0.220274,0.998857,0.363644,0.068989
185,771.052,1,5.16026,0.55473,0.707367,41.7983,9.99265,51.4413,0.233382,0.231343,0.640781,0.221321,0.998764,0.361898,0.0698333
186,756.658,1,5.12835,0.613686,0.714699,41.4621,9.66749,51.052,0.227472,0.225485,0.624556,0.216188,0.998983,0.358916,0.0680756
187,760.82,1,5.14252,0.604166,0.710749,41.5117,9.78874,51.104,0.229957,0.225739,0.61558,0.217543,0.998698,0.358077,0.0675454
188,756.923,1,5.17091,0.589115,0.709655,41.2951,10.1585,50.9688,0.232932,0.220413,0.599993,0.213815,0.998923,0.361469,0.0671915
189,757.015,1,5.27203,0.583382,0.685011,40.805,10.164,50.4132,0.231108,0.222165,0.632798,0.216211,0.999,0.361194,0.0677683
190,751.458,1,5.25896,0.528303,0.688582,40.8952,10.3988,50.5237,0.228839,0.222406,0.621809,0.21156,0.999,0.357618,0.068428
191,758.854,1,5.15121,0.517074,0.709753,40.9656,10.2097,50.6637,0.226836,0.22576,0.606064,0.212555,0.999,0.361185,0.0693912
192,763.735,1,5.10013,0.580826,0.713757,40.8676,9.8097,50.4787,0.233463,0.237935,0.649225,0.224942,0.999,0.363703,0.0680358
193,767.103,1,5.00413,0.567932,0.733864,41.0673,9.85674,50.6188,0.23039,0.235835,0.651142,0.221175,0.998984,0.364705,0.0686312
194,759.879,1,4.98364,0.570943,0.735993,41.124,9.09115,50.7078,0.231051,0.237548,0.657975,0.222974,0.998998,0.3672,0.0668934
195,755.052,1,4.92992,0.580936,0.74533,40.9338,9.67682,50.481,0.236664,0.232918,0.660478,0.217328,0.998972,0.369056,0.0651996
196,754.982,1,5.05823,0.58169,0.729715,41.0678,9.80822,50.6995,0.230671,0.232532,0.643754,0.216119,0.999,0.364198,0.066621
197,756.051,1,4.95091,0.587006,0.747353,41.1331,10.0132,50.7946,0.230709,0.233722,0.667756,0.217235,0.999,0.36054,0.0661902
198,749.76,1,5.05237,0.557121,0.72641,41.2528,9.68395,50.8569,0.224867,0.234516,0.662378,0.219064,0.999,0.361631,0.0650117
199,752.723,1,5.15074,0.576697,0.708712,41.0275,9.59689,50.7513,0.222139,0.235841,0.671699,0.21915,0.998855,0.358321,0.0642717
200,753.93,1,5.18451,0.573698,0.706917,40.634,9.84111,50.299,0.222514,0.232602,0.670598,0.215781,0.99865,0.355245,0.0647358
201,749.518,1,5.0349,0.618043,0.73123,40.5879,10.0414,50.319,0.227392,0.226809,0.653618,0.210318,0.998534,0.360886,0.0630966
202,748.4,1,4.91764,0.62473,0.755125,40.6486,10.3131,50.3923,0.227344,0.225707,0.644237,0.207212,0.998515,0.360927,0.062252
203,757.821,1,4.95178,0.600488,0.750473,40.7305,10.3526,50.6571,0.229457,0.227191,0.651047,0.207786,0.998342,0.361087,0.0646074
204,757.729,1,5.11462,0.579142,0.715987,40.6687,10.169,50.5396,0.228334,0.229384,0.642403,0.209497,0.998499,0.362011,0.0648938
205,754.072,1,5.10661,0.571365,0.717628,40.6609,9.79691,50.6022,0.230703,0.230935,0.626137,0.211511,0.998659,0.361659,0.064585
206,757.546,1,5.02732,0.555085,0.733401,40.4777,9.99619,50.4003,0.229645,0.227005,0.610283,0.208749,0.998553,0.362172,0.0656221
207,764.429,1,5.18698,0.597515,0.711212,40.637,11.0392,50.601,0.224376,0.229641,0.63315,0.210792,0.99863,0.354063,0.0694834
208,758.324,1,5.18593,0.56482,0.705981,40.3934,11.1137,50.3863,0.231968,0.227956,0.622927,0.20912,0.998914,0.357161,0.0678246
209,756.833,1,5.17686,0.555613,0.710526,40.3232,10.9776,50.3224,0.227308,0.227728,0.625434,0.20938,0.999,0.357789,0.0677891
210,759.431,1,5.28302,0.558464,0.689077,40.4866,10.8296,50.5565,0.227003,0.228218,0.67918,0.21077,0.999,0.353845,0.0690648
211,761.502,1,5.34186,0.572718,0.682544,40.3357,10.652,50.3098,0.223914,0.227647,0.661983,0.211388,0.998878,0.355208,0.0690025
212,759.292,1,5.32303,0.612813,0.688934,40.1771,10.9096,50.1386,0.223714,0.233124,0.645221,0.215422,0.998895,0.354233,0.068233
213,766.891,1,5.38329,0.619554,0.676668,40.6276,10.7504,50.66,0.224944,0.227221,0.64419,0.209967,0.998452,0.354938,0.0701041
214,767.457,1,5.32393,0.606325,0.680062,40.5442,10.5085,50.5668,0.222536,0.221468,0.676059,0.204651,0.998413,0.352624,0.0702673
215,766.87,1,5.27759,0.635991,0.688389,40.0732,11.0495,50.0236,0.227438,0.220231,0.658941,0.205312,0.998345,0.354818,0.0694527
216,763.008,1,5.16146,0.623115,0.711541,40.0162,11.1541,50.0305,0.228789,0.223024,0.689615,0.210146,0.998081,0.35708,0.0676941
217,763.745,1,5.22666,0.574525,0.695182,40.4623,10.6749,50.5152,0.229727,0.224003,0.672153,0.211281,0.998414,0.361158,0.0666145
218,760.897,1,5.31123,0.598376,0.677647,40.3053,10.4819,50.2481,0.233553,0.22527,0.660322,0.212811,0.99874,0.363852,0.0660542
219,755.648,1,5.21735,0.556236,0.697809,40.3192,10.1526,50.3402,0.227639,0.227721,0.643602,0.212844,0.999,0.359146,0.0671339
220,756.709,1,5.12485,0.584016,0.713664,40.4076,10.1609,50.4669,0.229453,0.221955,0.691127,0.207655,0.998965,0.360683,0.0659948
221,750.599,1,5.14688,0.57999,0.708646,40.4157,10.248,50.401,0.229458,0.220012,0.690511,0.206977,0.999,0.359465,0.0656509
222,745.412,1,5.20756,0.579178,0.699212,40.3972,10.5136,50.3962,0.22974,0.220776,0.673026,0.205836,0.999,0.357886,0.0659482
223,754.292,1,5.13005,0.60735,0.714387,40.7437,9.8046,50.7053,0.233448,0.224811,0.655985,0.211326,0.999,0.363577,0.0663232
224,753.616,1,5.19079,0.616775,0.703379,40.8095,10.2333,50.7445,0.232872,0.226657,0.639375,0.213824,0.999,0.365226,0.0654056
225,752.459,1,5.19243,0.567071,0.706979,40.85,10.5409,50.7073,0.231393,0.226168,0.654599,0.214147,0.998925,0.361398,0.0644122
226,752.427,1,5.14263,0.585467,0.71732,40.8095,10.5243,50.8144,0.22959,0.220442,0.708285,0.209027,0.998947,0.36072,0.0642547
227,753.352,1,5.13576,0.587023,0.714364,40.8511,9.77102,50.7881,0.229492,0.214975,0.709896,0.205832,0.998622,0.360641,0.0638364
228,746.704,1,5.11888,0.571309,0.719963,40.6295,10.2887,50.521,0.226735,0.214657,0.691921,0.204778,0.999,0.359816,0.0639828
229,745.802,1,5.18069,0.56612,0.706314,40.6826,9.97753,50.5988,0.228222,0.212958,0.674401,0.202852,0.998878,0.36056,0.0640155
230,744.301,1,5.04819,0.564593,0.731274,40.7157,9.85669,50.6507,0.224987,0.211667,0.657325,0.200936,0.998983,0.360264,0.0643283
231,749.078,1,5.12147,0.552549,0.716368,40.5877,10.204,50.4859,0.223895,0.213894,0.65418,0.20389,0.998949,0.359849,0.0649705
232,747.394,1,5.05806,0.557641,0.723422,40.9465,9.6869,50.8374,0.225975,0.220682,0.637616,0.210768,0.999,0.361988,0.0645497
233,762.664,1,5.01157,0.589872,0.731803,41.1603,9.25526,51.0392,0.224289,0.222431,0.638454,0.212444,0.998455,0.359475,0.0673564
234,758.846,1,5.22273,0.545528,0.695294,40.8703,9.76563,50.7079,0.225903,0.220014,0.648396,0.208633,0.998292,0.360551,0.0656509
235,759.57,1,5.18571,0.564283,0.699242,40.6748,9.63219,50.6214,0.226018,0.22098,0.706681,0.208295,0.998343,0.361864,0.0646725
236,754.624,1,5.13219,0.573492,0.708217,40.8903,9.67522,50.9258,0.22705,0.225906,0.688787,0.214125,0.998733,0.359614,0.0645316
237,755.171,1,5.05848,0.576105,0.723041,41.0066,9.56265,51.0649,0.221301,0.221967,0.671347,0.212112,0.998863,0.356684,0.0665237
238,752.321,1,5.10433,0.606993,0.713846,41.1018,9.79672,51.1597,0.22533,0.22443,0.654348,0.212454,0.999,0.359503,0.0656935
239,750.153,1,5.09673,0.598556,0.718622,40.6875,10.2054,50.6505,0.232839,0.218747,0.694458,0.207075,0.998932,0.362262,0.0640301
240,759.14,1,5.12304,0.545302,0.709862,41.1606,9.64815,51.2224,0.231567,0.219923,0.676874,0.209255,0.999,0.365797,0.0667797
241,751.058,1,4.9905,0.616026,0.743833,41.2222,9.84723,51.2555,0.235,0.225404,0.661353,0.21433,0.999,0.363744,0.0650888
242,752.522,1,5.12452,0.588186,0.716093,41.4022,9.46124,51.4935,0.231532,0.226294,0.644607,0.214287,0.998931,0.364338,0.0641093
243,743.324,1,5.08171,0.588429,0.72587,41.4057,9.76575,51.358,0.232623,0.225741,0.641291,0.212044,0.999,0.364238,0.0629189
244,747.165,1,5.05991,0.599249,0.733452,41.6619,9.7404,51.7203,0.228027,0.228842,0.636814,0.213598,0.998965,0.3599,0.0633731
245,745.834,1,5.15788,0.58235,0.715125,41.7019,9.98845,51.869,0.2262,0.225246,0.620689,0.21219,0.999,0.361282,0.06353
246,742.381,1,5.09015,0.593449,0.727638,41.671,10.0229,51.779,0.229177,0.227269,0.604973,0.212695,0.999,0.358256,0.063013
247,737.947,1,5.18371,0.569421,0.708067,41.6883,9.8877,51.7654,0.224043,0.232033,0.635407,0.217609,0.999,0.356973,0.0614631
248,742.17,1,5.17831,0.576936,0.709453,41.4848,9.79288,51.4571,0.228259,0.229739,0.666398,0.215412,0.998871,0.361866,0.0604517
249,756.635,1,5.17703,0.568651,0.707297,41.878,9.4573,51.8408,0.223027,0.233641,0.680907,0.219399,0.998655,0.355836,0.0652053
250,759.637,1,5.22471,0.563814,0.699595,42.2441,9.21949,52.1378,0.227399,0.23942,0.663666,0.223785,0.998827,0.358297,0.0662595
251,762.728,1,5.17593,0.568442,0.713165,42.0456,9.78576,51.8852,0.22672,0.240577,0.676408,0.225797,0.998794,0.358545,0.0667111
252,760.344,1,5.12106,0.571967,0.718183,41.7062,10.0885,51.4368,0.226843,0.237628,0.659281,0.226985,0.998665,0.355758,0.067006
253,762.585,1,5.12837,0.580451,0.719741,41.5269,10.0333,51.3013,0.22723,0.243884,0.642587,0.233534,0.998747,0.360674,0.0661727
254,760.764,1,4.99918,0.569124,0.747252,41.5674,9.91105,51.329,0.229521,0.246006,0.647916,0.234105,0.998842,0.363204,0.065101
255,766.39,1,5.02733,0.594454,0.734952,41.9914,9.47953,51.7596,0.230059,0.249076,0.63151,0.234757,0.998656,0.361921,0.0676798
256,771.858,1,5.07053,0.608057,0.730078,41.8771,9.97974,51.6229,0.233178,0.245486,0.634269,0.231501,0.998567,0.360677,0.0686384
257,772.891,1,5.17476,0.614391,0.705129,41.7416,9.60321,51.6165,0.227648,0.252475,0.618209,0.236522,0.998243,0.355416,0.0689964
258,773.757,1,5.32913,0.620515,0.677705,41.2492,10.0908,51.1389,0.227,0.249627,0.615345,0.233847,0.997948,0.353784,0.0691357
259,768.243,1,5.22954,0.573758,0.693281,41.4006,9.98169,51.2875,0.227454,0.243406,0.620636,0.227926,0.997371,0.35834,0.0673851
260,776.956,1,5.21091,0.527557,0.700079,41.3645,9.90611,51.2523,0.221694,0.242905,0.680358,0.225728,0.997463,0.358735,0.0681852
261,779.065,1,5.2969,0.544782,0.687358,41.3294,9.64844,51.312,0.225314,0.240861,0.663131,0.221459,0.997382,0.355837,0.0698342
262,781.232,1,5.11476,0.542502,0.710861,41.4307,9.5724,51.4211,0.224861,0.252348,0.696959,0.232246,0.997857,0.359456,0.0693361
263,773.859,1,5.03896,0.552428,0.731053,41.2168,9.6786,51.1205,0.22514,0.252995,0.679312,0.231592,0.998019,0.356147,0.068019
264,769.532,1,5.0839,0.576466,0.727008,41.1725,9.98945,50.9508,0.227846,0.24776,0.682638,0.226956,0.998007,0.361738,0.0662967
265,761.882,1,5.21418,0.54355,0.699753,41.0668,10.3754,50.644,0.224178,0.24313,0.665353,0.222161,0.998581,0.360697,0.0657033
266,759.183,1,5.24612,0.566139,0.694434,41.2292,10.0045,50.8929,0.223603,0.238664,0.648506,0.216536,0.998529,0.359061,0.0656077
267,773.908,1,5.22389,0.541158,0.697412,40.7586,10.2082,50.3186,0.225436,0.232684,0.681985,0.212852,0.997508,0.360014,0.0677049
268,765.318,1,5.12904,0.585649,0.718089,40.9061,9.89666,50.3206,0.225725,0.238303,0.664717,0.215277,0.997737,0.361737,0.0659906
269,759.305,1,5.17309,0.549604,0.712204,41.0399,9.8506,50.4217,0.224766,0.23819,0.647886,0.217763,0.998108,0.356165,0.0648774
270,755.346,1,5.07245,0.580122,0.727759,41.3103,10.0601,50.7864,0.228958,0.239453,0.631481,0.219727,0.999,0.362544,0.0657117
271,753.425,1,5.19907,0.613155,0.707751,40.8511,10.0051,50.31,0.230096,0.23339,0.615492,0.214163,0.998986,0.359065,0.066174
272,755.144,1,5.13402,0.581486,0.713015,40.7256,10.1371,50.2698,0.234018,0.233136,0.599907,0.213058,0.999,0.364391,0.0658509
273,755.805,1,5.21047,0.5878,0.701415,40.8204,10.055,50.3154,0.230804,0.234912,0.665243,0.217603,0.999,0.359131,0.0661963
274,758.184,1,5.20952,0.561432,0.699848,40.8952,10.1828,50.385,0.229368,0.232801,0.648399,0.215997,0.999,0.360938,0.0669145
275,760.08,1,5.31876,0.555849,0.686548,40.684,10.6545,50.2082,0.227885,0.231142,0.651143,0.214045,0.998949,0.358367,0.067752
276,757.7,1,5.14563,0.565476,0.714145,40.2391,10.803,49.5641,0.233782,0.233996,0.651806,0.217582,0.999,0.364536,0.0674132
277,765.191,1,5.04191,0.575822,0.732281,40.0715,10.8062,49.4325,0.2352,0.236314,0.671003,0.220207,0.998994,0.364569,0.067519
278,756.243,1,5.16822,0.600652,0.712829,40.1034,10.5239,49.3884,0.234278,0.235357,0.667853,0.217879,0.999,0.361932,0.0670171
279,764.789,1,5.21588,0.64231,0.700649,40.068,10.7546,49.2594,0.228346,0.23528,0.673326,0.216159,0.999,0.358712,0.0694361
280,754.175,1,5.31374,0.663577,0.682945,39.8517,10.5202,49.0288,0.22268,0.24196,0.656277,0.222349,0.999,0.354484,0.0676779
281,756.84,1,5.20652,0.637369,0.700923,40.0673,10.2494,49.2343,0.227698,0.241281,0.65813,0.221104,0.999,0.357839,0.0664012
282,751.308,1,5.16976,0.61326,0.706906,40.1881,10.2142,49.3494,0.228227,0.238126,0.641466,0.217155,0.999,0.361109,0.0663104
283,751.848,1,5.08134,0.584253,0.723015,40.2629,10.3097,49.5028,0.232682,0.235808,0.628611,0.214408,0.999,0.366532,0.0646314
284,750.579,1,5.09636,0.585597,0.723523,40.2142,10.2741,49.5774,0.230539,0.240769,0.628819,0.219097,0.999,0.362627,0.0650192
285,745.915,1,5.20639,0.609408,0.698239,40.2423,10.2172,49.5773,0.232168,0.238255,0.65727,0.216927,0.999,0.360317,0.0639934
286,755.773,1,5.13429,0.559031,0.713455,40.0597,10.2752,49.3786,0.230565,0.237852,0.670421,0.215188,0.998967,0.364277,0.0645072
287,757.95,1,5.16204,0.582337,0.711045,40.2692,10.3352,49.6582,0.228493,0.23183,0.653446,0.20974,0.998608,0.35771,0.067111
288,753.392,1,5.1525,0.599417,0.714996,40.3073,10.4682,49.7526,0.226693,0.22596,0.653849,0.204429,0.998717,0.358643,0.0654118
289,756.921,1,5.1631,0.570234,0.70868,40.3828,10.4429,49.7744,0.231369,0.230036,0.637293,0.207836,0.998988,0.357058,0.0676394
290,758.912,1,5.11701,0.582498,0.715397,39.9741,10.6473,49.302,0.230089,0.234776,0.639956,0.210897,0.999,0.355581,0.0695132
291,755.273,2,5.25447,0.61136,0.685373,40.0083,10.417,49.2932,0.231531,0.230289,0.674596,0.209382,0.998721,0.357525,0.0677531
292,766.813,2,5.15488,0.617736,0.70649,40.1678,10.4217,49.4272,0.23287,0.227063,0.674874,0.206743,0.998166,0.363326,0.0664052
293,766.734,2,5.15844,0.589063,0.704716,40.2762,10.1791,49.5352,0.234759,0.227439,0.697488,0.20745,0.998438,0.360509,0.0672362
294,762.514,2,5.12541,0.566869,0.709594,40.5485,10.0913,49.9422,0.23614,0.226483,0.705212,0.207923,0.998828,0.362383,0.0667029
295,764.895,2,5.2499,0.564938,0.689274,40.6938,10.1814,50.1504,0.234898,0.232424,0.706139,0.213864,0.998889,0.36434,0.0668866
296,762.067,2,5.26173,0.573842,0.68532,40.6591,10.2014,50.1768,0.230677,0.233222,0.688648,0.211702,0.998567,0.35919,0.0662118
297,771.297,2,5.22921,0.576252,0.70088,40.8778,10.1248,50.3664,0.229416,0.235767,0.705517,0.215105,0.998596,0.360023,0.0685729
298,766.311,2,5.22122,0.608032,0.700389,40.8439,10.3472,50.4005,0.234349,0.232934,0.712776,0.215217,0.998417,0.357896,0.066952
299,758.223,2,5.28553,0.610661,0.689121,40.7607,10.4926,50.3698,0.236979,0.230144,0.683392,0.21605,0.998725,0.358489,0.065847
300,761.806,2,5.25965,0.608566,0.696226,40.7478,10.9494,50.4517,0.232904,0.231661,0.688402,0.218519,0.998629,0.359675,0.0656927
301,775.95,2,5.14885,0.573676,0.718704,40.974,10.6611,50.801,0.232881,0.232981,0.710712,0.219878,0.99845,0.362277,0.0680997
302,769.146,2,5.13331,0.580668,0.722173,40.8992,10.5514,50.7239,0.229997,0.234439,0.686453,0.222277,0.998376,0.357809,0.0681388
303,761.736,2,5.093,0.58619,0.72783,40.743,10.5786,50.6035,0.230351,0.236206,0.68732,0.22283,0.997983,0.358175,0.0649129
304,772.218,2,5.11982,0.594223,0.725852,40.7271,10.9552,50.5763,0.228195,0.229471,0.698119,0.219248,0.997642,0.35596,0.0667876
305,774.04,2,5.13588,0.569389,0.721773,40.6952,11.089,50.5137,0.22799,0.226627,0.735748,0.219761,0.997732,0.356301,0.0675419
306,768.259,2,5.09793,0.569996,0.727209,40.7352,10.6764,50.5873,0.226919,0.226073,0.728854,0.219436,0.997955,0.35638,0.0672733
307,765.665,2,5.08129,0.566958,0.72929,40.6277,10.7866,50.3822,0.22895,0.223376,0.729059,0.218135,0.99825,0.357592,0.0670696
308,768.288,2,5.19843,0.563927,0.708191,40.587,10.9919,50.2868,0.229553,0.222535,0.711769,0.217496,0.998439,0.357626,0.0680476
309,768.619,2,5.20085,0.572925,0.704955,40.5115,11.1642,50.2251,0.230352,0.22171,0.704953,0.217216,0.998603,0.356641,0.0690379
310,763.086,2,5.18485,0.560371,0.707715,40.41,10.9486,50.1306,0.227339,0.22352,0.702421,0.219247,0.998658,0.356846,0.06826
311,761.881,2,5.21635,0.588353,0.699382,40.5263,10.7774,50.3934,0.231241,0.226673,0.68984,0.222902,0.998652,0.356983,0.067274
312,767.585,2,5.21036,0.601238,0.697507,40.6875,10.4975,50.5702,0.231217,0.229152,0.708244,0.224712,0.99872,0.358493,0.0673468
313,758.05,2,5.16104,0.591238,0.70786,40.7288,10.4438,50.6337,0.233279,0.229607,0.698605,0.22454,0.99891,0.361573,0.0665637
314,758.417,2,5.16594,0.57871,0.706732,40.7811,10.3993,50.7153,0.231203,0.229092,0.702615,0.224137,0.999,0.361153,0.0671867
315,767.893,2,5.16733,0.582185,0.707296,40.9177,10.2666,50.8546,0.229562,0.229554,0.697454,0.225337,0.999,0.361013,0.0677831
316,768.347,2,5.18359,0.578817,0.706254,40.9672,10.13,50.9178,0.228026,0.226557,0.689379,0.2229,0.998817,0.359511,0.0680838
317,765.308,2,5.14944,0.588568,0.712872,40.956,10.092,50.8425,0.228087,0.223579,0.690341,0.22054,0.998761,0.360214,0.0679354
318,760.653,2,5.13191,0.589549,0.715033,40.8806,10.0238,50.7843,0.228164,0.221357,0.69234,0.217817,0.998703,0.359995,0.067428
319,761.234,2,5.14325,0.598707,0.712808,40.8025,9.96921,50.706,0.226546,0.218753,0.681642,0.215616,0.998672,0.359773,0.0675202
320,764.975,2,5.15215,0.606492,0.710252,40.8605,9.77404,50.7506,0.22556,0.217502,0.674404,0.214274,0.99864,0.359658,0.0678687
321,754.327,2,5.16124,0.607003,0.708798,40.8919,9.74121,50.7931,0.224375,0.215536,0.663377,0.212258,0.998772,0.359048,0.0680749
322,758.603,2,5.15128,0.603936,0.710264,40.9176,9.73915,50.8371,0.224098,0.213569,0.659334,0.210482,0.998682,0.358287,0.0678813
323,757.908,2,5.15934,0.604212,0.709189,40.9949,9.77013,50.9419,0.225347,0.212159,0.654821,0.208918,0.998693,0.359049,0.067705
324,765.197,2,5.1655,0.599234,0.707574,41.0435,9.72845,51.0143,0.227524,0.21107,0.645043,0.207862,0.998657,0.359868,0.0679632
325,758.722,2,5.17587,0.593273,0.705449,41.0922,9.77874,51.0641,0.228105,0.209848,0.638773,0.206924,0.998746,0.359828,0.068336
326,752.545,2,5.18996,0.594082,0.702885,41.1714,9.84501,51.1539,0.227342,0.209351,0.637646,0.206478,0.99882,0.359417,0.0682733
327,761.342,2,5.18229,0.593522,0.705306,41.2248,9.81349,51.2256,0.227771,0.208726,0.632346,0.20564,0.998729,0.359656,0.0681329
328,761.073,2,5.16844,0.599114,0.707781,41.1923,9.8048,51.1955,0.228136,0.208136,0.630002,0.205188,0.998716,0.359748,0.0682207
329,754.637,2,5.15951,0.601401,0.709049,41.1336,9.78482,51.1096,0.228205,0.207996,0.62847,0.204837,0.998744,0.359705,0.0680992
330,752.085,2,5.14895,0.5982,0.710223,41.1091,9.77674,51.0719,0.228361,0.208505,0.632957,0.205465,0.998802,0.360207,0.0677482
331,759.821,2,5.15795,0.597312,0.708059,41.0944,9.78952,51.0367,0.228301,0.209455,0.630548,0.206463,0.998804,0.359766,0.0678716
332,767.87,2,5.17089,0.595039,0.705732,41.0714,9.82294,51.0064,0.227904,0.210484,0.628929,0.207367,0.99875,0.359378,0.0681176
333,764.878,2,5.16634,0.594641,0.706076,41.0375,9.87881,50.9766,0.228263,0.211532,0.632186,0.208639,0.998757,0.35928,0.0682132
334,760.453,2,5.16121,0.592808,0.707092,41.038,9.92145,50.9872,0.228224,0.212775,0.632396,0.210108,0.998777,0.35897,0.0682356
335,753.144,2,5.16416,0.595969,0.706444,41.0235,9.96823,50.968,0.228508,0.213448,0.631433,0.210742,0.998815,0.358879,0.0680878
336,755.218,2,5.1677,0.601019,0.705828,41.0149,9.99032,50.9463,0.228847,0.213935,0.634599,0.211532,0.998804,0.358986,0.0677503
337,753.577,2,5.17606,0.605478,0.704249,41.0158,9.99769,50.9424,0.229429,0.214257,0.635598,0.211834,0.998813,0.359067,0.0675242
338,759.929,2,5.17356,0.608745,0.704965,41.0136,10.0148,50.9368,0.230096,0.214172,0.634094,0.211924,0.998817,0.359255,0.0675402
339,758.734,2,5.17196,0.606893,0.70557,41.0241,10.0133,50.9516,0.230134,0.214475,0.631663,0.21212,0.998792,0.359151,0.0674724
340,756.869,2,5.16924,0.605044,0.706269,41.0274,10.0419,50.9511,0.229702,0.214944,0.631249,0.21237,0.998784,0.358832,0.06744
341,753.689,2,5.16371,0.604219,0.707455,41.0264,10.057,50.9512,0.229637,0.215503,0.628641,0.212821,0.998806,0.358661,0.0674418
342,754.814,2,5.16197,0.603461,0.70777,41.0332,10.0558,50.9587,0.229584,0.215682,0.628207,0.212975,0.99881,0.35868,0.0674226
343,758.144,2,5.16006,0.602737,0.708164,41.04,10.0483,50.9655,0.229492,0.21581,0.627471,0.21311,0.998813,0.358661,0.0674442
344,754.523,2,5.15876,0.602611,0.708534,41.0484,10.0495,50.9726,0.229436,0.215996,0.627067,0.213287,0.998816,0.358718,0.0674124
345,765.207,2,5.15617,0.601842,0.709077,41.0522,10.0599,50.9781,0.229361,0.216172,0.627412,0.213481,0.998816,0.358716,0.0674418
346,758.159,2,5.15441,0.601193,0.709402,41.0567,10.0635,50.9842,0.229347,0.216407,0.627618,0.213666,0.99882,0.358725,0.0674344
347,754.088,2,5.15299,0.600573,0.709708,41.0559,10.0655,50.9817,0.229277,0.216597,0.627289,0.213845,0.998827,0.358672,0.0674377
348,758.164,2,5.15083,0.599692,0.710153,41.0532,10.0729,50.9771,0.229338,0.216589,0.627333,0.213866,0.998833,0.35873,0.0674465
349,756.56,2,5.15037,0.599591,0.710438,41.0576,10.076,50.9812,0.22932,0.216622,0.626963,0.213885,0.998835,0.35867,0.0674625
350,760.584,2,5.14739,0.599284,0.711174,41.0625,10.0825,50.9868,0.229333,0.216559,0.627524,0.213869,0.998831,0.358657,0.0674577
351,764.107,2,5.14625,0.598877,0.711532,41.071,10.0854,50.9952,0.229353,0.21653,0.626691,0.213819,0.998824,0.358685,0.0674752
352,754.201,2,5.14222,0.598393,0.712275,41.0797,10.078,51.0061,0.229342,0.216476,0.626517,0.213789,0.998826,0.358752,0.0674522
353,756.142,2,5.13767,0.598369,0.713135,41.0872,10.0701,51.0159,0.229429,0.216477,0.626926,0.213798,0.998827,0.358802,0.067422
354,760.028,2,5.13725,0.59829,0.713252,41.0924,10.0692,51.0232,0.229429,0.216463,0.627607,0.213757,0.99883,0.358731,0.0674506
355,756.441,2,5.1363,0.598103,0.713475,41.0931,10.0746,51.0247,0.229402,0.21642,0.628753,0.21374,0.99883,0.358689,0.0674362
356,756.286,2,5.13402,0.597436,0.713923,41.0989,10.0697,51.032,0.229329,0.21637,0.62951,0.213659,0.998834,0.358585,0.0674586
357,753.272,2,5.13142,0.596705,0.714372,41.108,10.0667,51.0431,0.229338,0.216315,0.63053,0.213612,0.998837,0.35859,0.0674309
358,761.862,2,5.13191,0.595715,0.714287,41.115,10.0642,51.0518,0.229299,0.216256,0.630782,0.213552,0.998831,0.358527,0.0674445
359,764.98,2,5.13105,0.594806,0.714475,41.1214,10.068,51.0597,0.22924,0.216203,0.630923,0.213522,0.998826,0.358462,0.0674759
360,762.771,2,5.13206,0.594449,0.714337,41.1261,10.0727,51.0663,0.229209,0.216185,0.630888,0.213509,0.998824,0.358411,0.0675044
361,760.3,2,5.1319,0.594175,0.714457,41.1341,10.0798,51.0762,0.229215,0.216225,0.630171,0.213549,0.998823,0.358389,0.0675202
362,766.751,2,5.13043,0.594095,0.714872,41.1475,10.0848,51.0912,0.229352,0.216264,0.629771,0.213573,0.998822,0.358423,0.0675515
363,760.784,2,5.12994,0.594118,0.715114,41.1534,10.0872,51.0992,0.229363,0.216252,0.629454,0.213576,0.998824,0.358338,0.0675932
364,761.414,2,5.12961,0.593716,0.715329,41.1613,10.0857,51.1081,0.229439,0.216253,0.629124,0.213561,0.99882,0.358346,0.0675898
365,761.171,2,5.13028,0.593287,0.715311,41.1714,10.0859,51.1207,0.229452,0.21625,0.629261,0.213569,0.998821,0.358288,0.0676144
366,758.096,2,5.12992,0.592744,0.715481,41.1823,10.094,51.1332,0.229559,0.216259,0.62955,0.213568,0.998823,0.358307,0.0676069
367,759.19,2,5.13196,0.593038,0.71526,41.1887,10.1026,51.1404,0.229584,0.216268,0.629538,0.213534,0.998823,0.358268,0.0676182
368,763.271,2,5.1326,0.59312,0.715245,41.1932,10.1025,51.1443,0.229585,0.216269,0.629156,0.213495,0.998819,0.358191,0.0676446
369,752.137,2,5.13354,0.593067,0.715081,41.1969,10.1009,51.1464,0.229637,0.216293,0.628417,0.213479,0.998821,0.358194,0.0676341
370,759.163,2,5.13418,0.593115,0.714968,41.1984,10.1062,51.1468,0.229658,0.216284,0.628045,0.213507,0.998817,0.358189,0.0676248
371,761.679,2,5.13406,0.593271,0.715017,41.1973,10.112,51.1446,0.229694,0.216379,0.627354,0.213615,0.998814,0.358231,0.0676176
372,750.497,2,5.13586,0.593695,0.714684,41.1955,10.1102,51.1436,0.229747,0.216486,0.626789,0.213726,0.998817,0.358246,0.0675889
373,750.515,2,5.13776,0.593805,0.714374,41.2025,10.1084,51.1514,0.229717,0.216602,0.62677,0.213856,0.99882,0.358218,0.0675607
374,755.806,2,5.13844,0.593744,0.714284,41.2098,10.103,51.1601,0.229683,0.216689,0.626709,0.213968,0.998818,0.358224,0.0675328
375,751.544,2,5.13879,0.593788,0.714203,41.2156,10.0955,51.1667,0.229688,0.216814,0.626438,0.214101,0.998822,0.358244,0.0675097
376,752.013,2,5.13855,0.593875,0.714275,41.2211,10.0887,51.174,0.22967,0.216945,0.62584,0.214243,0.998824,0.358254,0.0674852
377,763.013,2,5.13884,0.594326,0.714202,41.2279,10.0816,51.1821,0.229634,0.217137,0.625499,0.214392,0.998823,0.358218,0.0675024
378,749.102,2,5.13793,0.594568,0.714399,41.2372,10.0747,51.1922,0.22955,0.21728,0.624861,0.214565,0.998825,0.358206,0.0674733
379,751.138,2,5.13547,0.594805,0.71486,41.2413,10.0696,51.1956,0.229519,0.217346,0.624417,0.214624,0.998827,0.358259,0.0674441
380,755.018,2,5.13316,0.595065,0.715262,41.245,10.0626,51.1993,0.229454,0.217403,0.623898,0.214671,0.998829,0.358277,0.0674433
381,759.438,2,5.13176,0.594986,0.715511,41.2483,10.057,51.2032,0.229386,0.217484,0.623497,0.214735,0.998827,0.358288,0.0674405
382,761.886,2,5.1302,0.595118,0.715823,41.2531,10.0532,51.2094,0.229354,0.217578,0.623073,0.214818,0.998827,0.358305,0.0674527
383,756.635,2,5.1294,0.594678,0.716043,41.2584,10.0483,51.2147,0.229322,0.217676,0.62286,0.214915,0.998832,0.35836,0.0674532
384,750.178,2,5.12804,0.59428,0.716351,41.2633,10.0439,51.2201,0.229261,0.217836,0.622427,0.21507,0.998837,0.358367,0.0674389
385,752.525,2,5.1281,0.593831,0.716346,41.272,10.0378,51.2301,0.229248,0.218044,0.621679,0.215268,0.998839,0.358382,0.0674168
386,754.359,2,5.12691,0.593013,0.716622,41.281,10.0359,51.2417,0.229214,0.218242,0.621047,0.21548,0.998843,0.358382,0.0674156
387,754.336,2,5.12569,0.592343,0.716822,41.2891,10.0322,51.251,0.22923,0.218465,0.620772,0.215691,0.998845,0.358439,0.0673833
388,762.824,2,5.12448,0.591914,0.717078,41.2973,10.0269,51.261,0.229253,0.218653,0.621114,0.215879,0.998845,0.358466,0.0673712
389,757.637,2,5.12407,0.591485,0.717174,41.3029,10.0209,51.2685,0.229278,0.218845,0.621278,0.216084,0.998849,0.358523,0.0673563
390,757.997,2,5.12448,0.591303,0.717118,41.3103,10.015,51.2771,0.229266,0.2191,0.620892,0.216326,0.998851,0.358554,0.0673405
391,747.17,2,5.12516,0.591257,0.717025,41.3204,10.0125,51.2906,0.229279,0.219359,0.620359,0.216592,0.998855,0.358589,0.0672996
392,749.908,2,5.12594,0.591515,0.716899,41.3273,10.0099,51.2995,0.229326,0.219604,0.61995,0.216854,0.998862,0.358606,0.0672788
393,753.229,2,5.12818,0.591403,0.716561,41.3366,10.0054,51.3114,0.2293,0.219808,0.619495,0.217038,0.998863,0.358564,0.0672662
394,756.609,2,5.12968,0.591414,0.71632,41.3458,10.0036,51.3229,0.229275,0.219988,0.61897,0.217238,0.99886,0.358558,0.0672429
395,759.816,2,5.13043,0.591604,0.716204,41.3549,10.0009,51.3341,0.2293,0.220165,0.618314,0.21741,0.998856,0.358548,0.0672269
396,757.229,2,5.13076,0.591594,0.716161,41.3644,9.99186,51.3453,0.229283,0.220364,0.618497,0.21761,0.998859,0.358552,0.0672165
397,765.352,2,5.13244,0.591617,0.715842,41.3721,9.9863,51.354,0.229287,0.220615,0.618555,0.217848,0.998861,0.358573,0.0672268
398,760.679,2,5.1328,0.591467,0.715773,41.3801,9.97996,51.3642,0.22929,0.220876,0.618631,0.218084,0.998863,0.358585,0.067217
399,754.528,2,5.13421,0.590992,0.715473,41.3884,9.97582,51.3749,0.229319,0.221137,0.618363,0.21833,0.998868,0.358597,0.0672071
400,752.773,2,5.13499,0.590608,0.715327,41.3937,9.97001,51.3817,0.229334,0.221353,0.61781,0.218559,0.998871,0.358611,0.0671909
401,754.302,2,5.13521,0.590433,0.715289,41.3958,9.96691,51.3839,0.229347,0.221563,0.6173,0.218767,0.998873,0.358615,0.0671762
402,760.836,2,5.13609,0.590565,0.715202,41.3957,9.96846,51.3842,0.229302,0.221737,0.617734,0.218953,0.998873,0.358591,0.0671665
403,757.789,2,5.13617,0.590589,0.715336,41.396,9.975,51.3857,0.229227,0.221915,0.617727,0.219122,0.998874,0.358582,0.0671611
404,761.874,2,5.13597,0.590893,0.715455,41.3965,9.98084,51.3865,0.229253,0.222078,0.617913,0.219284,0.998872,0.358607,0.0671449
405,760.756,2,5.13591,0.59109,0.71551,41.3957,9.98009,51.3857,0.229239,0.222205,0.618121,0.219438,0.998873,0.358617,0.0671393
406,760.187,2,5.13691,0.590736,0.715358,41.3951,9.97799,51.3855,0.229138,0.222349,0.6183,0.21962,0.998873,0.358592,0.0671389
407,767.605,2,5.13653,0.590597,0.715468,41.3951,9.98061,51.3847,0.229039,0.222543,0.618892,0.219826,0.998874,0.358581,0.0671526
408,758.029,2,5.13649,0.590757,0.715481,41.3958,9.97701,51.3855,0.229021,0.222719,0.618973,0.219994,0.998877,0.358568,0.0671527
409,751.502,2,5.13663,0.590494,0.715443,41.396,9.97313,51.3852,0.229017,0.222843,0.618996,0.220103,0.998879,0.358598,0.0671249
410,755.109,2,5.13713,0.590477,0.71538,41.3968,9.97074,51.3851,0.228996,0.222947,0.619387,0.22019,0.99888,0.358608,0.0671049
411,758.982,2,5.13832,0.590331,0.715199,41.396,9.97021,51.3838,0.228965,0.223038,0.619731,0.220275,0.998879,0.358618,0.0670914
412,762.715,2,5.1389,0.590485,0.715143,41.3964,9.96801,51.3837,0.228943,0.223138,0.619675,0.22037,0.998881,0.358592,0.0671114
413,755.508,2,5.1397,0.59026,0.714967,41.3963,9.96324,51.3829,0.228973,0.223256,0.61951,0.220461,0.998882,0.358619,0.0670962
414,752.959,2,5.14093,0.59025,0.714725,41.3963,9.96103,51.3834,0.228931,0.22336,0.619449,0.220566,0.998884,0.35858,0.0670909
415,756.203,2,5.14203,0.59038,0.714509,41.3972,9.9574,51.385,0.228922,0.223463,0.619823,0.22069,0.998887,0.358573,0.0670853
416,755.907,2,5.14167,0.590521,0.714565,41.3996,9.95586,51.3883,0.228928,0.223575,0.620297,0.220799,0.998891,0.358598,0.0670753
417,765.712,2,5.14126,0.590565,0.714678,41.4028,9.95738,51.3921,0.228917,0.223688,0.620593,0.220907,0.998893,0.358596,0.067095
418,762.728,2,5.14116,0.590625,0.714737,41.4105,9.95266,51.4007,0.228916,0.223785,0.620612,0.221019,0.998895,0.358599,0.067106
419,758.17,2,5.1397,0.590933,0.714983,41.4186,9.94617,51.4104,0.228933,0.223902,0.620703,0.221147,0.998897,0.358613,0.0671016
420,758.952,2,5.13937,0.591221,0.715021,41.4264,9.94326,51.4207,0.228979,0.224006,0.621011,0.221264,0.998899,0.358653,0.0670864
421,761.21,2,5.13893,0.59113,0.715103,41.4341,9.93787,51.43,0.22895,0.224072,0.621003,0.221324,0.998899,0.358662,0.0670935
422,760.89,2,5.13848,0.591186,0.715182,41.4405,9.93289,51.438,0.2289,0.224158,0.621124,0.221409,0.998901,0.35864,0.0671053
423,767.391,2,5.13748,0.591307,0.71535,41.4465,9.92598,51.4457,0.228901,0.224258,0.621396,0.221502,0.998901,0.35865,0.067117
424,765.715,2,5.13662,0.591299,0.715483,41.4538,9.92233,51.4551,0.228926,0.224363,0.621634,0.2216,0.998903,0.358685,0.0671254
425,777.771,2,5.13604,0.591579,0.71559,41.4595,9.92015,51.4624,0.22896,0.224465,0.62181,0.221711,0.9989,0.358693,0.0671513
426,766.428,2,5.13626,0.591687,0.715592,41.4649,9.91791,51.4688,0.228926,0.224549,0.621699,0.221814,0.9989,0.35865,0.0671765
427,766.25,2,5.13623,0.592038,0.715598,41.468,9.91259,51.4727,0.228912,0.224652,0.62151,0.221907,0.998901,0.358603,0.0672042
428,767.719,2,5.13615,0.592261,0.715599,41.4744,9.90492,51.4809,0.228904,0.224782,0.621765,0.222032,0.998901,0.358593,0.0672138
429,772.316,2,5.13633,0.592224,0.715548,41.4823,9.89653,51.4908,0.228912,0.224914,0.621649,0.222138,0.9989,0.358597,0.0672356
430,760.947,2,5.13632,0.592176,0.71549,41.4907,9.88972,51.501,0.22895,0.225007,0.621408,0.22224,0.998902,0.358624,0.06724
431,769.214,2,5.1373,0.592119,0.715232,41.4983,9.88267,51.5103,0.228935,0.22511,0.621406,0.222336,0.998902,0.358589,0.0672671
432,760.071,2,5.13717,0.592166,0.715203,41.5076,9.87775,51.5221,0.228978,0.225266,0.62129,0.222487,0.998904,0.35862,0.0672592
433,752.386,2,5.137,0.592276,0.715209,41.516,9.87093,51.5328,0.228984,0.225395,0.621094,0.222628,0.998907,0.358631,0.0672485
434,753.195,2,5.13641,0.592324,0.715337,41.5242,9.86676,51.5424,0.229004,0.225497,0.620882,0.222733,0.99891,0.358645,0.067239
435,758.423,2,5.13599,0.592329,0.715406,41.5295,9.86577,51.5484,0.229014,0.225569,0.620705,0.222796,0.998911,0.358657,0.0672363
436,760.485,2,5.13574,0.592256,0.715476,41.534,9.86308,51.5537,0.229041,0.225675,0.620485,0.222908,0.998912,0.358674,0.0672338
437,769.242,2,5.1362,0.592176,0.715436,41.5401,9.86118,51.5611,0.229032,0.225725,0.620347,0.222954,0.998911,0.358658,0.0672602
438,764.842,2,5.13576,0.592194,0.715497,41.546,9.85806,51.5687,0.22907,0.22576,0.620119,0.22298,0.998912,0.358681,0.0672721
439,760.13,2,5.13619,0.592269,0.71542,41.5528,9.85704,51.5777,0.229084,0.225779,0.619837,0.223016,0.998912,0.358648,0.0672868
440,762.049,2,5.1366,0.592204,0.715371,41.5595,9.85739,51.5851,0.229121,0.225809,0.6197,0.223051,0.998912,0.358644,0.0672937
441,758.943,2,5.13723,0.592054,0.715267,41.5681,9.85464,51.5959,0.229107,0.225888,0.619495,0.223128,0.998916,0.358637,0.0673088
442,765.754,2,5.13719,0.592037,0.715322,41.5746,9.8535,51.6044,0.229125,0.225996,0.619551,0.223249,0.998918,0.358618,0.0673258
443,765.545,2,5.13594,0.591835,0.715551,41.5808,9.85056,51.6114,0.229106,0.226102,0.619654,0.223364,0.99892,0.358595,0.0673475
444,773.735,2,5.13577,0.591578,0.715579,41.5862,9.84756,51.6178,0.229107,0.226222,0.619732,0.223462,0.998921,0.358564,0.0673821
445,771.814,2,5.13616,0.591342,0.715523,41.5922,9.8464,51.625,0.229139,0.226339,0.619425,0.22358,0.998921,0.358544,0.0674058
446,774.121,2,5.13629,0.591397,0.715516,41.5971,9.84523,51.631,0.229146,0.226531,0.619497,0.223761,0.99892,0.358543,0.0674187
447,765.167,2,5.13621,0.59149,0.715497,41.6025,9.84417,51.6375,0.229152,0.226782,0.619547,0.224008,0.998923,0.358529,0.0674265
448,768.468,2,5.13605,0.591233,0.715558,41.6071,9.84312,51.6431,0.229124,0.22703,0.619658,0.224257,0.998926,0.358503,0.0674442
449,770.132,2,5.13574,0.590924,0.715637,41.6112,9.8417,51.6489,0.229082,0.227262,0.619748,0.224488,0.998927,0.358453,0.0674633
450,763.429,2,5.13474,0.590706,0.715819,41.6146,9.84168,51.6521,0.229098,0.227501,0.619802,0.224738,0.998928,0.358472,0.067454
451,765.881,2,5.13464,0.590424,0.715845,41.6162,9.84483,51.6552,0.22908,0.227673,0.620168,0.224902,0.998931,0.358463,0.0674624
452,767.356,2,5.13514,0.590095,0.715749,41.619,9.84481,51.6592,0.229121,0.22785,0.620236,0.22508,0.998933,0.358495,0.0674633
453,771.819,2,5.13567,0.589982,0.715643,41.6227,9.84462,51.6631,0.229152,0.22801,0.620126,0.225246,0.998932,0.358488,0.0674738
454,765.675,2,5.13591,0.589744,0.715588,41.6273,9.84437,51.6692,0.229164,0.228114,0.620091,0.22535,0.998933,0.358465,0.0674896
455,766.149,2,5.13626,0.589514,0.715522,41.6329,9.84365,51.6763,0.229181,0.228208,0.619781,0.225444,0.998932,0.35844,0.0675013
456,773.65,2,5.13737,0.589417,0.715337,41.6402,9.83935,51.6854,0.229176,0.228315,0.619414,0.225556,0.998932,0.358399,0.0675336
457,764.979,2,5.13761,0.589362,0.715299,41.646,9.83755,51.6924,0.229201,0.228385,0.619168,0.22562,0.998931,0.358402,0.0675399
458,762.144,2,5.13815,0.58922,0.715207,41.6535,9.83257,51.7019,0.229194,0.228498,0.619009,0.225721,0.998934,0.35839,0.0675514
459,761.276,2,5.13853,0.589443,0.715137,41.6604,9.83042,51.7103,0.229223,0.228607,0.618744,0.225844,0.998936,0.358386,0.0675582
460,759.127,2,5.13877,0.589494,0.715075,41.6676,9.82766,51.7192,0.2292,0.228748,0.618658,0.225981,0.998937,0.35836,0.0675578
461,758.212,2,5.13829,0.589546,0.715146,41.6749,9.82427,51.7292,0.2292,0.228891,0.618649,0.226124,0.998937,0.358349,0.0675463
462,760.621,2,5.13899,0.589604,0.715042,41.6794,9.82561,51.7357,0.229194,0.229161,0.61889,0.226383,0.998939,0.358319,0.0675373
463,763.256,2,5.14018,0.589485,0.714829,41.6831,9.82367,51.7406,0.229196,0.229421,0.619055,0.226642,0.998942,0.358317,0.0675339
464,767.503,2,5.1415,0.589333,0.714606,41.6859,9.82364,51.7441,0.229205,0.229663,0.61916,0.226881,0.998943,0.358311,0.0675329
465,767.56,2,5.14235,0.589282,0.714457,41.691,9.81992,51.7502,0.229193,0.229865,0.619024,0.227091,0.998943,0.358291,0.0675373
466,760.604,2,5.14309,0.589254,0.714314,41.6956,9.81648,51.7552,0.229199,0.230043,0.618877,0.227272,0.998944,0.358289,0.0675308
467,754.322,2,5.14371,0.589303,0.71419,41.7002,9.81356,51.7606,0.229196,0.230254,0.618644,0.227486,0.998947,0.358269,0.0675207
468,765.454,2,5.14376,0.589438,0.714178,41.7039,9.81024,51.7657,0.229199,0.230466,0.618323,0.227707,0.998947,0.358281,0.0675165
469,760.759,2,5.14389,0.589589,0.714143,41.7075,9.80929,51.7703,0.229231,0.230659,0.618077,0.227897,0.998951,0.358308,0.0675194
470,771.799,2,5.14339,0.58946,0.714249,41.7104,9.80861,51.7745,0.229249,0.230858,0.618009,0.228104,0.998952,0.358332,0.0675275
471,773.107,2,5.14293,0.589341,0.714337,41.7138,9.80771,51.7778,0.22926,0.231048,0.617766,0.228286,0.998954,0.358346,0.0675458
472,760.663,2,5.14331,0.589067,0.714242,41.7157,9.80488,51.7799,0.229255,0.231202,0.617562,0.228446,0.998957,0.358362,0.0675482
473,760.44,2,5.14272,0.589077,0.714317,41.7192,9.80132,51.784,0.229272,0.231342,0.617292,0.228579,0.998959,0.358371,0.0675482
474,766.37,2,5.14238,0.58894,0.714363,41.7225,9.79888,51.7883,0.229285,0.23148,0.617349,0.228728,0.99896,0.358404,0.0675448
475,753.947,2,5.14283,0.588972,0.714268,41.7274,9.79674,51.7939,0.229278,0.231547,0.617318,0.228782,0.998962,0.358396,0.0675396
476,751.511,2,5.14324,0.588977,0.7142,41.7318,9.79485,51.7989,0.229272,0.231606,0.61732,0.228832,0.998963,0.358392,0.0675288
477,752.474,2,5.14287,0.588983,0.714293,41.7348,9.79529,51.8034,0.229303,0.231664,0.617151,0.228894,0.998964,0.358413,0.0675116
478,759.084,2,5.14337,0.589146,0.71425,41.7373,9.79707,51.8065,0.229314,0.231724,0.616924,0.228956,0.998965,0.358406,0.0675131
479,761.984,2,5.14407,0.589204,0.714161,41.7405,9.79779,51.8104,0.229317,0.23179,0.616774,0.229022,0.998965,0.358397,0.0675162
480,762.884,2,5.14423,0.589209,0.71416,41.7443,9.79894,51.815,0.229307,0.231838,0.616882,0.229062,0.998964,0.358401,0.0675112
481,758.042,2,5.14443,0.589431,0.71417,41.7473,9.79931,51.8187,0.229305,0.231849,0.617087,0.229074,0.998963,0.358409,0.0674959
482,750.453,2,5.14485,0.589489,0.714138,41.7498,9.80053,51.8222,0.229262,0.231885,0.616894,0.229103,0.998964,0.358388,0.0674889
483,754.236,2,5.14455,0.589628,0.71422,41.7523,9.79956,51.8257,0.229283,0.231906,0.616792,0.229125,0.998965,0.358399,0.0674797
484,763.565,2,5.1444,0.58969,0.714262,41.7544,9.79783,51.8282,0.229317,0.231926,0.616455,0.229141,0.998965,0.358418,0.0674874
485,764.467,2,5.14367,0.589614,0.714399,41.7552,9.79953,51.8301,0.229324,0.231926,0.616307,0.229137,0.998964,0.358439,0.0674897
486,754.3,2,5.14376,0.589606,0.714396,41.7553,9.79838,51.8305,0.229306,0.231919,0.616142,0.229121,0.998964,0.358434,0.0674832
487,751.13,2,5.14396,0.589639,0.714365,41.7554,9.79707,51.8306,0.229295,0.231905,0.615856,0.229106,0.998963,0.358415,0.0674732
488,750.306,2,5.14364,0.589522,0.714409,41.7565,9.79423,51.8311,0.229314,0.231892,0.615547,0.22909,0.998963,0.358427,0.0674582
489,753.234,2,5.14402,0.589489,0.714324,41.7573,9.79239,51.8316,0.229334,0.231892,0.615383,0.229083,0.998963,0.358432,0.0674457
490,759.556,2,5.14527,0.589588,0.714085,41.759,9.7907,51.8334,0.229353,0.231894,0.615309,0.22908,0.998963,0.358433,0.0674493
491,759.684,2,5.1456,0.589854,0.714018,41.7607,9.78924,51.8356,0.22942,0.231891,0.61519,0.229077,0.998964,0.358473,0.0674439
492,759.359,2,5.14617,0.590186,0.713919,41.7618,9.7885,51.8375,0.229425,0.231915,0.614923,0.229096,0.998964,0.358462,0.0674496
