rep,id,eta_Cl,eta_V1,eta_Q,eta_V2
1,1,-1.87166958536613,-1.54547204889354,2.18301377374167,-0.276530554041119
2,1,-1.72053898340933,0.172693352556684,-0.947039754000771,-1.8737496631651
3,1,-2.00076010063011,-0.273997935741277,-2.11646399222822,2.23779902325643
4,1,-1.8601843925495,0.0131062047787944,0.621491728624797,0.747936237945512
5,1,-1.89112389340458,0.112026853133921,-0.761788810147698,-0.280641500443594
6,1,-2.09524735833291,-1.68778890689159,1.46657847983225,1.21151762572783
7,1,-1.92628614785008,-0.0463721536558366,0.26883667726766,-1.36185435412305
8,1,-1.8261173869502,-0.570814275949396,0.0666989307775998,-0.475250476052444
9,1,-1.86849729589227,0.366013988698281,0.272305027118104,-1.13147093104905
10,1,-2.04622623159399,0.150252106723013,-1.08068510042893,-0.541032785189022
1,2,-0.88874931869338,-0.14165875139279,-0.884410362628009,-0.628719260119833
2,2,-1.86409956231968,-0.0977285515997945,0.160000647783109,2.92829539383779
3,2,-0.826723236834898,0.460346852126926,0.371415765840394,-0.521508737652639
4,2,-0.88229434235132,0.251567651582065,0.414920246006288,-1.19066893004915
5,2,-0.853655380582394,0.509943915551214,0.783499938181966,-2.71064154254722
6,2,-0.807359032077367,0.312735563868797,0.159981235748928,0.623216016848478
7,2,-0.731835871919025,0.283934606340533,-0.143002713367847,-0.383691135058941
8,2,-0.848402513453406,-0.409530277021367,1.22463049778798,-0.266120736256159
9,2,-0.848485521256639,-0.719675134952803,2.43305298365571,-0.00578380993126737
10,2,-0.887782803809352,0.669775228837337,-0.922839555531369,1.40052562343372
1,3,-0.817906912129197,0.054293101867298,0.493358187016868,-0.0191119628761914
2,3,-0.829372447101562,0.32275800823747,-0.00207525629764707,1.08242885471438
3,3,-0.998123226466085,0.328768345092302,-0.225841140029058,1.00491361299926
4,3,-0.869678519760512,-3.17492067157659,2.64040145520065,1.51852658757576
5,3,-0.972738020246753,0.31658119080808,-0.294515993496502,1.42344140880545
6,3,-0.875082110364255,0.76691571610601,-2.0784270816765,-1.26093676619068
7,3,-0.81358565729602,-0.372042397658331,0.855470461479143,0.769742638338301
8,3,-0.95333238197892,0.664201489265954,0.00949885696285041,1.21421377132724
9,3,-0.845201966545319,-1.41692461052508,1.60020787031854,0.657099316406916
10,3,-1.60035787055757,0.54390386341813,0.383619493624997,2.50626472688629
1,4,-1.21408998149539,0.0854035792405529,-2.68658298163826,1.0138998904058
2,4,-1.21903255747172,-0.255500640502741,0.302948504652342,-0.617485496418256
3,4,-1.06822134291064,-0.391023713112457,0.532034514395641,-0.137908816583272
4,4,-0.965652489428521,-0.866829089679577,1.96485896964291,-0.0392169060285885
5,4,-1.49652943643889,0.26005675632149,1.3367204858641,2.12747073609724
6,4,-1.15348556039543,-1.16082905865541,0.80417071012424,-0.762463560160117
7,4,-1.09526156649612,-0.650565644687146,2.38909169067261,-0.69117626400826
8,4,-1.15836605053992,0.021118926292391,-2.76931635090141,-1.07391151332632
9,4,-1.22260378839934,0.204384281649498,-1.42836327282052,-1.25456289874642
10,4,-1.04884884418084,-1.40720458503619,2.72856750223968,-0.146136544994263
1,5,-1.18376321826849,0.173897942515783,0.117719271239859,-0.411762407859623
2,5,-1.30608093947233,0.523658291840215,-0.784581570122377,0.65194518030251
3,5,-1.01898053892475,0.343736105431443,1.30634079125901,0.55423688742378
4,5,-1.34785191541069,0.341211440463957,-0.00253052280254495,-2.65838524785725
5,5,-1.23345943225898,0.588416564533005,-0.797369294474403,-0.964049250648847
6,5,-1.21102836593268,0.288779937916999,0.844433028246739,1.31357697527164
7,5,-1.37105022418903,-0.79191922159233,0.723513147320912,0.0918328715701986
8,5,-1.13352658939996,0.903737699726288,-1.89368952644617,0.126835125413004
9,5,-1.33887192150599,0.124625438736462,2.15451672982124,-1.14844731455769
10,5,-1.11646340424965,0.299450969759817,1.30695908995465,-0.697687540554679
1,6,-1.14442042028986,-0.161554889776966,-0.287990579176894,0.855651002939964
2,6,-1.05443245786141,1.12194333603743,-0.764042426246427,-0.00213012495508713
3,6,-0.771496000625442,0.512767593915448,1.16738944787283,0.617778098895177
4,6,-1.03551413585076,1.06337333568464,-2.213923718913,3.67453769695679
5,6,-0.772926496932308,-2.97620455775457,3.56295204291208,1.66434809367332
6,6,-1.16837976416524,0.393609787166394,0.411663144982361,1.02791167262729
7,6,-0.976023357928516,0.571041345246856,0.0737174521122135,0.768513480795296
8,6,-0.877387700024821,0.804853300704337,0.976919777037154,0.826510636584757
9,6,-1.09774665280342,0.747680760581008,1.23218103816334,0.399067866164828
10,6,-1.05310465404715,-0.135777776727118,0.530632465991792,0.294307988159253
1,7,-1.04393631657147,0.404241438875974,-2.52950975841509,-0.552770874081318
2,7,-1.37816647220659,-0.196071819252134,-1.21432729952905,2.22168909623624
3,7,-1.06317780841961,-0.0129901427596598,-0.855307520949344,-0.995770193899925
4,7,-0.936121673211742,0.374728265556723,-1.66295968763872,-1.39524593001296
5,7,-1.04729789863165,0.0319280068128255,-1.09249395253778,-0.0746544573008574
6,7,-1.18623463500946,-1.05540527897171,1.67220271338622,-0.966414218181437
7,7,-1.08179647776222,-0.135759719320866,0.132252840035272,-1.85914378624127
8,7,-1.23117452707232,-0.300467526306668,-1.72969708885701,-0.429485080654418
9,7,-1.14312739331542,-0.462978996999773,-0.976262614279285,-1.38732722083616
10,7,-1.29667871117001,0.212127539494517,-1.16462723796517,3.40764442787439
1,8,-0.755923891948534,-0.836311495613549,1.17159060359747,0.413537943799213
2,8,-0.934033152899141,0.411935625718885,-0.833675441518929,0.745357124053497
3,8,-0.821373598466964,0.138649271426458,0.0480428878809772,-0.015268774710775
4,8,-0.795419668190057,0.0312171653887537,-0.481905381688298,-0.233389958777201
5,8,-0.994358703980601,-0.454682895607169,0.136758159675701,-0.276584562312278
6,8,-0.876097353433345,0.00058988594576459,-0.0355800155284287,0.473718633316157
7,8,-1.59739362110739,0.757519431197933,0.687571088915632,2.17554916719352
8,8,-0.927358779292107,-1.21136206337592,0.728060127399796,0.415521265736929
9,8,-0.810020313370102,0.143199934768871,-0.178881594500021,-0.398602119879828
10,8,-1.21878891719899,-0.563331693310285,2.20950422245187,-0.178666968299232
1,9,-1.27322470215127,0.0780251137423285,-0.960484558715608,-0.769010501909434
2,9,-1.15936413951408,0.317551302651174,-0.635078318578371,-0.286614183363531
3,9,-1.30242792273698,0.154661784729512,0.517780728013168,0.719468980622729
4,9,-1.11493390620315,-0.980727817725082,2.90884287947599,0.468137302797674
5,9,-1.16813447137826,0.728925625184435,-0.159915092142067,-1.71910449783392
6,9,-1.11000522927921,0.750958516990369,-1.03759948078414,-1.9943674490132
7,9,-1.92304908675709,-0.0797153032167728,-0.0366768699081218,2.37425767570613
8,9,-1.49627354370429,-0.110676661622732,0.28403161671098,1.76922917586517
9,9,-1.11787132943969,-0.424771418334601,1.79292415083467,-0.0462637755076277
10,9,-1.24903791630497,0.261106614259661,-2.05883278246835,-1.73454065446496
1,10,-2.28888800412243,-1.37002142763597,-1.00028626758753,1.5293673702908
2,10,-1.71028755829764,-1.8251359511048,0.290058649347614,-0.644686775098892
3,10,-1.52634273637271,-1.97117779896909,1.20074583152588,-0.481673805412936
4,10,-1.4735667041128,-0.149248634766703,0.950761159391369,-1.57578387225435
5,10,-1.45345814992939,0.0703656282832346,0.734309445994243,-1.0660745553086
6,10,-1.80781664122951,-0.463358077224211,-0.450271783094166,0.597652732297486
7,10,-1.65960425757673,-0.263669716108044,0.102076700095124,-1.53443154930508
8,10,-1.97168552459276,0.0317334674050963,-0.109672931911724,1.56930697231267
9,10,-1.48222794823167,0.145724535503955,-0.169183376997731,-0.51961416090688
10,10,-1.54412490550707,-1.62547855292126,1.23645965001802,-0.386372875887887
1,11,-0.954955597307324,0.165567458718721,1.79933548330882,-0.228844249964554
2,11,-0.881029939182946,-1.9104963945342,1.50351780639082,0.356686720191974
3,11,-1.00300571325696,-0.862047283826132,2.34408142026543,-0.33625036956329
4,11,-0.828125888989276,0.24306052558566,-0.608957534710741,-0.0154540475774356
5,11,-0.998522597795735,0.551595627353765,2.82064126702697,-2.24224703605608
6,11,-1.1635293634077,-0.535532585440216,-0.00741531737676637,1.33828535517105
7,11,-0.925180986927473,0.829229640543814,-2.05782961406974,-1.26115393400513
8,11,-1.1573110783483,0.147126625666628,-1.69204167142206,1.46503607672044
9,11,-1.02080083373798,0.0579681863114507,-0.309651848181188,-0.709858792674791
10,11,-0.858548223644012,0.820118872214411,-1.23489650701952,-1.66823801238019
1,12,-1.25442200386753,0.533426535570972,1.22537028699221,1.24882054321101
2,12,-1.30384849463942,-0.243853212381179,-0.664448610978345,-0.405001737325662
3,12,-1.06841415904134,0.758966751876144,-0.211585686565766,-1.88970688824848
4,12,-1.06361021159996,0.383667564755846,0.299421754556788,-0.390743641441213
5,12,-1.21493976470755,0.102837747935082,0.608190799651632,-0.709658432057125
6,12,-1.21391925577823,-0.0596423486971158,0.162395078002963,1.20668203078522
7,12,-1.10367822446339,-0.709165974144716,3.11437112495009,-0.104163912899463
8,12,-1.08465151911907,0.0928593239837917,1.46752868683515,1.06223040177732
9,12,-1.37503782791899,-0.274563070749266,0.211172103841787,0.202152907335254
10,12,-0.968884651897756,0.220404691579422,1.60424294341192,0.942855177076895
1,13,-1.04075267349571,-0.225774098699227,1.18807221624808,0.388809823501197
2,13,-1.41141009256211,-0.154806214355383,-0.290536366426049,1.53784102577564
3,13,-1.26151283309017,0.461349667508015,1.1758558144623,-2.55837987042798
4,13,-0.886624279029068,0.772209236426744,-0.775890432928241,-2.99090585843844
5,13,-0.995596321404694,0.478412752951235,-0.24715372088535,0.899501047728834
6,13,-1.18600209269265,0.519659198339084,-0.176853569625285,0.771350709716156
7,13,-1.20957405206757,0.458566460430599,0.682093927694502,1.35892762808292
8,13,-1.07500865062642,0.16389026017603,-0.851716646010444,-2.16594521428792
9,13,-1.13225597185597,0.270626543279264,-0.333542886650555,-0.474318981788533
10,13,-1.00181825094319,0.265956185580376,0.692709351105108,-0.650632070565335
1,14,-0.869152246842115,0.672475525656347,-1.6535892223782,-0.403111470584408
2,14,-1.10336530990651,-0.34854158754036,3.60721727818613,-1.04099852531681
3,14,-0.868450012645985,0.0816959484220819,1.93531909361423,-2.2015804930446
4,14,-1.16061167960866,-0.180166549085526,0.809197677211655,-1.91142219045781
5,14,-0.965489470580578,-0.139920778830103,-0.321866755832332,-1.17959464485744
6,14,-1.15961751269967,0.270897923931956,-0.372169945819783,1.62231574050125
7,14,-1.27284881584222,0.301045519772492,-0.622962468181825,3.32671916705073
8,14,-0.968997182032797,0.227224402703282,-1.36490893098756,-1.70037764574627
9,14,-0.792159178427297,0.434791777809914,0.460938138983344,0.216529236358234
10,14,-1.00963367109993,-0.423754371781236,1.97043142072403,-0.787890969692973
