rep,id,Cl,V1,Q,V2
1,1,5.57298802587548,30.7956488445577,19.1087573361615,27.2856550952623
2,1,5.48633810635262,34.047565772332,14.1581711287107,31.5540366842927
3,1,5.36259365631661,24.7732865300839,19.5466729688956,20.5828810597483
4,1,5.15740633670911,31.6737495305109,11.3444563998033,29.7883864664595
5,1,5.27721027032271,29.6792265468919,11.1323007599911,26.6532628971355
6,1,5.48227691958864,29.8953916879995,12.4581216704191,26.8229501498508
7,1,5.55592294749087,27.2578551836613,11.1758933166769,24.9094419787723
8,1,5.59892553521049,30.6059932463349,12.0795954257034,27.2721209594199
9,1,5.51527596703596,28.2622039570417,22.6565212924445,24.9757897991833
10,1,5.29525486281536,36.2306264108315,12.5728749254817,34.6329005473003
1,2,13.2163315416884,49.2444108511173,11.1874114719486,48.4759184788614
2,2,12.9082699287758,44.7572256171012,19.7047001514831,43.6398892060187
3,2,12.9208796774055,48.9611471129842,8.61634443771447,48.6958400370541
4,2,13.5138764301113,42.8510316591921,12.9490026355553,40.7252107658667
5,2,13.1942009772285,47.89495996966,10.986120975062,45.9264077806001
6,2,13.3017020154362,43.9579172233854,17.8822613491322,41.6315276059158
7,2,13.0683617906501,52.8386286533872,7.8210113643649,52.6340567581424
8,2,13.3055880266173,42.1352940198468,19.78739349688,42.7444927064676
9,2,12.801422449659,40.8257543662103,11.9992949154557,38.4018089550041
10,2,13.4046616591238,42.7658671194355,16.0688716959412,41.0702637613829
1,3,12.1703245322981,42.9130620639964,17.7521073695072,40.8632661820904
2,3,12.3856264716803,50.7856849202559,11.2878791487055,51.6065525066902
3,3,12.6431258705237,48.4552719892381,11.3374426271692,48.3524787085865
4,3,12.5043979080461,47.7544033093929,12.9529024806706,46.740365701034
5,3,12.2501768049709,44.7503739283299,11.9231206827228,44.1107475208145
6,3,12.5223741988062,56.1560587162964,10.2934171884282,56.7548715890573
7,3,12.0994296893304,49.5537796336511,8.08939608307891,50.7010652237033
8,3,12.5523195647242,41.5337627079087,22.8341591384843,40.3397596816555
9,3,12.5438679363534,43.6341681799044,13.9925050595224,41.4553181560965
10,3,12.663513325935,55.1319233349348,11.0347453810989,56.6015287411065
1,4,10.6709310067083,32.7573308232207,16.7742145577398,30.007687291627
2,4,9.88953303194213,31.9753763226247,11.5185544452492,28.9077112081723
3,4,9.91678157908181,34.8677528072209,9.39313532952482,32.6036852223229
4,4,10.2901812489996,41.5211478437663,7.91628780866364,40.5761973913493
5,4,10.4238783901408,28.8924117084825,24.5406199208688,24.9831638594794
6,4,10.166290683907,27.7340230985979,22.8002688661075,24.8949486941975
7,4,10.3048221444296,28.2158621604512,15.1089977119202,24.4990556317213
8,4,10.1179243956827,27.6846939613769,36.7122521401302,25.2198464542272
9,4,10.496827009993,29.3519220593988,21.6636935852668,26.4183892384489
10,4,10.2814092477443,30.064796198415,25.0652336507643,27.3128054544715
1,5,8.9832778641783,46.647223785267,16.8690765616883,44.5576140570539
2,5,8.78302180735841,45.5017070630518,19.1916300129459,43.991915324254
3,5,9.53216015779747,50.9512610181935,12.4272450639928,51.4233331702919
4,5,9.36728298234941,49.4464679780985,31.97715304993,48.1585640481894
5,5,9.21021856982015,44.9461156987188,20.6913940706059,44.4586810477725
6,5,9.44367243188027,46.4695568057376,13.9079820004175,44.9979279419655
7,5,9.12207531573658,47.7227745952046,11.1420294110946,47.8681818441784
8,5,9.0217191397838,44.8918061071566,12.6080136406522,43.4585013256553
9,5,9.28170544554395,42.0264638866918,19.1166310982364,40.4434663563381
10,5,8.55200264462364,41.6365977895695,14.6487384334911,40.8291186357289
1,6,11.4557109783987,79.1059447325574,13.9484465914499,84.8304568768358
2,6,12.2604425990824,59.1552408596145,43.1525583509151,60.6129782688038
3,6,11.6230964070109,71.1936534779364,18.7005885542796,76.6243826496075
4,6,11.9997423261196,68.2160764761572,23.419947774555,70.4341642922138
5,6,11.6288610994659,79.2014204276004,17.5142351399987,84.8181854443421
6,6,11.5396434360366,57.8445898198444,37.5708025922886,59.8190580535015
7,6,11.488827557666,73.2094597912976,13.2565455076755,79.6120027379821
8,6,11.9683449782037,67.6362332977906,53.1336531155038,69.0160054031111
9,6,11.4682646726689,79.1629533576834,13.560192062378,83.2694761360733
10,6,11.987528819567,60.8912148252019,24.6420164976476,63.9565494433985
1,7,11.4928609181387,21.524539959375,7.05280904953377,18.5893497869259
2,7,11.3114858339926,25.5933124405965,4.44379091737241,21.9442393003524
3,7,11.6206260817683,25.2802089015388,5.00020182602144,21.422305164967
4,7,12.1672908997603,25.4144360486138,7.21196350789861,22.4073085199602
5,7,11.8388005123933,25.9408154786186,6.317432207951,22.7608751196187
6,7,11.4863772445642,21.4809444369855,7.59160113587876,18.3791289336613
7,7,11.2654564885467,22.4524750084425,5.39082512900205,19.3029821694266
8,7,11.8170138083876,21.9304630137279,8.14302409606594,18.6677794576244
9,7,11.6726430455677,25.8643276978541,5.49620898719058,22.2605638491558
10,7,11.2260473742903,22.6047380683467,5.53697330068641,19.8399776327829
1,8,13.3832511886641,36.0175038204041,16.7346810082904,32.8607443029898
2,8,13.7428517843991,51.468417252401,8.93622823118042,51.5255679269007
3,8,13.460422532042,42.2473306229204,10.1078408752016,39.6092734952835
4,8,12.9323637997281,37.8739544613626,15.0954742045426,35.8499574221169
5,8,13.3362006993124,49.3486054274957,8.32706235919578,48.6627188678855
6,8,13.3674354700414,41.6070605877654,11.3537078161795,40.2557307141837
7,8,12.7539918282044,44.1455444311446,7.73076252883525,42.4264756508894
8,8,12.5676206491572,41.3119134100157,6.39282632428498,39.0921658950782
9,8,13.2798146961622,45.4340036949255,8.86460955978504,44.2366316294616
10,8,13.2103152906586,45.7005322468611,7.57526189788548,44.306957086482
1,9,9.92682435672979,42.716840861757,15.9476561208644,40.9370892761392
2,9,10.0496306205328,45.1795889120943,18.9383799431944,44.0785322989433
3,9,9.71486128007726,38.9708213177485,23.4738627797382,36.8719265182239
4,9,9.52637528324991,40.6058622741501,14.5062212937781,39.5477681786509
5,9,9.62133745425527,41.4202403371577,13.2215771968811,40.3713712468158
6,9,9.6282570907463,43.7139336314756,14.1381507145121,42.8225023959879
7,9,9.87284231895011,53.1972728676433,13.7532218339027,53.3514841487427
8,9,9.80059303643867,46.9919811943477,12.2243786363468,46.5331518486089
9,9,9.94248095888761,43.9370165697514,15.9951950841812,43.5710541930188
10,9,9.13058105347712,36.5857375849075,12.6718899923985,34.8846438960404
1,10,6.85150025994823,27.0032947022894,12.2291093066465,23.9276292229744
2,10,7.1457882361543,35.0278061367559,6.52141167535865,31.3197355598303
3,10,6.9027843574823,36.8311136605458,4.63006111710299,33.3282455088634
4,10,6.86753228961794,27.5502140318335,23.5132432556466,24.6493404279318
5,10,7.12140980053955,27.4074531609683,15.3042568955292,24.2262677814212
6,10,7.09109006182985,34.5733512338983,6.19411771179761,31.8331100486274
7,10,6.71363645597091,34.7703191964379,4.57293896044509,32.3055990481399
8,10,6.76615690071663,30.7868783151746,7.31005706307457,28.0029891043449
9,10,6.95165733990316,26.7579443900802,20.3850770823247,23.4859809758404
10,10,6.81956024865984,31.4790378724777,7.59752019039385,28.4945231867495
1,11,12.6550761075992,42.7562397041374,18.279903771991,40.9225481554239
2,11,12.6803597544283,47.4945836701327,20.4131703666587,45.5450844743637
3,11,12.7553750512212,51.5987678043464,9.68803729614305,52.6106403102218
4,11,13.1029654015645,53.3237909375045,9.52410938514313,53.536993919189
5,11,12.842166782133,41.3731685349927,21.8645026270397,40.5158833479687
6,11,12.7566067295158,49.2355977303305,10.4712000721864,48.259666825743
7,11,13.2574811639184,45.6757602445284,26.3808554060008,43.821713468697
8,11,13.2839382720223,44.6497646683645,20.2728284716978,44.466507238447
9,11,12.8177113352181,42.6893001675459,19.6966211796077,40.2284797182037
10,11,13.0213950758544,55.5256248314866,10.3090978635533,55.9957809173797
1,12,9.87468956352362,48.3939818467824,16.4739195970593,48.4163832341067
2,12,9.84778844546631,53.1198869199697,18.8789368189578,54.1895121546093
3,12,10.2562202074307,50.3680334390692,14.2029086473383,50.5495508130127
4,12,10.0533305809111,41.4384015139189,21.9403890716539,39.8586234632347
5,12,10.0766287341323,52.7946847127742,15.9218734596106,52.0817718987257
6,12,10.1465434893945,47.7296476708746,20.2937916111184,47.5463996411647
7,12,9.90070527327746,48.9710677437664,17.4019592805955,48.7417795153271
8,12,9.57746809659796,44.3767082699006,12.5408837639614,42.602957264198
9,12,9.72055896351691,55.6403478790695,18.9981619939735,56.5583468023938
10,12,9.97951956513969,47.6318779942342,25.2449127949275,46.961941008929
1,13,10.3750567820536,36.5106189658798,26.1535753447449,35.4866172092451
2,13,10.6599502096267,54.4178968394136,7.91107534867621,53.7564968475181
3,13,10.6965244203686,42.4259394360811,22.7015730111426,41.6113748938454
4,13,10.1762681266778,45.9204096502317,8.51574336081437,44.5136887723344
5,13,10.3112941114294,39.9113171311675,18.6790549556614,37.7859598938981
6,13,10.6499285852535,53.4402245210469,10.1582217248664,55.2639809795177
7,13,10.5227092858908,49.1776876900774,7.95882708854973,49.8666855663034
8,13,10.3449410606192,43.6152186851213,13.2927137852698,42.1666430905829
9,13,10.2308155040313,36.1341071480474,18.9679626678463,34.1106249165953
10,13,10.5757516320567,46.6642728679196,12.8911294767342,45.9433261403152
1,14,12.123252119921,49.6528085205057,3.35269538948899,48.4823614309631
2,14,12.2522203613359,29.9556873561072,41.6952057198185,26.8910875093618
3,14,11.8001696528145,45.5521321682007,3.27444258610129,44.1070670835281
4,14,12.4804071545972,47.1198024898825,3.3855919431796,46.8682884352427
5,14,12.6562216451463,52.2940413423545,4.57676709692822,52.7420140907635
6,14,12.3915308217661,31.3681811052574,30.9326523502112,28.4068354912876
7,14,12.1764943145804,47.3095133019159,3.77058537986729,46.1227210652433
8,14,12.0711516425733,52.4961711102645,3.12945772267607,54.256743517524
9,14,11.8314390648662,48.7538761247304,2.47399073761648,49.094712106372
10,14,12.417470306335,46.2638180630549,5.15921375046684,43.7774435338069
