rep,id,Cl,V1,Q,V2,CLCRMLMIN,WTKG,logtCLCRMLMIN
1,1,2.70032999185244,14.2473428856434,8.03087751231342,16.7104256433724,97.5,57,-0.389960921572199
2,1,2.67313732892003,19.1156687733924,6.59228389236303,20.7431007141795,97.5,57,-0.389960921572199
3,1,2.62851525888078,12.3256319546815,11.8719114653551,15.08912630682,97.5,57,-0.389960921572199
4,1,2.74559730006956,17.5649962968435,7.17403332423109,19.7442409629051,97.5,57,-0.389960921572199
5,1,2.77554802283526,15.207798951472,9.2833313280654,17.4399236640302,97.5,57,-0.389960921572199
6,1,2.78654885462466,16.6404828568679,8.3257807460079,18.7053316478522,97.5,57,-0.389960921572199
7,1,2.69100993782661,12.434826145172,13.4171154829987,14.7317226654788,97.5,57,-0.389960921572199
8,1,2.77054312695244,16.0845676645256,7.64828651297408,18.2896199555612,97.5,57,-0.389960921572199
9,1,2.67617301134516,16.5931831720088,7.74494620173572,18.7883112578051,97.5,57,-0.389960921572199
10,1,2.72760067847522,15.2890382530194,7.53435547651935,17.5933634147078,97.5,57,-0.389960921572199
1,2,6.419139485505,24.0509544478746,3.78426663667505,25.1053151281879,125.1,82,-0.140699882103135
2,2,6.68223558701643,21.3476678738805,5.91703968313009,23.0443214783794,125.1,82,-0.140699882103135
3,2,6.67552817329511,23.1097463857297,5.40437121795271,23.7361611811902,125.1,82,-0.140699882103135
4,2,6.78159980514921,20.6594155622718,6.915022477776,22.3189155952055,125.1,82,-0.140699882103135
5,2,6.62008796587147,22.9395672417433,6.48659437455832,24.2707486590596,125.1,82,-0.140699882103135
6,2,6.48378042532811,24.1546589011155,6.86365787892843,25.6284714783098,125.1,82,-0.140699882103135
7,2,6.32742921058351,22.6149270042091,4.25324319313452,24.0110591184894,125.1,82,-0.140699882103135
8,2,7.03318462569967,19.9431427647083,11.4036127117184,21.3157709393714,125.1,82,-0.140699882103135
9,2,6.62826508471606,21.7761192589392,6.30190688906683,23.2705484084151,125.1,82,-0.140699882103135
10,2,6.61977285709021,18.3811384684798,15.0154333035771,20.1392337838387,125.1,82,-0.140699882103135
1,3,6.24548870896184,25.3994088674722,6.03913821437938,26.282666436664,184.9,60,0.250001838817079
2,3,6.26964707720642,22.9708467991582,5.89407719292104,24.3808041540317,184.9,60,0.250001838817079
3,3,6.17182731389516,24.1811938895813,5.99663243024531,25.4787919437966,184.9,60,0.250001838817079
4,3,6.12989774494429,29.4604483249042,4.33254803483949,30.0833041955913,184.9,60,0.250001838817079
5,3,6.10457040799204,24.7126364993169,6.63896783298606,25.711941151939,184.9,60,0.250001838817079
6,3,6.16165755599574,22.4325233754596,7.4109544164744,24.287268845357,184.9,60,0.250001838817079
7,3,6.14177084446861,24.3805884349844,4.71794114353433,25.7656700191928,184.9,60,0.250001838817079
8,3,6.19876435990679,23.7985316639611,7.1070097587425,24.9451443030901,184.9,60,0.250001838817079
9,3,6.46682977314016,24.3687688128384,6.97491934637535,25.9871795932526,184.9,60,0.250001838817079
10,3,6.1032481510878,25.0592039668685,5.45153093586993,26.150684052567,184.9,60,0.250001838817079
1,4,5.41564174976219,15.8750651284398,8.33767070997192,17.9874938030765,134.3,62,-0.0697371960468086
2,4,5.12875690945887,14.4032955565254,7.33482942908599,16.5258848360182,134.3,62,-0.0697371960468086
3,4,5.24396067845943,13.145030570059,11.2294721549236,15.9182399330783,134.3,62,-0.0697371960468086
4,4,5.14772179305719,13.4671771508949,14.9496403969321,15.9846353041891,134.3,62,-0.0697371960468086
5,4,5.0078130907773,17.5700908265166,4.74378059781488,19.7826665908975,134.3,62,-0.0697371960468086
6,4,5.02882549914345,12.8489368289763,10.5940893359805,15.235498202011,134.3,62,-0.0697371960468086
7,4,5.21416155088037,12.0346047546784,14.4991705732952,14.497091832584,134.3,62,-0.0697371960468086
8,4,5.18360894264486,13.6021711361498,11.3011776085232,16.2215282690669,134.3,62,-0.0697371960468086
9,4,5.288161325976,19.7911933742175,5.33719228499917,21.4734813380592,134.3,62,-0.0697371960468086
10,4,5.14224039867509,18.5162360238588,4.6113876577271,20.5535382269939,134.3,62,-0.0697371960468086
1,5,4.55764453694839,22.1489388256884,8.73924496089965,23.6847959586632,100.7,67,-0.357667499851484
2,5,4.34130231903333,24.8687927737759,5.23294112474413,26.2288158490902,100.7,67,-0.357667499851484
3,5,4.58196951373207,24.4832212222384,6.0645891396743,25.9467053803283,100.7,67,-0.357667499851484
4,5,4.69987235065966,23.3458248579205,7.10857978225978,24.6780029403543,100.7,67,-0.357667499851484
5,5,4.53596909201131,23.5589055630132,8.69381049539797,24.8792288153409,100.7,67,-0.357667499851484
6,5,4.39042373299298,21.4080143317025,10.0647970625972,22.9098634821484,100.7,67,-0.357667499851484
7,5,4.71489384194781,23.510713591846,6.00848795742529,25.1274422829678,100.7,67,-0.357667499851484
8,5,4.71330956220994,23.7304694202991,11.5218075789997,25.0291623713319,100.7,67,-0.357667499851484
9,5,4.58807337874723,26.6835821814229,5.77215571201519,28.1275352594558,100.7,67,-0.357667499851484
10,5,4.78354671346768,20.0414596558496,10.4329562290208,21.6714072706418,100.7,67,-0.357667499851484
1,6,5.8862159681718,31.5331892760271,18.4456796129364,31.2948694643199,140.2,61,-0.026743324975511
2,6,5.71308586038567,31.101060043571,8.91975847051904,31.5580005396535,140.2,61,-0.026743324975511
3,6,6.09265030042634,29.4959931386212,25.5981869480182,30.0224754031734,140.2,61,-0.026743324975511
4,6,5.86365799548636,33.458444717862,9.83358793964175,33.4896577070832,140.2,61,-0.026743324975511
5,6,5.84139310822541,31.1681703633135,10.8272626741024,31.2047421780686,140.2,61,-0.026743324975511
6,6,6.17229170130186,34.7794375064685,13.6679210348274,33.9378932234065,140.2,61,-0.026743324975511
7,6,5.7228176286274,34.5448081499473,7.99507064219587,34.0974563203125,140.2,61,-0.026743324975511
8,6,5.92463737157122,35.091850227056,10.002043935455,33.7289911093604,140.2,61,-0.026743324975511
9,6,5.95792651130943,33.4922368054964,10.4083370829034,33.1576533037251,140.2,61,-0.026743324975511
10,6,5.74070323728731,34.5782447716916,8.51374960418295,33.4776008164942,140.2,61,-0.026743324975511
1,7,5.74175837540137,11.6381662394074,2.89051891437511,14.1692959116428,185.4,57,0.252702353555754
2,7,5.71895237142231,12.9802584504616,2.2653712554286,15.4846478049993,185.4,57,0.252702353555754
3,7,5.93435110254217,11.7240995783847,3.33911471741076,14.3966967429683,185.4,57,0.252702353555754
4,7,5.9163905797406,12.2510898130757,2.77350738728419,14.7879797360372,185.4,57,0.252702353555754
5,7,5.74173073532288,10.3231364189107,3.21337320963846,13.0289951598504,185.4,57,0.252702353555754
6,7,5.47091921634877,12.8027035898672,1.87174868090404,15.4210836204308,185.4,57,0.252702353555754
7,7,5.81711260296778,13.9686978419612,1.86296544820726,16.2995998743177,185.4,57,0.252702353555754
8,7,6.03611934695366,12.3666254688948,3.42320790204486,14.9636520675837,185.4,57,0.252702353555754
9,7,5.7102266576393,12.1722817343098,2.58482634049078,14.8550384046381,185.4,57,0.252702353555754
10,7,5.82907651731148,11.2739048408268,3.28394537319627,14.0915364770442,185.4,57,0.252702353555754
1,8,6.5260742296874,16.394198216953,8.23326190810085,18.894871663555,198.2,84,0.319463322319887
2,8,6.57757252391559,20.4414830669754,5.44763310922521,22.1395984369251,198.2,84,0.319463322319887
3,8,6.52323511397413,23.5627751673733,4.38417973948937,25.2757916338432,198.2,84,0.319463322319887
4,8,6.5639920654568,20.246959877815,5.54076143333065,22.2805759845643,198.2,84,0.319463322319887
5,8,6.6490926003098,18.1188112762928,8.53054228983887,20.1604624282258,198.2,84,0.319463322319887
6,8,6.72732519852299,24.3343993707965,5.0491464614196,25.4694814359115,198.2,84,0.319463322319887
7,8,6.47499984225354,20.1259290962719,5.33058108925474,22.0020178191345,198.2,84,0.319463322319887
8,8,6.68115506882648,20.8731375255442,6.76167958218272,22.6002747354503,198.2,84,0.319463322319887
9,8,6.63212315338606,18.853172018953,6.03746729935363,20.9066400348953,198.2,84,0.319463322319887
10,8,6.73759598812419,17.651343036133,9.08779198254488,19.9347500589619,198.2,84,0.319463322319887
1,9,4.7277548494546,18.3447644460159,7.67249314598184,20.2617534465356,107.9,67,-0.288608427311912
2,9,5.04136056213523,20.8846231290191,7.52639683269843,22.4103231853766,107.9,67,-0.288608427311912
3,9,4.80514481925695,20.9004777159265,6.5582010080276,22.6758464130746,107.9,67,-0.288608427311912
4,9,4.89219094030961,21.1437004567647,7.58133495648309,22.7473932390977,107.9,67,-0.288608427311912
5,9,5.00136342718001,19.4349067712734,9.57334049524776,20.8451598653747,107.9,67,-0.288608427311912
6,9,4.91747565288011,18.5148169941507,12.2417088668211,20.6470809711357,107.9,67,-0.288608427311912
7,9,4.84091957460667,17.7476478244737,10.9091567930853,19.8940025495718,107.9,67,-0.288608427311912
8,9,5.02391071465502,18.9279292515644,10.6739914290394,21.1482574909937,107.9,67,-0.288608427311912
9,9,4.82214759300461,20.9615957962193,8.04635123339764,22.9944667774396,107.9,67,-0.288608427311912
10,9,4.89454159604212,24.1060421540317,6.57454401379094,25.5711714516784,107.9,67,-0.288608427311912
1,10,3.44896414319059,14.9481662068393,4.33326743171938,17.2884624894694,126.7,52,-0.127991212248907
2,10,3.31764059598115,16.9644395014042,2.24571719194999,19.5020782802661,126.7,52,-0.127991212248907
3,10,3.41677907296145,18.9957292347388,2.1767242997497,21.005790014481,126.7,52,-0.127991212248907
4,10,3.46829415653501,14.3535354262527,6.91776333807302,16.8656580766219,126.7,52,-0.127991212248907
5,10,3.43972020708919,16.3096514384945,2.53863887793689,18.6046603669428,126.7,52,-0.127991212248907
6,10,3.5700555084557,18.3052474716007,3.34340915518051,19.9407104264236,126.7,52,-0.127991212248907
7,10,3.49833225523556,20.060295270876,2.08293830884415,21.4528026311815,126.7,52,-0.127991212248907
8,10,3.55569977014685,14.8044779611583,6.27867840670804,17.4571514650913,126.7,52,-0.127991212248907
9,10,3.58906120269797,18.2340008929365,3.39383238374799,20.2434293512356,126.7,52,-0.127991212248907
10,10,3.44161317865134,19.147785872419,2.53529076995368,21.0094332450992,126.7,52,-0.127991212248907
1,11,6.55464710615467,21.1124931405736,14.7615521926615,22.7723176715249,143.8,55,-0.00138985428905419
2,11,6.45038577775175,20.35466415899,10.5558911886051,22.4118712645566,143.8,55,-0.00138985428905419
3,11,6.4703765182079,20.6392308059822,8.07750978766857,22.4999114425408,143.8,55,-0.00138985428905419
4,11,6.21595618537995,25.6648274901617,4.63533237776802,26.2104617190494,143.8,55,-0.00138985428905419
5,11,6.28521960837431,23.9766425748292,5.76964403626546,25.4045006598639,143.8,55,-0.00138985428905419
6,11,6.12643634937877,25.3654951756487,5.54891426565274,26.1140439181507,143.8,55,-0.00138985428905419
7,11,6.59045122911832,17.6028759016626,13.0936934080806,20.0120677666083,143.8,55,-0.00138985428905419
8,11,6.44612527304659,24.3411509813611,4.84385138251524,25.2998467285394,143.8,55,-0.00138985428905419
9,11,6.27280366099441,20.100786082578,8.38783427650448,22.1550216710112,143.8,55,-0.00138985428905419
10,11,6.30753396589965,24.746313735156,4.60443977600293,25.9371158444429,143.8,55,-0.00138985428905419
1,12,4.9992961711198,30.0111516596045,5.9855187368909,29.7338468305601,161.1,53,0.112211990606928
2,12,4.89540403282047,26.8377106641399,7.4130613769023,28.0481877101193,161.1,53,0.112211990606928
3,12,4.85228574098946,21.4325862472439,10.5287472887747,23.3184979158009,161.1,53,0.112211990606928
4,12,4.89948699282801,24.4859347714959,8.50477989008089,26.0482089997846,161.1,53,0.112211990606928
5,12,4.88161761465544,26.8213050551121,5.29114489030202,27.4643274361149,161.1,53,0.112211990606928
6,12,4.85650073598623,27.8278599026016,7.62163394905404,28.5881358746855,161.1,53,0.112211990606928
7,12,4.9338084179318,19.4536710431859,11.7299529938348,21.4369122101367,161.1,53,0.112211990606928
8,12,5.15928659216034,23.8610191827731,9.57239664637413,25.3517335630466,161.1,53,0.112211990606928
9,12,4.89083834970069,21.742438774895,9.45758595000311,22.946556465121,161.1,53,0.112211990606928
10,12,4.96968478337737,24.2062957025502,9.08284065041158,25.5698432611773,161.1,53,0.112211990606928
1,13,5.20145142178292,19.993322408518,9.99050051597121,22.1954960338636,189.2,52,0.272991357041777
2,13,5.40738422497877,20.3783692370948,9.38253607071663,21.6942752291431,189.2,52,0.272991357041777
3,13,5.26111031234163,17.1110176820219,11.5212439145116,19.6148274974054,189.2,52,0.272991357041777
4,13,5.13080076376138,22.3886501366092,7.16738308920457,23.7040931775919,189.2,52,0.272991357041777
5,13,5.05633010922067,19.6495477324988,6.53489551083924,21.9666203882958,189.2,52,0.272991357041777
6,13,5.36152088766355,26.3774261480685,5.09995487372862,26.7889459188197,189.2,52,0.272991357041777
7,13,5.20372935346535,22.2278865245571,7.08555859689247,23.7115138561226,189.2,52,0.272991357041777
8,13,5.12245846410249,24.0698841734964,3.68878625025768,25.2906762158999,189.2,52,0.272991357041777
9,13,5.42296304448835,20.1716988319922,12.7751417975994,22.0393183953148,189.2,52,0.272991357041777
10,13,5.36324502214414,24.6660947967168,6.3474696197785,26.0148801168939,189.2,52,0.272991357041777
1,14,5.94607175584454,23.640411105352,1.36645644675671,24.9618219114833,119.8,60,-0.183989613894652
2,14,6.40025908069027,24.9105922237168,2.55156722924535,25.6319285917563,119.8,60,-0.183989613894652
3,14,5.93048464811423,23.1450470769952,1.48999295994464,23.8629235524367,119.8,60,-0.183989613894652
4,14,6.55559715505271,15.4361894125915,50.8753969203515,17.6855818371696,119.8,60,-0.183989613894652
5,14,5.97173557247156,24.0012151149241,1.81666123094149,25.2664967130221,119.8,60,-0.183989613894652
6,14,5.99235459605683,23.8119872269842,2.09580311392227,24.9518902368973,119.8,60,-0.183989613894652
7,14,6.1062996101894,23.3169907462454,2.36018325976564,24.5593974032568,119.8,60,-0.183989613894652
8,14,6.5369990537923,13.8048772757357,35.6275547970942,16.3362677889331,119.8,60,-0.183989613894652
9,14,6.33854936372685,25.920946054083,2.25931346602135,26.8118798092131,119.8,60,-0.183989613894652
10,14,5.94572016411723,24.3938999618565,1.32171957978408,25.676157441127,119.8,60,-0.183989613894652
