rep,id,Cl,V1,Q,V2
1,1,2.77614264625712,17.0059208595319,5.25122351410274,18.6721560470577
2,1,2.84378985306127,16.1308896656162,5.07524580287592,17.7378829932859
3,1,2.86448671562583,16.2904775327743,8.76596684036549,17.5597108704102
4,1,2.69010954270558,14.8464071270538,5.88978771571116,15.6776939916676
5,1,2.77038999719034,17.2290835860244,10.7218046525958,18.5923321318996
6,1,2.68634079013,15.4076676336249,6.37345556817825,16.8892368456891
7,1,2.62042901944328,18.4068900974164,4.19107523242949,19.4785977571245
8,1,2.76777914512996,14.4142432602049,8.39953164811459,15.5106831357158
9,1,2.5835177827684,17.2534084989409,5.27018780282069,18.6685749755314
10,1,2.67878370803539,15.1016377659816,11.0229733880744,16.999366879318
1,2,6.72433792097081,25.0447643686939,4.64291478811936,27.3125984685943
2,2,6.6355998021042,19.5139205710114,9.44138012128366,21.2762987962173
3,2,6.58628275002324,21.3220549098699,6.38197312145645,23.4414230775178
4,2,6.43574580706585,22.2283554825781,5.21462276987443,24.1118907422414
5,2,6.50208587167277,22.8656740758263,6.69509633379905,24.8859982525544
6,2,6.51489760044586,16.9085598017395,13.7187110854192,18.0175346131146
7,2,6.59906245421694,23.5938973513166,5.46545291679666,25.2009444830458
8,2,6.75968056876658,21.9508204899979,7.84753004724807,23.4570164967471
9,2,6.89312983725655,19.0274173050995,14.3448975200815,20.7638468842002
10,2,6.68258425316503,18.1621258357627,11.8540860778899,19.4211395089382
1,3,6.48047418739442,28.0457794814059,4.97444629818409,30.2820109978958
2,3,6.29097039743635,27.5041604089674,4.86086774506305,30.9677619766044
3,3,6.5437871527857,24.7491751312848,7.84970566376607,26.7502331151958
4,3,6.32400803521947,23.4880324599721,5.55031858236892,25.2056102473127
5,3,6.43737769823409,27.5067441352403,6.63311038915249,30.0886533032045
6,3,6.31343498491459,28.234382175128,5.2420079685235,30.0299339911638
7,3,6.58753137800646,27.6445221123136,5.57892941814452,29.9247439533649
8,3,6.02557402459813,25.3273234409616,4.23704161169481,28.3513640764727
9,3,6.58858700865478,28.5924507469696,5.97193978128709,31.4031953943419
10,3,6.2866494935959,30.159106995379,4.4015004311381,31.1992655691122
1,4,5.01232060727192,20.0426619862624,3.60250702099297,21.5766776659295
2,4,5.04692872066996,20.0224415586499,2.70622562369332,22.1372177684668
3,4,5.27146028210088,13.2296882870006,13.956687573083,14.1573444518298
4,4,5.19546473194667,15.3980125850868,9.51413964470927,16.6431250734469
5,4,4.9528338184351,18.7370416953322,3.24383179183903,19.838370337902
6,4,5.22962163295605,19.6683871983369,4.0385927742641,20.6503212096648
7,4,5.12077893464033,14.3078479788596,13.40221086958,14.872898217076
8,4,5.39759531911288,14.8419450948801,10.9085225963121,16.2185019921268
9,4,5.06695868413142,22.8642949587688,1.62408854826039,24.378731914649
10,4,5.45778680349721,16.0718270704529,13.5858626435142,17.186249864594
1,5,4.57404021992274,17.905136599997,17.1202736544267,19.4432056152006
2,5,4.55938770895063,20.1405172610828,10.0754249351185,21.4261174957494
3,5,4.7044951277024,23.2653543806877,10.4737142675283,25.3097507603986
4,5,4.90172218391073,22.9663453593634,11.2418045312603,25.6502515473678
5,5,4.80156697950459,19.5455061937946,10.5869367050817,20.7500233502906
6,5,4.58385996366153,22.0863957893223,9.99585798815914,23.583708118827
7,5,4.7592818331101,27.2668569132406,8.69533060860585,29.5978331849405
8,5,4.77257950337534,20.4800495065872,13.3032314927185,22.3865244479589
9,5,4.80659932556062,23.2121626503419,9.03441151024843,25.5105422940408
10,5,4.45621175237734,22.425825339799,5.60094917057285,24.3073015424754
1,6,6.10051114132126,31.8340154798563,10.2327425469211,34.1814244873868
2,6,6.18258638885242,32.1474472107738,13.9559852563903,36.5259332551956
3,6,6.00208806173301,29.3937710791249,18.3549041236387,32.2553615751963
4,6,5.89067396510402,37.3902657405961,8.55195857216215,40.7479211568125
5,6,6.29373303153248,30.2719348358264,27.5736461228803,32.5705562817175
6,6,6.18256510685583,33.8746827686616,17.2617475445169,37.0148036142777
7,6,6.20728535322501,33.7296554961515,16.9746523223646,37.1457917316567
8,6,6.17111706570227,33.6593374211771,15.3959713918544,36.4645394514579
9,6,6.11088403164523,26.4761508358545,17.6935154580296,28.8104824118918
10,6,5.83538954073266,31.3653872797084,10.7229286434357,34.1140596523624
1,7,5.80576545366846,12.0357677430938,2.89699246165407,13.0312065232698
2,7,5.97325735674024,12.0278724103483,3.32258959244569,12.688493615785
3,7,5.96165009374005,13.9269914278669,2.73865375920174,14.8544515590236
4,7,5.71909181640318,12.2572755916891,2.48796402277005,13.4178034992432
5,7,5.85171915370004,12.0818209877004,3.08185835168261,12.9193843334669
6,7,5.87087403319232,12.135148231057,3.71608237720537,13.2608650216959
7,7,5.91893848284758,11.9827380467858,3.19553087694561,12.7068351016257
8,7,5.97958983908352,12.0029373692351,3.29559027073972,13.2699972209059
9,7,5.95284975742538,12.0177343865256,2.95131797031529,12.83617278709
10,7,5.82264116015975,12.2389962137278,2.70153358004229,12.7158131212222
1,8,6.61027068638683,23.597940319094,3.28330436249804,25.3093528003803
2,8,6.84489763078812,23.3382758074421,4.73181156695958,25.552910453658
3,8,6.93008558569532,21.1276021450208,5.734406352799,22.7208201125941
4,8,6.92825898862254,19.896748796116,8.16273827102777,21.4653004463838
5,8,6.61156064635644,21.5463191191197,5.93824670250211,24.117147830853
6,8,7.0130325530131,22.224755887325,5.30084497124623,23.8198463253927
7,8,6.74613344205354,23.8134022990295,4.63433726180104,25.4990107529343
8,8,6.70777544823657,17.5323608279019,8.69139095484489,18.6600317277794
9,8,6.71751054348794,18.4369422702731,6.44827146502964,20.0143188994781
10,8,6.74447701948647,18.1139885351656,6.31956803062184,19.9249233022102
1,9,4.93446295280933,21.2650498722908,6.7396431289086,22.9647464960928
2,9,5.0424251949171,22.7058184799331,9.11209720474034,24.7084391518503
3,9,4.96815394019387,21.068966708163,9.98740536945018,22.4749640991765
4,9,4.91937445480074,18.7802065663908,11.0071120152306,20.8171756494879
5,9,4.96022835697064,22.2732181735404,6.68448391655827,24.3170717887786
6,9,5.04674197323556,22.8595926275203,9.49797213386398,24.7108380602984
7,9,5.04796090345963,22.1430042222878,10.1788491495743,23.4279172026555
8,9,4.87701639308466,21.1159007397178,8.34388733237942,22.6222088809343
9,9,4.88248588271925,19.2544872342859,11.2793304160646,20.8325044031097
10,9,4.86819364882139,24.0284749781387,6.57914074071761,26.3769524548506
1,10,3.51964981763698,16.1043282926413,3.81287515615768,17.4022158010948
2,10,3.37948982369381,17.6178235885539,2.43805266086153,19.2125665078749
3,10,3.5931210268283,12.3657132664281,8.36041913668061,13.3557299337734
4,10,3.5450932763822,18.0866639097835,4.81244863109577,19.2262504913954
5,10,3.53967937054125,16.4155308173479,3.59533846611021,17.6098977174175
6,10,3.46757499500574,17.1802563657044,3.04680939432021,18.67302358134
7,10,3.57766850972885,13.1988312705959,10.3186548486456,13.9732581450682
8,10,3.51376162952059,17.1061979360103,3.1383066400284,18.4014069476149
9,10,3.40560145069231,16.9707139373703,2.93802891599085,18.0177933987294
10,10,3.43386819538447,18.5038337956214,4.1793789239053,19.4170543057091
1,11,6.48416806066269,21.911986931589,9.04722659698401,23.9097896119816
2,11,6.26623369356605,25.5128857035683,4.15549379423669,28.2800948714279
3,11,6.75303118335813,20.9491624161278,13.0322124064929,22.9510287177814
4,11,6.38790684672577,22.5430272994227,6.82970306689266,24.521292981787
5,11,6.96731713813958,23.3403173505973,9.37808113392235,25.3363336479077
6,11,6.90642188966167,24.9734079761577,6.90904373021958,26.7441141065582
7,11,6.56425990252362,24.4364614157878,8.23348046738333,25.9040325310168
8,11,6.36623978331905,20.5879220566393,9.80830505767105,22.17175278762
9,11,6.63660179416191,23.6558982495301,7.32914868836392,25.7185947247977
10,11,6.60931573364912,22.5688329330132,10.3441888546713,23.9046226591597
1,12,4.75026609929986,21.7641413777073,8.95098669213436,23.6202500831969
2,12,5.06246173466553,26.800650106338,6.56374504993001,29.2405092427075
3,12,5.19383826804337,26.6262942812532,11.0477264049255,29.2709099423539
4,12,5.1415734595602,21.9402297743674,13.019793341502,23.5854793315295
5,12,4.8558717713031,25.1854941660729,8.4029236227563,27.1831980155535
6,12,5.07786120797843,27.3684656332219,9.09994930101149,29.6901433121808
7,12,5.03700674318714,23.2563525478757,10.5426114331042,25.82680305504
8,12,4.86723431979091,22.5872184024751,6.11760436807269,24.7336743917039
9,12,5.1882452399442,28.7888151000188,7.16534269745303,31.0188951433777
10,12,5.03685195944411,26.8126185456723,6.85148067466689,28.2741012808592
1,13,5.25186443696016,23.4102373347917,8.04184008812501,25.5255385119598
2,13,5.32951353021025,21.65910503066,12.1622698926623,23.2341628874334
3,13,5.24038617076377,20.1566256722402,13.2125870456539,21.6511716718574
4,13,5.28240129245205,21.1527735103965,9.48207446597955,22.6862614428073
5,13,5.11340499734511,27.0654385858958,3.89712052316132,29.024965297961
6,13,5.07466185528969,18.6082718626505,10.6899064866917,19.7014193293276
7,13,5.42916955388944,24.7839575895703,3.89323300222534,27.3886725433067
8,13,5.18720131585916,19.6496619851009,7.08192823818307,21.4591866984992
9,13,5.2634136475238,25.0049131358077,4.57537536176924,27.0481202118869
10,13,5.32996344165384,19.2870935966569,10.2701043465723,20.7896097134844
1,14,6.52758350402986,26.2136925899026,2.05231687261142,28.0159644972984
2,14,6.46912573807205,25.1122156211601,2.54285239981621,27.1413536603462
3,14,5.76203809521372,21.3638577260329,2.00225611098843,22.8984650851124
4,14,6.5666756250163,15.5093441366039,29.0459835591683,16.4021909770635
5,14,6.04560382005681,26.4869896530992,1.19663022341183,28.3869681334134
6,14,6.09379383694114,26.8825612305261,1.79387679290128,29.3582043281484
7,14,6.11167926674334,24.5667768925941,1.51822404993973,26.2207055367515
8,14,6.30376984261172,13.6530326885576,25.2898373660372,14.7254321173768
9,14,6.39243328996959,24.3160239706647,2.04062895003651,26.6672531581253
10,14,6.54792281878834,27.0976849506327,2.38221490418832,29.8228890823279
