rep,id,eta_Cl,eta_V1,eta_Q,eta_V2
1,1,-1.32456128245851,-0.179449476380035,-0.77437542748239,-0.247780144916447
2,1,-1.31805079023609,-0.484932831429793,-0.544492601498736,-0.581184020627524
3,1,-1.38594514957998,-0.256227664336947,-0.894353307700896,-0.293296322399087
4,1,-1.37281937859949,-0.323642601027827,-0.322209000425972,-0.398040903046241
5,1,-1.37295030429321,-0.22835079707659,-0.743910884570678,-0.247059873181727
6,1,-1.36312562035384,-0.466406121129417,-0.337113363522134,-0.54714773609993
7,1,-1.41765944718619,-0.262167039811657,-0.509761940651313,-0.306512296511245
8,1,-1.36569334859888,-0.469890657138003,-0.696305343485402,-0.570095755390822
9,1,-1.37499664699957,-0.210528185158546,-1.26572713600959,-0.288004330093219
10,1,-1.35533382039209,-0.34332079032818,-0.822911166598269,-0.412424836872686
1,2,-0.427770924822544,-0.101633752117538,-0.0829683556178236,-0.113722473165766
2,2,-0.476307267368701,-0.128096795390192,-0.414259490819091,-0.145203953489001
3,2,-0.476182321384176,-0.134815495317585,-0.112500234015498,-0.188616809925713
4,2,-0.440003133948667,0.0180785816059153,-0.491128027744031,0.0311461538933724
5,2,-0.437988227167085,-0.0847465939876806,-0.280136081484155,-0.0920988115900537
6,2,-0.48465134164987,-0.117883940161976,-0.195827030775571,-0.130120375579711
7,2,-0.46246423564855,-0.140535244461484,-0.280495221033291,-0.1526167223467
8,2,-0.462457737340057,0.141853532873384,-1.00003566362848,0.172519958457357
9,2,-0.486493479788833,-0.139044074067928,0.0719720268247744,-0.146417731745217
10,2,-0.433799690805548,-0.0304206908703788,-0.149883494394374,-0.015724259531789
1,3,-0.497180896062987,0.344489547926513,-1.12538562943795,0.418244621667297
2,3,-0.515357967244246,0.252878954870898,-0.982087993090117,0.285590185733854
3,3,-0.483867982124032,0.114422823460974,-0.766845854054564,0.131289118914033
4,3,-0.497189546173877,0.210629109045404,-0.922833963388066,0.248580389925662
5,3,-0.496517832423387,0.336510970239382,-0.82009228945822,0.385329693309606
6,3,-0.513962124638969,0.212343833851338,-0.954728437908016,0.270534802518168
7,3,-0.514244063674263,0.0336232863714312,-0.798060619308773,0.0458780655873745
8,3,-0.512325226027716,0.219864979873402,-0.95358060798758,0.252787877008407
9,3,-0.542224633606388,0.2241643633872,-0.930380902819755,0.277029046819155
10,3,-0.551607231131856,0.266540222120502,-1.10875850591223,0.286637830162474
1,4,-0.764041746008204,-0.123043930644095,-1.5548863856835,-0.148165722799413
2,4,-0.750456400412273,-0.249409753027878,-1.05746899944628,-0.302126037580913
3,4,-0.715940106263911,-0.406045831348775,-0.134999071394073,-0.473975949164876
4,4,-0.746248557304594,-0.535438650888692,-0.0528757191146253,-0.621296793208309
5,4,-0.676309907074414,-0.0458551806004084,-0.981886128241447,-0.035424382204152
6,4,-0.706661722829982,-0.284988792887269,-0.725996480589276,-0.370829228461339
7,4,-0.71372987934707,-0.395291470197298,-0.234235199306095,-0.465533645967749
8,4,-0.757987904294765,-0.533641175784603,-0.217528621395237,-0.617172602953846
9,4,-0.716460687684473,0.00556104778222977,-1.47254223696247,0.0274373343709478
10,4,-0.714811151575999,-0.441197740879664,-0.0669783598723601,-0.499924658621819
1,5,-0.818601203221944,-0.0807278925510153,-0.291064561733312,-0.0965851281799959
2,5,-0.78276911778903,0.126965218832725,-0.229737298185437,0.161282776017501
3,5,-0.814698430635193,0.0484902849722833,-0.196176207352508,0.0251602799857392
4,5,-0.844160394561592,-0.181443676926322,-0.14456297791604,-0.216940761253432
5,5,-0.811520721013725,-0.114184701624335,-0.169617025010012,-0.117501539526286
6,5,-0.848039229446599,0.139723920612292,-0.997170164560723,0.192547511351132
7,5,-0.813178036020104,-0.0119078094218508,-0.291752867876235,0.0124809837410262
8,5,-0.844203278340396,-0.0599867489167425,-0.583196762957513,-0.0584112956687917
9,5,-0.815422748616111,-0.103314209535585,0.159381861537844,-0.143465382423123
10,5,-0.810251870070258,0.0796987200204178,-0.614930949817724,0.0830916178346882
1,6,-0.599372856113761,0.159256310856593,0.164405085277598,0.191572205525604
2,6,-0.579825953915677,0.257304494073699,0.445821450954315,0.29905330623457
3,6,-0.54249155935751,0.374979254867022,0.0859988401404631,0.437841456603912
4,6,-0.587732170843151,0.292750321563715,-0.261629565149997,0.350096693712162
5,6,-0.531700467516629,0.464378186654577,0.348384586451321,0.560674503500894
6,6,-0.557250909418434,0.314881576150954,0.565332542214067,0.401411571448886
7,6,-0.540351952833365,0.319548355309088,0.530042651942585,0.366598914944513
8,6,-0.532298153804073,0.362135197522874,0.5320965732669,0.425153861014609
9,6,-0.54447885642358,0.510700313057787,0.00966753586474405,0.60481795679559
10,6,-0.585021589262431,0.523306107632352,-0.486552020774362,0.626897615969623
1,7,-0.560382538812328,-0.494807395210708,-1.73768173456482,-0.613157295726446
2,7,-0.578720954790366,-0.6681427035046,-1.38032773102769,-0.767178510162824
3,7,-0.576109640305061,-0.537081532042161,-1.59579608859759,-0.632840449437644
4,7,-0.595713446316143,-0.636562558838753,-1.46171130754535,-0.751879149608884
5,7,-0.625205686397101,-0.580878078804846,-1.94872729268593,-0.678759532558805
6,7,-0.57610673478646,-0.581638589271006,-1.52355273713725,-0.674748408086418
7,7,-0.626874749306118,-0.588935302849761,-1.76352554185935,-0.680384781093778
8,7,-0.649688293745456,-0.561529574192212,-1.89866519545391,-0.69485036095158
9,7,-0.576732185516433,-0.464867080180118,-1.7543498045132,-0.58247132386753
10,7,-0.583378252354101,-0.567135284099844,-1.66013184693227,-0.672105821888242
1,8,-0.431544626228901,0.0125855686040591,-0.772500343864968,0.0253430992892036
2,8,-0.414222749675103,-0.0626602012939186,-0.557890948259557,-0.0562253978358761
3,8,-0.451178629498558,0.00609519765283783,-1.00852220404389,0.0113903947015654
4,8,-0.43605591258224,-0.185342603282479,-0.545773875684248,-0.235698278288641
5,8,-0.477403314131852,-0.0769482014771251,-0.928180401485715,-0.100508961793595
6,8,-0.478020072693789,-0.111577956083385,-0.781313792653199,-0.116042587626595
7,8,-0.505602753907233,-0.0213460048032891,-1.25544360692578,-0.0381806981431179
8,8,-0.471799545914029,-0.170584149144633,-0.366774751314061,-0.178723594702165
9,8,-0.494702625087368,-0.248760361231082,-0.576487630915563,-0.282841714578736
10,8,-0.483692430412637,-0.100720912294241,-0.601215683989198,-0.141433950996135
1,9,-0.756560288648639,-0.0335764000797805,-0.389600500921569,-0.058971525218996
2,9,-0.781328946163131,-0.00159553951905005,-0.878474696492775,-0.0141496836412653
3,9,-0.761057099331818,-0.00580779970174258,-0.560529969147167,-0.024638179589463
4,9,-0.770430175661414,0.00445336193740515,-0.324825325079894,0.0307893721340526
5,9,-0.73019618748631,0.0202019454587349,-0.554366029078931,0.000497487696236559
6,9,-0.778901495741497,-0.091564259062141,-0.758139251532047,-0.11004615381138
7,9,-0.733940033301478,0.112906312466053,-0.683927742803252,0.132939026401709
8,9,-0.75303110152894,0.0050565295797879,-0.479923347545483,-0.00652497317089879
9,9,-0.778394285752084,-0.0805703250969723,-0.216772784570679,-0.123147778636723
10,9,-0.783752501395764,0.0292837132443657,-0.726040459531517,0.0494125681238682
1,10,-1.11329884298713,-0.611149601375346,-0.219892434246604,-0.733977830737758
2,10,-1.13756594668902,-0.174155451295308,-1.90333751919155,-0.236072808226782
3,10,-1.08870842850641,-0.537881919318587,-0.412857693431748,-0.617514711154664
4,10,-1.06615983344366,-0.400855755436272,-0.47392953273642,-0.495475736198049
5,10,-1.09472204317884,-0.465289468089582,-0.148694077461144,-0.547216716975689
6,10,-1.11589779264515,-0.214328045344617,-1.36462371360117,-0.22787860395728
7,10,-1.11156548378922,-0.630664982035524,0.150508917993637,-0.744384995681939
8,10,-1.0653814035787,-0.295901187339223,-0.687297410315048,-0.36570417835711
9,10,-1.12186302268039,-0.583770057313646,-0.228139510493742,-0.673879288650866
10,10,-1.11493808888339,-0.223489882225093,-1.44731308865655,-0.27949043242165
1,11,-0.492938678393476,-0.0874759691312022,-0.228238437320562,-0.100607249467846
2,11,-0.484779037134442,-0.132621492949707,0.000285231204968997,-0.144830479030212
3,11,-0.502673270084559,-0.0869054279209828,-0.361178426836235,-0.097850351482234
4,11,-0.504684155723733,-0.125916694283825,-0.483886739116177,-0.154677319114671
5,11,-0.44369248833667,0.0409747533676268,-0.0591592531267109,0.0471638732282777
6,11,-0.468949313366534,0.0240135191021344,-0.0715317056693877,0.0382549832063867
7,11,-0.491271141552155,0.0579914300929983,-0.620605672475957,0.0391231143455675
8,11,-0.515230583667782,-0.164738922158617,-0.198033512941119,-0.189867807137207
9,11,-0.492905416457616,-0.0939292830605352,-0.191766497430025,-0.127815982692927
10,11,-0.446144276751428,-0.0297649662659407,-0.0492756531519444,-0.0348746836610878
1,12,-0.77115220645959,0.0569159114120997,0.259045857205798,0.0926269757903327
2,12,-0.723655192733143,0.0305410253974487,-0.13690526538319,0.0398881930305953
3,12,-0.753692036735408,0.169459370731231,-0.629750639693794,0.17379336530006
4,12,-0.744737764933181,0.0213806992027041,-0.101775546577343,0.0339524670081587
5,12,-0.785570063805153,0.145419789195804,-0.398104720958031,0.155910923355504
6,12,-0.738799170191135,0.0203852670064267,-0.162681225486194,0.0502191809024218
7,12,-0.731325762766974,0.249605245169484,-0.404378166687659,0.304537307629161
8,12,-0.737701301395243,0.171529197312458,0.161232537576234,0.201575021236572
9,12,-0.778453882016729,0.0809196888085239,-0.451873345895644,0.0869306423308196
10,12,-0.709535996105904,0.0967081559756412,-0.523146171693173,0.123164406974484
1,13,-0.664018064238476,-0.136860287432878,-0.0201962511835982,-0.157155830520371
2,13,-0.687438306172862,-0.0683829707658511,-0.341928780620159,-0.0768255372109561
3,13,-0.677040237255573,-0.185949478186867,-0.0257030494077612,-0.223827902154286
4,13,-0.658114053909004,-0.168410125097488,0.0901157146696425,-0.188330756882118
5,13,-0.690921107542608,0.0419692527901593,-0.768062108055768,0.0757981793663971
6,13,-0.681347598356934,-0.0853724341976035,0.19713387665348,-0.0974248280840632
7,13,-0.688079490290407,-0.200805538901908,-0.0369240699239061,-0.230508296859847
8,13,-0.666221651074074,-0.170332264282189,-0.210212828100302,-0.172396908477865
9,13,-0.647665431812587,0.0435519691937678,-0.866994703484114,0.0286404908189251
10,13,-0.665165354528197,-0.119406767939628,-0.0780360263366202,-0.162822906963101
1,14,-0.532084085544314,-0.358803884969712,0.585160638677699,-0.442733163484071
2,14,-0.547421554434018,0.143607764297897,-2.06992123478194,0.171376935877783
3,14,-0.577428500397271,-0.47142238088524,1.16093214997481,-0.583163418198363
4,14,-0.51199797426945,-0.333370605617749,0.714206704890263,-0.41110992749799
5,14,-0.535758155945954,-0.364907453407925,0.508542911383083,-0.435486359655222
6,14,-0.542074051850964,0.224216088910494,-2.01230150873036,0.277467208778106
7,14,-0.523391237620262,-0.363534530670344,1.12656421247563,-0.413818923916161
8,14,-0.490967222035398,-0.32314891612628,0.344433118170548,-0.385846918358422
9,14,-0.457843204949834,-0.25121954233764,0.546929764536747,-0.294247629884205
10,14,-0.542111123648353,0.209158888656699,-1.9412121629123,0.253227279219439
