rep,id,Cl,V1,Q,V2
1,1,5.29765019496963,29.8707509191383,16.9684239639205,33.3061357809475
2,1,5.34889260677333,32.1723819564387,25.2196001947352,38.3051947885014
3,1,5.50175395129655,34.4333115775763,13.6888242353926,38.3063534397429
4,1,5.71687767964261,28.3413886811324,29.3595588063492,30.8815776962062
5,1,5.72954821085643,27.255334271927,15.4297688496106,29.4044054930594
6,1,5.64776293458337,28.7254852162872,18.9225812535796,32.108929696073
7,1,5.3882347966949,33.9960627281054,15.6385436332412,39.4178317704259
8,1,5.17955485327784,28.6123221473485,16.4167690939987,31.4827871507748
9,1,5.3461946766844,26.8905462805785,16.0321270422909,29.0879824874693
10,1,5.39237139282311,29.8661981493359,12.6985335064055,33.3161854970101
1,2,13.9321364881841,39.4870687827089,30.228804416104,46.3880477056118
2,2,13.2029150946234,36.5132440691978,28.8489416924482,42.0467931172635
3,2,13.5243078661454,38.0669359180518,22.8994381441763,44.7856596897812
4,2,13.0467263886819,44.2416146739372,10.8939263180741,53.0457202108848
5,2,13.303004641947,44.3863413344459,13.936944405429,53.5673303962731
6,2,13.875082153899,45.7571240031574,15.3938955159067,55.2470122945718
7,2,14.0637681218516,40.1902165539138,30.26330832776,45.4381709487181
8,2,13.4214941264908,46.0798561563301,11.0589636232478,57.5463738697334
9,2,13.4096904394221,42.9972640981037,20.6826904332897,51.7986826976
10,2,12.8001650440929,44.3732146344024,8.37576426798295,53.1720124091307
1,3,13.2217824183631,58.1767534840579,12.3405937288669,74.5046517258014
2,3,12.5953618682028,54.9099881551925,9.46160499692819,64.2938599296242
3,3,13.4842605134608,56.5906811619979,14.0256253014266,71.4272387696458
4,3,13.1743416897522,48.1664680879421,13.0266562191327,55.7290698195995
5,3,12.8011048799807,52.7409370711443,12.8529790573933,66.7795825837576
6,3,12.9040914354934,51.9520694602681,15.9083409201455,64.6394771281697
7,3,12.9503761735254,53.9326150397728,11.666450919633,66.2056137365589
8,3,12.56341691286,49.8037203076954,10.9743194811321,60.5365220594656
9,3,12.7511629504082,53.6852169699251,11.5813334525763,66.7583812224189
10,3,12.7867348451985,55.8947514247741,10.950367132994,71.2590200487322
1,4,10.1891656408263,43.2293430779605,4.57244492398915,50.412437332187
2,4,10.2777832124197,24.0989566655456,37.9809155712669,26.028709367882
3,4,10.2350743976087,28.1605345429204,25.980261889202,30.0550844681024
4,4,10.2210286659509,27.0349680788992,20.1680222162929,29.5792732036046
5,4,10.5238066818116,41.7704107374184,7.30908871614094,48.8670980372768
6,4,10.2787751317244,26.2979952279498,25.9817139836602,28.4948604662386
7,4,10.341693718014,28.7592201545971,18.5255543368572,31.1794658438383
8,4,10.1902206109339,27.3931403451384,24.429124904622,30.5125443149741
9,4,10.516267056103,36.8652165008948,10.844905832298,41.733374786675
10,4,10.3662077240045,25.5107748154774,34.1547348098067,27.8483788030086
1,5,9.51051739635759,42.4444865473734,20.4383461275526,50.7751747467489
2,5,8.98964719220516,46.5602002656597,11.6405308616165,56.4597624698134
3,5,9.36198326509537,52.454739013033,15.6299013604672,65.5964287519829
4,5,9.33359935786558,35.0407091923361,34.4076817073738,40.5414862466603
5,5,8.52371398215154,34.6774766664447,16.5530371464054,40.6915098029853
6,5,8.89811364052965,46.9659128173817,12.5566010512889,54.8938123669177
7,5,9.50353310905324,49.6945296161464,15.6866407473251,60.8140993632453
8,5,9.04547290746054,37.6312559683452,18.4429582499224,43.1610466924025
9,5,9.50147826561736,39.3074991949216,37.3232425681022,46.1930788105265
10,5,8.92399714568464,45.028111345171,16.3817408306893,52.9394517990493
1,6,12.3530646077405,61.0673724906922,35.054389379509,78.4271233732998
2,6,11.8030004040202,56.8923833027988,35.7455477478083,72.7601726851927
3,6,12.3316729681374,51.7903545868168,45.0013022623654,63.8811002447211
4,6,12.1948867445452,59.3083783069229,69.3611362053369,74.9854298313401
5,6,11.8399567471077,60.0440698163427,28.8105546436011,76.7424397310021
6,6,12.1153495726772,62.3986019709768,37.2151695204181,79.0933610095826
7,6,12.2270226165432,52.7106533239481,43.1363840028738,64.6968697313034
8,6,12.370235386809,54.7619090693887,53.1334465015929,68.4979701949242
9,6,12.2463515343603,55.4491776932544,48.8373806335961,71.1540771459514
10,6,12.4812280445884,75.4659640679737,29.2457540137767,100.805751906789
1,7,12.3911951355933,24.7529936905252,7.46879533072014,26.4882790037733
2,7,11.8989488634601,26.1176998422619,5.58388006159264,27.335087579821
3,7,12.1830015982922,23.220377983891,7.20504634372874,25.0103877887855
4,7,12.139185545121,27.8974522662337,5.36705785998769,30.9828127992649
5,7,12.2373698245149,27.0555063485927,6.51285852102662,30.0932036654842
6,7,12.1848997304455,25.9458015675922,6.24561505583926,28.7819636171451
7,7,11.9805656529013,21.2931013030598,9.89879016866669,22.4056584430647
8,7,10.9568508031458,24.1898320974155,3.72638162776462,25.5917349562392
9,7,11.2538246267078,23.7648322681166,5.02983889795892,25.0448518522942
10,7,11.6671224252906,23.6578358925214,5.92122772548809,25.3374148773774
1,8,13.1034501596856,33.0619101941135,20.3207013295985,37.7028877510787
2,8,13.8130053471257,37.6702266115437,13.7753727601437,45.0989576895652
3,8,13.728180581702,41.182036317074,14.7533034324933,48.9272639838428
4,8,13.9122757290813,37.2797555661931,19.8281759490424,44.0870144225757
5,8,13.654489139744,33.4278423550157,19.6359231686495,39.0217209882339
6,8,13.8839747357804,40.9966315006013,14.0018183690043,49.2544256667709
7,8,13.541013056878,41.4895438531218,12.5096567732594,48.4697234182652
8,8,13.4323134330826,41.5735080580977,8.93232367515487,48.8126387930679
9,8,13.3021955915962,39.542960142519,11.2349915512752,47.0848952759956
10,8,13.0936150731533,37.050654215739,12.7571437781165,42.8970869572962
1,9,9.64326780120888,36.1187544777293,19.5042115826939,42.1831704786514
2,9,9.82454454559597,40.4553945662718,19.8178090802407,48.8041865098498
3,9,10.4895021702458,44.1844077070943,15.8229322545562,52.7763056339814
4,9,10.0701484554227,37.9369297955131,20.7250921818218,44.35423066365
5,9,9.72407243173936,43.552904317671,15.0008073285071,52.2532134670244
6,9,10.1436994355012,44.5443285813525,22.0263030092277,53.745048551098
7,9,9.80423931519888,47.3222757433026,18.1062164335703,57.3641153045827
8,9,10.3722129116319,44.3359976136074,29.1305397827202,54.4681505768916
9,9,9.73894576370077,41.6751355184169,17.370298297642,50.4576961481681
10,9,9.94727527050359,44.4958817375852,19.1872623127544,53.5958153711106
1,10,7.03286968248713,28.3665687858649,13.3746219745304,30.689313735815
2,10,6.83771092051017,34.5754105736095,6.18995390627883,39.3369319520954
3,10,7.22722330050193,24.4849092986519,27.9264895437347,26.8965549828421
4,10,6.88680191704467,23.3729596289796,20.7963273037772,24.4432498534733
5,10,7.24871677960377,26.440738104946,14.0927082145201,28.6206947903354
6,10,7.11652178603349,33.7380349147923,8.33774434715689,39.7965282358695
7,10,7.0649695881426,21.6720251037386,23.9299890504567,22.8793712575944
8,10,7.26483169538103,23.8776008756203,23.1499241205457,25.7161338062712
9,10,7.23016254700471,26.4963592194173,16.2506834094363,28.4789717262487
10,10,6.81839929279189,39.7207755891069,4.58017099337422,46.9614139323865
1,11,13.0235637954744,44.6842746490114,13.011624810399,54.5139330595391
2,11,13.3003706722264,50.8872632692592,14.2148723541114,61.3939758717291
3,11,13.369216738462,46.3196968240921,25.410869000582,56.10563595354
4,11,12.8986941209809,37.5422310698761,29.4690990786989,43.3517728967251
5,11,13.2086767869417,44.893345397742,16.747801054365,54.2496726674203
6,11,12.5306980147496,52.5939044950186,7.47229220036009,64.8193533363252
7,11,12.6278863100768,51.0118233522804,10.7473903528663,63.46708489914
8,11,13.290916325326,39.5349931618961,19.2192735615683,47.3843151609227
9,11,13.8890960762897,41.7456018787648,25.9734023050727,49.5558386475654
10,11,13.2542562382993,42.4325679058527,22.7688419894294,49.9354819658712
1,12,10.203857016878,51.5142681271349,20.1445922450041,62.7881315816884
2,12,9.9791487744536,43.1532456079263,18.4347127709042,52.0197873019062
3,12,9.89853460488476,58.0823594736294,21.6551088871644,73.6078304227198
4,12,10.2455952968161,48.7947838739874,18.4899067659585,57.9456457324251
5,12,9.83674916378592,45.0849485314151,19.6680799182551,53.0707621378197
6,12,10.0594943486943,44.7321610874465,26.129674941856,55.0957473442651
7,12,10.3683308032923,47.5835407653551,26.0630728633549,56.9498793606147
8,12,9.6636999804522,46.4236607789866,21.6305262250537,54.5820973053077
9,12,10.1632575843397,41.6964875965923,34.0178310921041,49.8021530603354
10,12,10.0249328562545,42.6910057270334,26.3213028560308,51.5209158692639
1,13,11.0743357441014,39.2836250563903,24.970763403706,46.0649881117695
2,13,10.6709816800889,34.5620524952261,33.062786504798,39.5972926273971
3,13,10.6846160920651,34.8222708171767,24.1291542778041,40.533554125075
4,13,10.3348559368595,33.7434084038961,23.0550901711849,39.0874818440641
5,13,10.9250851448364,47.0072260328143,13.8621887957732,55.7791124313998
6,13,10.7066797375131,38.5705101842116,30.3998363990215,43.5164753876662
7,13,10.3499784194446,33.7368652488603,20.6586066225192,37.8286325893967
8,13,10.5661917124101,37.1774627575126,25.6758087328263,44.0274134570019
9,13,10.8292310586572,48.9015682832547,13.3118317878671,58.3977050370871
10,13,10.6214681614232,37.4854064831583,35.9885675427953,43.6961537441996
1,14,12.9168818185064,48.1139504094155,6.04151416538588,57.6570923248786
2,14,12.8485813329046,29.5486771177701,80.1931093124453,33.1975706202254
3,14,12.025643088161,48.3661442844053,2.81407671366984,60.447895592908
4,14,13.0408161156725,28.5526689438556,54.3746283685847,31.4783680787664
5,14,12.2924395781109,45.5121935998636,4.05259479067571,56.0270482666123
6,14,13.0611836958677,28.9859024939862,61.165812529453,31.943050881627
7,14,12.3272414360472,50.1025759200093,3.38751818265392,60.5416373412491
8,14,12.4355801895076,28.5326671168018,69.4155996337647,31.1417130286953
9,14,12.0719946057029,48.6944487252008,3.1264849536879,60.330945341895
10,14,13.1670561478183,28.5572089650551,89.4458544866174,30.543891286406
