rep,id,eta_Cl,eta_V1,eta_Q,eta_V2
1,1,-1.81019092302752,-0.805424058514869,-0.415214561881825,1.03963187979518
2,1,-0.525010384843044,-0.472354526585104,2.62586886930823,-2.18623459225355
3,1,-0.90801086392431,-1.0523007508403,-1.76318665765054,2.93271403033309
4,1,-0.919125118416395,-0.796578143794903,-0.912954384459629,0.052353295223341
5,1,-0.559240111842095,-2.6679159278042,1.46019862708578,-1.38856095912556
6,1,-0.867115464635516,-1.32510822832211,-1.78961910911249,0.454208233614765
7,1,-1.28585778865208,-1.13018755507994,0.333915674535658,0.186032192565109
8,1,-0.770877763048811,-2.48688704993951,1.2966441490134,-1.12890173213276
9,1,-1.40525310301831,-0.891007315609356,1.64639013173244,0.183256901969892
10,1,-0.571251130727868,-1.20450935201555,1.53586603004497,-2.35057213820234
1,2,0.362141545945173,-0.968950844476429,0.262853655392341,-1.20462691429347
2,2,0.111624343268915,-0.831054958894354,-0.413515121288441,0.244794597369372
3,2,0.292989195441022,-0.388696366983589,-0.0470524233629433,-1.14582948465812
4,2,0.239456216372357,-0.594139136460686,-0.399982234573294,-2.07130640420953
5,2,0.417244316262753,-1.16813340979044,2.18134097114833,-1.1935419448368
6,2,-0.564622964105693,-0.549550677041878,0.548706916680701,1.3832098334587
7,2,0.400024030772673,-0.539647433804092,0.0689774711221379,-1.14492663712377
8,2,0.288907419685693,-0.239287680926815,0.279955401420073,-0.0321435976396793
9,2,0.320142355258756,-1.57887073244817,3.36020620140457,-1.40848865381687
10,2,0.114181987121153,-0.336096858196732,-1.59782270739657,1.6603006005999
1,3,0.146381274020194,-0.810171539207549,0.140613744140987,-0.0362745179181619
2,3,-0.209103803428772,-0.400441381795082,0.0876172976953786,1.0981820869605
3,3,-0.0428318823564554,-0.561285693670726,-0.184390276339023,0.230607892966912
4,3,-0.285100708308787,-0.713691449383825,0.463548712712295,1.21054109659199
5,3,0.122159440833718,-0.502245188102768,-0.204430969044453,-1.00017258020883
6,3,0.236698335805913,-0.629187262760368,0.963886789243905,-0.2373480930517
7,3,0.209337526159838,-1.2582324750887,0.350049940198923,-1.18332984721006
8,3,-0.00057013002829534,-0.566537424980689,0.350753634589248,0.459568463275435
9,3,-0.305364300659453,-0.79818996053626,1.11847014987532,1.37471260422088
10,3,-0.105366702593633,-0.0974147739924463,1.14561335611437,0.739871647418004
1,4,-0.370265637966637,-0.502904042286296,0.00871449598631679,0.952838150920809
2,4,-0.0248545269609841,-0.875679862610603,-2.27790343836203,-0.753291025981152
3,4,0.0569377463641267,-0.929188465491153,-0.440285099922059,-1.40436494235776
4,4,0.209492608375139,-2.04507125964084,1.99447713065774,-0.73577686157801
5,4,-0.212356390037747,-1.14548864372502,-0.70723972549352,-0.0333310594338577
6,4,-0.623854404189127,-0.457263785308097,-0.323723865646831,0.981357794713358
7,4,-0.034655274194434,-0.540774417682434,-0.547604694669689,-0.739266958953895
8,4,0.0615713336405044,-0.636008825102835,-0.361034005580465,-0.673471789363079
9,4,-0.0101634625864737,-0.380319798597681,-0.990493863166032,-1.50411660447281
10,4,-0.0498938985000577,-0.938433199538148,0.218562090285935,-0.432136996495469
1,5,-0.0312743899984732,-0.609763806318314,1.21284788966804,-1.72241375076063
2,5,-0.244234136436596,-0.155285686602025,-0.830575237459046,0.457359528582286
3,5,-0.86616548335178,0.0196671274865402,-0.209293351036557,1.20795293251871
4,5,-0.0678777709080967,-0.523522555707361,1.43180205845512,-1.41470095095591
5,5,-0.0761590318492639,-0.432383950013287,1.03938234111023,-0.0235450903661591
6,5,-0.717018735062258,-0.434717843857927,-0.730197440232926,2.53527880619322
7,5,-0.578251061954263,-0.923362568764376,1.24466392660584,0.466114227979397
8,5,-0.24785097503129,-0.242309463387892,-1.61488690201106,-0.0836769177000708
9,5,0.131967403028331,-2.24749417454646,1.97346879284674,-0.214013983906317
10,5,-0.0459001869410946,-0.960286684438942,1.57937035520436,-1.24263381772071
1,6,0.0397280129465979,-0.303581276421461,-1.55079703425131,-0.415986804079283
2,6,-0.429896732605736,0.329745521129887,0.686789519067596,0.829649318124661
3,6,0.123624847267048,0.580857037147539,-3.16655228663831,1.54090163105862
4,6,-0.031158561337387,0.814869407752945,-2.93003255247411,1.2543004329418
5,6,0.0946176520680611,-0.158212279349656,-0.147697051414146,0.210789182746341
6,6,0.0619712464787249,0.115914127501245,-1.56458942692396,1.23250002293686
7,6,-0.135807049489438,0.199424421010572,-0.179879573782998,0.285745752932388
8,6,0.0711692155585902,0.0477174733384595,0.818768264994396,0.0173441365058362
9,6,0.200201386125235,-0.803549118970938,3.19151098441843,-0.377636259526669
10,6,0.186023379311341,-0.164468460843233,-3.56699896172144,3.99828640582442
1,7,-0.0980429652328833,-3.64589818715646,2.82530500564354,-2.02672136886829
2,7,-0.401929399546259,-1.1576151106895,-1.15715830983627,0.966037656258833
3,7,-0.154377359666976,-0.878311968240231,-1.1868630930925,0.732558452514045
4,7,-0.16277071514068,-0.869666416142906,-1.11210575123128,0.872372384745718
5,7,-0.115699143146362,-0.687459323485424,-2.13831437421948,2.29001999806483
6,7,-0.197215090696552,-0.955360813671324,-1.96789014889315,-0.322894143299136
7,7,-0.0431195547754789,-0.465316025563409,-1.27239796594524,2.28854032780879
8,7,-0.259351889747497,-1.33048122125949,-1.43692970843811,0.0548374198274034
9,7,-0.485617813502882,-0.813753540121185,-0.761291879998102,2.3877255237586
10,7,0.0401273431640588,-0.386846564871886,-1.15578931315727,2.47491926644754
1,8,0.412411929365791,-0.499853425662565,0.00747095921886494,-0.55423351341126
2,8,0.489271945424871,-1.34327521269085,1.54806308900074,-1.12932970760872
3,8,0.479590084190882,-0.327205603631964,-0.273436942068194,-0.113975238805812
4,8,-1.16975765679754,-0.602866802567524,0.452447769726454,1.9427007464767
5,8,0.17060058559411,-0.782723108649713,0.422481816863228,0.767685334168876
6,8,0.213019039315722,-0.618081046478362,-0.6685567874041,-0.290011482058587
7,8,-3.44066589996465,0.0924948977437641,0.803584120446181,1.97146421056808
8,8,-0.0552316096807517,-0.963164150900718,-0.498164859750361,0.726465929050523
9,8,0.300488318128938,-0.470385693944381,-0.728232698812102,-1.1538088076234
10,8,0.248406066152764,-0.570047899383776,-0.0364902627487331,0.200548699003462
1,9,-0.31257189212197,-0.255699693965928,0.631774998329967,0.0575667659711048
2,9,-2.580388095438,-1.56724051066502,0.830347924702045,1.59941050010145
3,9,-0.0856038361078546,-0.617146239853719,1.02578524827743,0.0843713533814
4,9,0.11311190666978,-0.537213327607788,-0.0294783406697635,-0.763361947187707
5,9,-0.5453768299672,-0.284727945284998,-0.740448062678359,0.278890865288962
6,9,-0.236735818590931,-0.528850418908794,-0.0310088311405385,-0.0440168066533593
7,9,0.04898524629111,-0.158416449440519,-2.00487686367589,-0.233474436120861
8,9,-0.258480636148054,-0.500722427345454,-0.955204234874069,-0.392461898429765
9,9,-0.0243364939102336,-1.66169514934866,1.62641806264113,-0.704175122825513
10,9,-0.198195885275071,-0.745012075771569,0.50303288931681,0.265955490944099
1,10,-0.20298826996228,-0.896670929559592,0.753056642103941,-2.3296258396318
2,10,-0.193728705554922,-0.76444947572035,-0.21631039219449,-1.43351812773843
3,10,-0.699686131944714,-1.17258607181605,-0.530068045918578,0.111520646392554
4,10,-0.752709407488998,-0.536200543216124,-0.809290604991651,0.16339055688216
5,10,-0.31121253396849,-1.14791400527155,0.419906284284228,-0.976057787234343
6,10,-1.26715721480363,-1.0730973378797,-1.05831621034925,2.34135047114012
7,10,-1.07459593674795,-0.656126630367456,0.417298667758989,0.519381697797225
8,10,-0.496092307752005,-0.932512275640621,-1.69143368036131,0.035563186904888
9,10,-0.296059754556639,-1.43045779411045,0.455425708473368,-1.85529269956562
10,10,-0.414144121633771,-0.804727043883552,-0.221619525015225,-0.783484993958542
1,11,0.359905183244221,-0.200046927277685,0.398785193069486,-1.096962201091
2,11,0.250406624562578,-1.66740906996658,0.771189143433734,-1.37792685377462
3,11,-0.174968481437642,-0.42223724526068,-0.880101848382829,3.462434040324
4,11,0.0594545243395801,-0.657482580633385,-1.08280063612895,0.117829404287253
5,11,0.176855038771983,-0.313284119943421,-0.0676460833147139,0.103541218350521
6,11,-1.34919396260805,-0.784532451914496,0.467778871286114,2.21600163367586
7,11,0.115754798361515,0.0133910509702206,-0.972928383390211,0.483725405374947
8,11,0.0840283037844399,-0.28583590751575,-1.47764880630482,0.130630205124218
9,11,0.172944108452093,-0.829780801077423,0.274749215651384,-1.97038774670725
10,11,0.242796598832986,-0.293637676139104,-1.76919337204168,-0.553542275100604
1,12,-0.39032915271331,-0.0471884654860965,0.254664488716325,0.779418407703165
2,12,-0.0231817930194435,-0.709804453849513,-0.15093276903716,-0.84269501265228
3,12,0.220230604152925,-0.195639678696322,0.844013499974389,-0.577985552800719
4,12,-1.0341660707772,-0.49652564663126,0.604687744297358,1.20531774655496
5,12,-0.402630948604305,-0.878163117282645,-1.72784010365096,-0.595486080702913
6,12,-0.0594542318444188,-0.128255238173616,-0.763221924596179,0.142604123487508
7,12,0.147337797229386,-0.876301584243053,2.70446533960925,-0.692080124354343
8,12,-1.83806897118723,0.0156375382071294,0.591897661057306,1.37246015707012
9,12,-0.207435279263987,-0.613839092328293,-0.49318528430212,-0.708369423104013
10,12,-0.255773913976886,-0.139937641001812,-0.835411386751951,1.15302939609576
1,13,0.0660818996747479,-0.576500107786371,0.467485504423305,0.249774078490717
2,13,-0.344489728332394,-0.681368224303822,-0.427569136599082,0.536385534817369
3,13,-0.0281939604346481,-0.471436414954462,1.75135076634501,-3.35001828022807
4,13,0.0123308269503604,-0.763623177968492,1.66973262370441,-2.34207216506097
5,13,-0.119291054358165,-0.166505806453981,-0.709469128074771,1.0512585251084
6,13,0.110416106172606,-0.254420973025963,0.496755085109581,-1.73181727588381
7,13,0.00342528113834887,-0.770235295833639,-0.219770015134813,-1.48093927313865
8,13,0.125567388120299,-0.216464061391112,-2.63173542924782,-1.39521790151581
9,13,0.108921975556911,-0.239568343074343,-2.16089032618199,-2.13906834430273
10,13,0.274227684895425,-0.174669586239936,1.69360437766885,-2.79346367431166
1,14,-0.235645720862988,-0.2844647462125,-0.62897123044763,2.11012966276551
2,14,-0.22616474101913,-0.520286459724274,-0.583536694577265,2.12948404951046
3,14,0.246020089708889,-0.845593574525392,1.70749128150492,-2.75121614032171
4,14,-0.165760990404384,-0.467350544730776,-0.32006233885868,1.44964425223984
5,14,-1.33644572012787,-0.375462215471966,-0.0485435591235412,3.51436083351659
6,14,0.145998528107769,-0.62679748632017,-0.339658838385192,-0.0534010697754114
7,14,0.143865105121656,-0.214418463338064,0.441799941862503,0.755210533031974
8,14,0.362506294947912,-0.541102850485339,-0.541217524105233,-2.86092898210052
9,14,-0.566342574717853,-0.0349201825334376,0.354347119329794,1.89877182710827
10,14,0.0320093756015148,-1.21102633535579,1.22722588644305,-2.52575430370813
