rep,id,eta_Cl,eta_V1,eta_Q,eta_V2
1,1,-1.9730290844991,-0.277076908757453,0.563262336361223,-0.319153868682156
2,1,-2.01902182167752,-0.403418175244747,-0.0784020596318849,-0.457910555937272
3,1,-2.04939537209052,-0.302534129617052,-0.247321437337811,-0.385027734922982
4,1,-1.98775877869982,-0.431592059063761,0.235374676503604,-0.503362550579535
5,1,-2.0372296875823,-0.316040809785278,-0.11045566109043,-0.384005260574036
6,1,-2.00285852361015,-0.406111279266944,0.760662529692341,-0.459903187067904
7,1,-2.01595387666251,-0.267778520418241,-0.0374713985845302,-0.33915178625809
8,1,-1.95230070720468,-0.324649035080015,0.539894404569084,-0.397133865999399
9,1,-1.97973187822722,-0.38213542225143,0.157765713564784,-0.446125031011197
10,1,-1.99296055585687,-0.50684088088925,0.24564048979979,-0.592913442627107
1,2,-1.14026920214433,-0.158963183587749,0.468635062256687,-0.20709607302813
2,2,-1.15726427738994,-0.274112384568066,0.633199612314121,-0.346117406297606
3,2,-1.14783230777622,0.100302421161562,-0.230637213993718,0.119916300744694
4,2,-1.10534873120757,-0.0124049654144371,0.0380405360349583,-0.0299432468606419
5,2,-1.09510412198428,-0.160147967340847,0.846928767919188,-0.186255986617642
6,2,-1.14092021820596,-0.215268616497372,0.703053270708563,-0.276588307419352
7,2,-1.14156540042173,-0.0027965255330883,-0.231040744004901,0.011378474179557
8,2,-1.1670969550494,0.16884510279516,-0.707888081312123,0.199115049961525
9,2,-1.13047526268177,-0.0788812521052123,-0.178054941208846,-0.0737645133568604
10,2,-1.09088542028555,0.0318522735721245,-0.0250317086214314,0.0405757750008077
1,3,-1.14732980614478,0.212597052038908,0.0241168471200909,0.253900769577169
2,3,-1.15227460165902,0.286291123104495,-0.174144769247888,0.321544741620693
3,3,-1.15332727826196,0.0945102140021557,0.130260823829943,0.124862509817254
4,3,-1.19623462934048,0.191235711747208,-0.429705267572619,0.26484658930039
5,3,-1.11319814859325,0.188577339113634,0.0884997680580536,0.233353534219661
6,3,-1.15763779058534,0.237204485685658,-0.258751788909055,0.216236912481105
7,3,-1.11559155679568,0.257184529477251,0.0346671139394021,0.28472037653779
8,3,-1.12259544245572,0.169827326978166,-0.183173301294256,0.153739740233234
9,3,-1.165540402769,0.124703147336619,-0.015305273306496,0.169044639662788
10,3,-1.14644122054761,0.157272237685173,0.232954356196492,0.177597724116633
1,4,-1.37390338089858,-0.177337346202087,-0.45455592974619,-0.226073559448599
2,4,-1.3790685093494,-0.500169365359106,0.298194140489347,-0.629235293896655
3,4,-1.32613217364814,-0.438567175513558,1.21981708939627,-0.548568260103914
4,4,-1.35407546493849,-0.401785435539812,0.423864377343478,-0.449961568047443
5,4,-1.38245671981685,-0.077834631858716,-1.027182639216,-0.101670012683058
6,4,-1.37743655441522,-0.600087938949341,1.26284129195747,-0.696193497487121
7,4,-1.39010310323761,-0.307198069476009,0.184863030642679,-0.391588566497674
8,4,-1.43958920148113,-0.280032368260921,-0.516857014946663,-0.337548340149241
9,4,-1.36589993761784,-0.0949818166905595,-0.549589648755395,-0.130830660237321
10,4,-1.37629734521247,-0.46903581120514,0.415137120037481,-0.562924157616412
1,5,-1.43456711871213,-0.0579500535499129,0.487715689887348,-0.0651559822984696
2,5,-1.48093023564796,0.145163532417262,0.29603969852607,0.152041217513725
3,5,-1.44354562697312,0.109359029986191,0.293817790588659,0.153384427402395
4,5,-1.48015856386014,-0.023799394477687,0.210107118226752,-0.0165604544879629
5,5,-1.44927253109538,0.0802828245292746,0.19585617613514,0.1044283235008
6,5,-1.50904484849323,0.0184292819362682,-0.0813248873160805,0.0260299047029428
7,5,-1.48239340397366,0.134146427814673,0.0494040687714894,0.167498140222947
8,5,-1.45036253264657,-0.0729446780796007,0.579299848205267,-0.0895823251109985
9,5,-1.55323392072905,-0.00526583060901877,-0.222488427281611,0.00705502852753485
10,5,-1.47578843616224,0.00914987216710256,0.32839462141361,-0.0206592677294123
1,6,-1.16406466727694,0.390591188165674,1.35757330034187,0.448516334019801
2,6,-1.21782975814074,0.473051945195442,0.758057201525557,0.560249254937378
3,6,-1.17693849115845,0.261154121614113,1.56481895778721,0.334096896766659
4,6,-1.25219504309403,0.616226680092812,0.228523496790234,0.737498057987162
5,6,-1.19833336889938,0.331005742432027,0.80698422334829,0.404387346519535
6,6,-1.2352788867047,0.383086168134995,0.671157897928157,0.439600099678908
7,6,-1.22397168194007,0.155864152522884,1.24598060182131,0.178129139117523
8,6,-1.2135027585389,0.541704334277855,0.901124270183565,0.63575055446244
9,6,-1.21714409373223,0.285570070945515,1.0011014142919,0.347836161533524
10,6,-1.2004432877737,0.416451614060945,0.700582193980558,0.47928453944621
1,7,-1.18606692966198,-0.590805747170023,-0.405495392368692,-0.716184498356159
2,7,-1.25255004184818,-0.632670438547719,-0.641004338463189,-0.729856428861017
3,7,-1.21870534868293,-0.581282166666562,-0.7303079578009,-0.690175686746334
4,7,-1.24495889647214,-0.645298583884119,-0.622263796185343,-0.729171760338208
5,7,-1.19660516997376,-0.565201226480805,-0.626465634407895,-0.675451063785188
6,7,-1.24890583390856,-0.605078507251629,-0.865750787886593,-0.757127626527747
7,7,-1.24013298771918,-0.651417814681179,-0.77180719278591,-0.767055546513686
8,7,-1.22167545461643,-0.576166958517031,-0.674016232284227,-0.67102832860472
9,7,-1.21031722196582,-0.548804104762593,-0.581192948668921,-0.645139864862896
10,7,-1.21216184319461,-0.540757810941592,-0.74411370077173,-0.617995376049064
1,8,-1.11824963447731,-0.109161971960755,-0.0151777833770824,-0.0889525586343659
2,8,-1.08499146061816,-0.071828478128806,-0.201570227939129,-0.0869878147759859
3,8,-1.11601544627633,0.0613848525700251,-0.618414341286182,0.0625057992720985
4,8,-1.13854009430857,-0.276095672389797,0.273047021056359,-0.34951049756639
5,8,-1.13620147941663,-0.200000702966315,0.0104785012363817,-0.229909577040092
6,8,-1.13662354935842,-0.250175984748852,0.361730577394597,-0.272658776037963
7,8,-1.06398164037367,0.033095276191079,0.0102124663802643,0.052701670982806
8,8,-1.12018338153559,-0.280123840165849,0.441712298420921,-0.331346854567892
9,8,-1.1443652862621,-0.2174071417244,-0.200634078602455,-0.242923659472799
10,8,-1.09120397204965,-0.147604656251528,0.186094356144371,-0.167981178271471
1,9,-1.38613838826153,-0.0545812590131257,0.359862457597816,-0.0545592803256665
2,9,-1.39993703016509,-0.105299615773471,0.335649510645701,-0.123786895771756
3,9,-1.38810125964073,-0.0519991218791065,0.5408284910363,-0.0881449523107004
4,9,-1.41348121385161,-0.102982417775214,0.120169209958273,-0.134065156037943
5,9,-1.41134326775336,-0.13103393390161,0.422013694382491,-0.145708664131512
6,9,-1.41848726103906,-0.0818901867480568,0.393445759282401,-0.0829481960704538
7,9,-1.35090901717605,-0.0312004208076935,0.286578574601285,-0.0273467348789691
8,9,-1.41090314846053,-0.217289437146449,0.426414090059328,-0.253263962714332
9,9,-1.43063936008711,-0.0613217030804345,0.117580155145672,-0.0692968985585613
10,9,-1.41007665942996,-0.00168229381241802,0.260518273136146,0.00267843858115903
1,10,-1.73612553382153,-0.457658900072522,-0.267223972929452,-0.54815084179774
2,10,-1.77057388630022,-0.239616860175375,-0.889581873520258,-0.267565181247738
3,10,-1.72909923171743,-0.447393787241368,0.186535071182611,-0.559678132808674
4,10,-1.77406078581993,-0.248451805591675,-0.856949453874422,-0.316394149167012
5,10,-1.76096811888277,-0.363729953614941,-0.611670798005378,-0.446553759243169
6,10,-1.75793705736274,-0.286124310606602,-0.123666304310652,-0.365211520738857
7,10,-1.74100445725365,-0.595422614771059,0.730508400638812,-0.688771963090203
8,10,-1.75901700522473,-0.533262128305944,0.155649359502647,-0.620243396986351
9,10,-1.72596565277344,-0.489344171960938,0.409100995361709,-0.619272466669675
10,10,-1.75783235563259,-0.271579114920737,-0.863010246745607,-0.294103233224039
1,11,-1.10203228590205,0.0753084112153007,0.351140952533588,0.0884560057869218
2,11,-1.0852902741543,0.0806713213986601,0.126407068269594,0.0820279563419312
3,11,-1.12012602652487,0.121602609278797,0.149358611096058,0.131680536786108
4,11,-1.17340811174599,-0.208974988118422,0.524179696367825,-0.256068577406928
5,11,-1.1372501269441,-0.0358076710734782,0.199984004265094,-0.0341058145115861
6,11,-1.1242321785442,-0.0585132165597153,0.452906630101913,-0.0805908961563645
7,11,-1.13500792072637,0.0302733137808155,0.381992016727223,0.0399923248897202
8,11,-1.13599717264752,-0.0863320013846584,0.535834017948887,-0.104748398450625
9,11,-1.14742655395104,-0.0516751748718751,0.13459492355086,-0.0756431832298487
10,11,-1.15173559571103,-0.035389094692002,0.195354508302362,-0.0539783094345675
1,12,-1.40981513894205,0.151893893213713,0.586263411999289,0.181178578237903
2,12,-1.38540151620184,0.115280515241205,0.625186462138374,0.120776498069975
3,12,-1.40243631281268,-0.0248107628569238,0.413882302171654,-0.00546024838514111
4,12,-1.39205155871825,0.0251866831871023,0.222631761139327,0.0378090092902291
5,12,-1.36758641649549,0.10769811611414,0.352848291132714,0.124498831822751
6,12,-1.39929141660122,0.137466583582473,0.223602423783328,0.127599633109614
7,12,-1.41477223184559,0.163478750485474,0.426473806024535,0.181554320110399
8,12,-1.36546572168943,0.0705597291681092,0.382033644385681,0.0571048960887929
9,12,-1.38284908947469,-0.0529101638960112,0.568729552354082,-0.0873039706146184
10,12,-1.40564630325276,0.201219770848026,0.401595781529646,0.261510442116768
1,13,-1.36233396699794,0.0972406293166649,-0.271205924270867,0.105801024679349
2,13,-1.3528132098336,-0.113953003310646,0.51059523910062,-0.149317227381597
3,13,-1.34657953295848,0.0562131760884713,-0.209759103496914,0.0951630982447444
4,13,-1.34616353068841,-0.175540964120169,0.595046279529374,-0.211440229928364
5,13,-1.32308350504348,0.0221036160743892,0.0788736995047555,0.0333884521375114
6,13,-1.29937093653097,-0.0646933192186386,0.683770761602334,-0.0899411937051669
7,13,-1.32013809922114,-0.155763566298739,0.354646879899912,-0.164247166935402
8,13,-1.3378485122566,-0.180066682437072,0.524140596362454,-0.222124571049737
9,13,-1.35753737002171,0.151485280996675,-0.332582699053778,0.172213713208863
10,13,-1.31225410674812,-0.0803056364154482,0.722718073495583,-0.124213019173093
1,14,-1.20544789558574,0.116891792371726,-1.54786996166196,0.15267672518513
2,14,-1.16002047455785,0.110119927711888,-1.00630418667478,0.158900189588627
3,14,-1.1849063277797,0.0790032937099634,-1.2181580620578,0.0928237386587117
4,14,-1.19377084830672,0.0539886019810757,-1.03023682790594,0.082974807361849
5,14,-1.15625708015762,0.113744257352659,-1.34023080102511,0.12798530757203
6,14,-1.14598863669465,0.132925066609273,-0.966579944213598,0.165766929211476
7,14,-1.20662776552505,0.0670403993655385,-1.49589075946917,0.110739155402399
8,14,-1.18311788141626,0.164646988763386,-1.45231688804539,0.171402284590645
9,14,-1.18018530225845,0.0549864669538599,-1.22210914357448,0.0916126976249604
10,14,-1.1507983128866,0.184162022677977,-1.1916656575012,0.237291590055642
