iteration,convergenceIndicator,phase,Cl_pop,V1_pop,Q_pop,V2_pop,omega_Cl,omega_V1,omega_Q,omega_V2,corr_V2_V1,a1,a2
1,1411.41,1,10.3539,40.7043,12.5628,48.0097,1,1,1,1,0.998761,1,1
2,1390.82,1,10.5118,49.215,19.4265,58.8718,0.974679,0.974679,0.984019,0.974679,0.998761,0.974679,0.974679
3,1388.83,1,10.4265,45.4684,18.8469,55.2828,0.95,0.95,0.966154,0.95,0.998761,0.95,0.95
4,1368.73,1,9.30136,50.3257,21.8017,60.9673,0.925945,0.925945,0.973879,0.925945,0.998761,0.925945,0.925945
5,1359.54,1,8.92196,52.6134,17.5341,63.4881,0.9025,0.9025,0.972907,0.9025,0.998761,0.9025,0.9025
6,1350.35,1,9.29342,55.3573,17.8946,66.5165,0.879648,0.879648,1.03614,0.879648,0.998761,0.879648,0.879648
7,1340.06,1,10.0968,56.0926,19.8116,67.6078,0.857375,0.857375,1.0099,0.857375,0.998761,0.857375,0.857375
8,1325.57,1,10.4139,51.7079,20.5822,62.1254,0.835666,0.835666,0.984332,0.835666,0.998761,0.835666,0.835666
9,1321.52,1,10.4304,58.6178,18.324,70.2782,0.814506,0.814506,0.959408,0.814506,0.998761,0.814506,0.814506
10,1300.68,1,9.97699,50.7906,16.389,61.4622,0.793882,0.793882,0.935116,0.793882,0.998761,0.793882,0.793882
11,1284.18,1,10.6238,48.7156,19.2309,58.7964,0.773781,0.773781,0.911438,0.773781,0.998761,0.773781,0.773781
12,1279.3,1,10.2307,47.2597,19.2021,56.8559,0.754188,0.754188,0.88836,0.754188,0.998761,0.754188,0.754188
13,1286.49,1,10.6031,47.7867,22.0479,57.209,0.735092,0.735092,1.00686,0.735092,0.998761,0.735092,0.735092
14,1267.22,1,10.3713,47.0422,19.2402,56.3657,0.716479,0.716479,1.08722,0.716479,0.998761,0.716479,0.716479
15,1248.24,1,10.7183,47.8413,22.1855,57.3923,0.698337,0.698337,1.05969,0.698337,0.998761,0.698337,0.698337
16,1248.2,1,10.0316,44.0969,26.6203,52.7376,0.680655,0.680655,1.04681,0.680655,0.998761,0.680655,0.680655
17,1237.61,1,10.2417,44.7508,24.1592,53.7893,0.66342,0.66342,1.04332,0.66342,0.998761,0.66342,0.66342
18,1229.88,1,10.7663,51.6962,23.4653,62.2818,0.646622,0.646622,1.05298,0.646622,0.998761,0.646622,0.646622
19,1219.6,1,10.611,49.7267,25.4902,59.8315,0.630249,0.630249,1.09941,0.630249,0.998761,0.630249,0.630249
20,1207.54,1,10.7846,46.0016,20.539,55.1507,0.614291,0.614291,1.08988,0.614291,0.998761,0.614291,0.614291
21,1190.8,1,10.9266,46.7122,20.8629,56.1902,0.598737,0.598737,1.06229,0.598737,0.998761,0.598737,0.598737
22,1187.76,1,11.2284,47.7404,19.2726,57.8576,0.583577,0.583577,1.03539,0.583577,0.998761,0.583577,0.583577
23,1174.86,1,10.6826,46.7272,17.1342,56.7402,0.5688,0.5688,1.00917,0.5688,0.998761,0.5688,0.5688
24,1156.26,1,10.5612,43.7765,15.2686,52.7162,0.554398,0.554398,0.983621,0.554398,0.998761,0.554398,0.554398
25,1158.72,1,10.9811,43.7661,16.6391,52.7209,0.54036,0.54036,0.982294,0.54036,0.998761,0.54036,0.54036
26,1135.07,1,10.897,45.7942,18.7518,55.2945,0.526678,0.526678,0.957421,0.526678,0.998761,0.526678,0.526678
27,1125.98,1,11.0002,48.6223,19.4562,58.5723,0.513342,0.513342,0.933179,0.513342,0.998761,0.513342,0.513342
28,1112.09,1,10.9589,48.7513,18.2787,58.3563,0.500344,0.500344,0.90955,0.500344,0.998761,0.500344,0.500344
29,1106.98,1,10.9653,47.2527,16.779,56.1035,0.487675,0.487675,0.88652,0.487675,0.998761,0.487675,0.487675
30,1097.02,1,11.0611,47.9129,18.7061,56.8095,0.475327,0.475327,0.864073,0.475327,0.998761,0.475327,0.475327
31,1096.49,1,11.1497,46.4355,18.5124,55.0717,0.463291,0.463291,0.842194,0.463291,0.998761,0.463291,0.463291
32,1078.22,1,10.7633,44.5922,15.2103,52.7907,0.45156,0.45156,0.820869,0.45156,0.998761,0.45156,0.45156
33,1064.01,1,10.6895,44.7859,13.1439,52.7552,0.440127,0.440127,0.800084,0.440127,0.998761,0.440127,0.440127
34,1059.3,1,10.4461,47.0594,11.7599,55.3082,0.428982,0.430304,0.801944,0.429725,0.998761,0.428982,0.428982
35,1048.75,1,10.6158,45.6184,12.1063,53.7083,0.41812,0.425871,0.781639,0.423007,0.998761,0.41812,0.41812
36,1050.4,1,10.6065,45.6838,13.909,53.8694,0.407533,0.435711,0.761847,0.433384,0.998761,0.407533,0.407533
37,1038.77,1,10.5476,44.0484,13.8518,51.7471,0.397214,0.424679,0.742557,0.42241,0.998761,0.397214,0.397214
38,1024.41,1,10.4823,43.0801,12.8842,50.5585,0.387157,0.413926,0.723755,0.411715,0.998761,0.387157,0.387157
39,1014.22,1,10.8072,42.9917,15.1669,50.5941,0.377354,0.403445,0.705429,0.40129,0.998761,0.377354,0.377354
40,1008.86,1,11.0739,42.7569,15.0115,50.4073,0.367799,0.393229,0.687567,0.391129,0.998761,0.367799,0.367799
41,1004.35,1,11.077,42.5599,17.7348,50.2362,0.358486,0.383273,0.670158,0.381225,0.998761,0.358486,0.358486
42,990.177,1,10.8551,41.6539,18.8219,49.0479,0.349409,0.373568,0.653189,0.371572,0.998761,0.349409,0.349409
43,974.559,1,10.8294,40.8929,22.2304,48.1021,0.340562,0.364109,0.63665,0.362164,0.998761,0.340562,0.340562
44,973.407,1,11.0982,40.934,23.152,48.3906,0.331938,0.358038,0.620529,0.357969,0.998761,0.331938,0.331938
45,974.396,1,11.166,38.9146,24.3295,45.9781,0.323534,0.348972,0.642431,0.348905,0.998761,0.323534,0.323534
46,970.953,1,11.013,39.632,23.4836,46.9197,0.315341,0.347908,0.644622,0.347737,0.998761,0.315341,0.315341
47,966.831,1,11.1762,41.3556,22.7741,48.9661,0.307357,0.348145,0.6283,0.347255,0.998761,0.307357,0.307357
48,950.908,1,10.9585,40.7263,21.36,48.1548,0.299574,0.33933,0.612391,0.338462,0.998761,0.299574,0.299574
49,943.672,1,10.7967,41.4193,19.0436,48.7695,0.291989,0.330738,0.596885,0.329892,0.998761,0.291989,0.291989
50,942.166,1,11.048,42.3146,20.1536,49.806,0.284596,0.322363,0.599083,0.321539,0.998761,0.284596,0.284596
51,935.077,1,10.9503,41.8727,18.1128,49.0766,0.27739,0.326021,0.588114,0.322756,0.998761,0.27739,0.27739
52,930.317,1,10.9462,42.7716,17.7623,50.0335,0.270366,0.318935,0.573222,0.314584,0.998761,0.270366,0.270366
53,925.387,1,10.8066,42.3082,17.2597,49.7308,0.26352,0.310859,0.558708,0.308367,0.998761,0.26352,0.26352
54,922.986,1,10.832,42.1577,16.1477,49.6912,0.256848,0.302988,0.544561,0.300559,0.998761,0.256848,0.256848
55,912.603,1,10.8906,42.1698,16.3489,49.8653,0.250344,0.295316,0.530773,0.292948,0.998761,0.250344,0.250344
56,921.651,1,10.7615,42.7507,16.4906,50.5606,0.245362,0.301239,0.561119,0.297168,0.998761,0.24517,0.244005
57,918.448,1,10.7108,42.9852,14.257,50.8854,0.248679,0.293611,0.584473,0.289644,0.998761,0.240422,0.237827
58,911.843,1,10.6906,42.4478,14.2564,50.2714,0.242382,0.286177,0.569673,0.28231,0.998761,0.240329,0.231805
59,912.861,1,10.665,40.8354,14.447,48.4862,0.237677,0.307757,0.555249,0.301718,0.998761,0.243626,0.225936
60,912.03,1,10.6785,41.0577,16.0683,48.5698,0.244811,0.299964,0.54119,0.294078,0.998761,0.248148,0.220215
61,905.911,1,10.6308,41.774,15.2699,49.5275,0.259319,0.292369,0.527487,0.286632,0.998761,0.260595,0.214639
62,904.49,1,10.6563,41.2437,15.5079,48.8997,0.261904,0.291871,0.51413,0.284622,0.998761,0.265029,0.209204
63,903.826,1,10.5321,41.3245,14.1476,48.9729,0.273909,0.291733,0.501112,0.286913,0.998761,0.272225,0.203907
64,896.105,1,10.4247,42.0048,13.5581,49.6655,0.271242,0.284346,0.488424,0.279648,0.998761,0.27158,0.198744
65,897.494,1,10.364,42.0156,14.0718,49.6653,0.285204,0.277146,0.500456,0.272567,0.998761,0.281763,0.193711
66,891.773,1,10.4954,42.6527,13.0623,50.3955,0.283242,0.278727,0.487784,0.276602,0.998761,0.28071,0.188807
67,887.942,1,10.2604,42.1866,12.8297,49.8631,0.276071,0.2864,0.475433,0.286473,0.998761,0.292644,0.184026
68,891.339,1,10.3131,42.1916,12.3251,49.7615,0.277826,0.279192,0.463395,0.280607,0.998761,0.288163,0.179366
69,883.723,1,10.1739,41.8404,13.1206,49.269,0.293477,0.272122,0.451662,0.273502,0.998761,0.304791,0.174825
70,868.977,1,10.0204,40.5455,13.4256,47.8177,0.307841,0.265232,0.440225,0.266577,0.998761,0.323531,0.170398
71,868.971,1,9.97827,40.3742,13.9005,47.6746,0.308101,0.259518,0.429079,0.26071,0.998761,0.324513,0.166083
72,870.015,1,10.0444,39.6225,14.1421,46.7418,0.315336,0.262271,0.443578,0.263115,0.998761,0.329932,0.161878
73,869.19,1,9.84442,40.5341,14.3727,47.9366,0.315858,0.25563,0.485373,0.256453,0.998761,0.340564,0.157779
74,859.074,1,9.92422,39.3375,15.3061,46.4874,0.30786,0.249157,0.473083,0.24996,0.998761,0.338474,0.153784
75,850.884,1,9.76611,39.7226,14.5138,47.0145,0.317432,0.242848,0.461104,0.243631,0.998761,0.346814,0.14989
76,847.879,1,9.8238,40.05,14.8656,47.4384,0.317164,0.247513,0.449429,0.247395,0.998761,0.353128,0.146095
77,852.122,1,9.7879,39.98,13.9252,47.314,0.309133,0.245572,0.438049,0.248025,0.998761,0.345432,0.142396
78,850.31,1,9.77092,39.7971,14.1721,47.2266,0.312305,0.258354,0.426957,0.262021,0.998716,0.353736,0.13879
79,846.902,1,9.76042,39.3098,14.6724,46.521,0.317146,0.251812,0.416147,0.255386,0.998712,0.362415,0.135276
80,836.661,1,9.78156,39.3878,13.8075,46.6633,0.324349,0.257855,0.405609,0.261111,0.999,0.361551,0.131851
81,829.776,1,9.78546,39.9668,14.0541,47.4598,0.329714,0.251326,0.395339,0.25585,0.999,0.365752,0.128512
82,831.264,1,9.80481,40.3578,13.8201,47.8807,0.321365,0.244962,0.385329,0.249372,0.998808,0.356491,0.125258
83,831.324,1,9.73067,39.9704,14.4613,47.5634,0.324928,0.239567,0.375572,0.243767,0.998766,0.36262,0.122087
84,821.625,1,9.6272,39.8143,14.292,47.5178,0.323859,0.245,0.366063,0.249103,0.999,0.367243,0.118995
85,823.789,1,9.59262,39.5823,13.9951,47.2377,0.329498,0.238797,0.378882,0.242795,0.998869,0.368463,0.115982
86,812.7,1,9.55273,39.5121,13.5475,47.2097,0.342538,0.232838,0.369289,0.236648,0.999,0.381615,0.113045
87,814.924,1,9.62956,40.098,13.9865,47.9306,0.333864,0.242764,0.359938,0.246194,0.999,0.374853,0.110183
88,802.972,1,9.67949,40.03,14.1514,47.8564,0.334384,0.236617,0.350824,0.23996,0.999,0.375424,0.107393
89,803.039,1,9.62779,40.2474,14.8643,48.2212,0.332627,0.235666,0.341941,0.239313,0.999,0.377429,0.104674
90,797.816,1,9.58167,40.2797,13.7788,48.2258,0.342641,0.236484,0.333283,0.236611,0.999,0.382968,0.102024
91,796.101,1,9.63877,39.9061,14.4218,47.7658,0.338268,0.249526,0.33366,0.250605,0.999,0.377909,0.0994403
92,794.239,1,9.64942,39.5571,14.7394,47.4273,0.346154,0.257045,0.327871,0.258785,0.999,0.379403,0.0969224
93,796.429,1,9.59667,39.243,14.5451,47.0469,0.33739,0.250536,0.319569,0.252233,0.999,0.385309,0.0944682
94,791.263,1,9.60734,39.375,14.6723,47.2172,0.342294,0.250275,0.311478,0.252374,0.998959,0.381768,0.0920763
95,790.285,1,9.57738,39.4156,14.4118,47.2339,0.342838,0.246281,0.316869,0.250344,0.998824,0.38442,0.0897448
96,785.549,1,9.51471,39.9162,14.7983,47.7361,0.360335,0.240045,0.308846,0.245236,0.998572,0.39366,0.0874724
97,790.747,1,9.49754,39.9105,14.2297,47.6861,0.351211,0.244125,0.303555,0.249623,0.998266,0.392513,0.0852576
98,788.762,1,9.47191,40.0177,13.995,47.8971,0.349501,0.237944,0.295869,0.243854,0.998014,0.391756,0.0830988
99,787.137,1,9.53082,40.1455,13.7536,48.1334,0.35202,0.238521,0.292854,0.24627,0.998059,0.388209,0.0809947
100,779.91,1,9.52572,39.5847,13.4131,47.4017,0.350492,0.23941,0.285438,0.247119,0.99789,0.388062,0.0789439
101,782.846,1,9.47026,39.3485,13.4822,47.0423,0.344678,0.233348,0.278211,0.240862,0.997257,0.391412,0.076945
102,782.971,1,9.46082,39.3693,13.6047,47.0891,0.344848,0.22744,0.271166,0.234763,0.996466,0.393412,0.0749967
103,776.119,1,9.43312,39.826,13.5347,47.8038,0.353965,0.222251,0.2643,0.23002,0.996915,0.400666,0.0730977
104,781.288,1,9.42342,39.5465,13.3349,47.7543,0.362182,0.217908,0.288332,0.225449,0.996456,0.403077,0.0712469
105,769.386,1,9.40031,39.5162,13.4807,47.7857,0.353011,0.212617,0.281032,0.222199,0.995985,0.400262,0.0694428
106,767.292,1,9.46158,39.0774,13.6536,47.1484,0.349983,0.210892,0.273916,0.222617,0.995939,0.392741,0.0676845
107,765.128,1,9.43672,38.5646,13.0909,46.6078,0.341672,0.211306,0.26698,0.222801,0.995415,0.394178,0.0659707
108,766.834,1,9.37612,38.7054,13.0221,46.6355,0.349217,0.209675,0.270244,0.219877,0.993098,0.398404,0.0643003
109,768.934,1,9.37165,38.9682,13.0974,46.9671,0.354976,0.207766,0.306007,0.215304,0.993558,0.40055,0.0626722
110,771.671,1,9.40008,38.7948,13.1751,47.0811,0.353212,0.211222,0.300892,0.218471,0.993588,0.39713,0.063247
111,759.865,1,9.45602,39.0173,13.4743,47.3582,0.347786,0.214228,0.293273,0.219894,0.992977,0.398233,0.0616456
112,752.891,1,9.45046,38.9332,13.801,47.2871,0.349858,0.216626,0.285847,0.220353,0.993148,0.399615,0.0600847
113,756.856,1,9.43358,38.7922,13.0478,46.8478,0.348526,0.219478,0.278609,0.222043,0.991184,0.400294,0.0585633
114,766.161,1,9.43803,38.7475,13.2157,47.3132,0.348832,0.218046,0.295702,0.22513,0.987203,0.398563,0.0577603
115,764.052,1,9.47069,38.4528,13.5272,46.8919,0.34758,0.22515,0.300408,0.224801,0.987729,0.397016,0.0571337
116,763.285,1,9.46744,38.6854,13.798,46.9923,0.348153,0.222816,0.323037,0.22879,0.989737,0.39685,0.0569842
117,754.741,1,9.4804,38.9566,13.8554,47.5091,0.348664,0.21949,0.314857,0.226447,0.991324,0.397341,0.055584
118,752.812,1,9.47817,38.8998,14.0155,47.2888,0.352176,0.216142,0.306885,0.220713,0.992355,0.400461,0.0558429
119,752.74,1,9.5141,38.9235,13.7624,47.2331,0.347531,0.219714,0.300224,0.221332,0.993008,0.398512,0.0562018
120,756.993,1,9.47236,38.5007,13.8361,46.5961,0.342028,0.219122,0.307435,0.218995,0.988635,0.395968,0.0558413
121,750.892,1,9.48191,38.1205,13.9496,46.2871,0.346069,0.213721,0.326822,0.215069,0.988669,0.397684,0.0544273
122,749.465,1,9.44289,38.0949,14.0584,46.0412,0.344811,0.226371,0.324093,0.226951,0.989987,0.399216,0.0530492
123,754.519,1,9.48135,38.174,14.272,46.2989,0.342254,0.222756,0.329085,0.228959,0.98893,0.395078,0.0542487
124,760.766,1,9.46786,38.5027,14.1503,46.6183,0.340482,0.223015,0.371837,0.223162,0.988225,0.395218,0.0551034
125,754.237,1,9.46002,38.4743,14.0916,46.9719,0.341592,0.217368,0.362422,0.226045,0.9884,0.395936,0.0537423
126,763.475,1,9.42245,38.6931,13.8008,47.3756,0.349877,0.22003,0.353245,0.226006,0.987434,0.4027,0.0547954
127,765.316,1,9.41973,38.8458,13.4577,47.6166,0.345909,0.222368,0.350836,0.23458,0.986511,0.399866,0.0551737
128,766.918,1,9.4652,38.9682,13.4324,48.0699,0.34465,0.224643,0.344521,0.237839,0.981837,0.394404,0.0551559
129,767.432,1,9.44801,38.8432,13.8135,47.8851,0.352683,0.226863,0.343118,0.24617,0.984769,0.399896,0.0547505
130,768.134,1,9.4575,38.8766,14.0874,47.8706,0.354229,0.23415,0.33443,0.243722,0.98491,0.401996,0.0548442
131,765.249,1,9.49302,38.8307,14.0426,47.7767,0.349056,0.228222,0.33891,0.237551,0.983944,0.397068,0.0548567
132,766.702,1,9.48434,38.8055,13.8824,47.9804,0.35338,0.227051,0.333901,0.231536,0.983892,0.401053,0.0549917
133,769.617,1,9.52301,38.933,13.8323,48.1208,0.346045,0.232908,0.327059,0.233622,0.987631,0.395544,0.057713
134,758.147,1,9.50739,38.8151,13.7771,48.1104,0.34443,0.237579,0.319064,0.235885,0.989755,0.397172,0.0562516
135,762.792,1,9.51468,38.9322,13.2338,48.2568,0.34599,0.233303,0.325575,0.230907,0.987169,0.39679,0.0554071
136,763.162,1,9.39573,38.4335,13.5926,47.367,0.349009,0.227396,0.327113,0.225319,0.98589,0.40445,0.0544558
137,763.457,1,9.46148,38.2262,13.7176,46.8695,0.340172,0.225261,0.341912,0.228938,0.986287,0.395054,0.0556923
138,769.479,1,9.41587,38.2193,13.1015,46.8982,0.347793,0.231455,0.36881,0.224315,0.986671,0.403444,0.0555561
139,764.382,1,9.41683,38.5587,13.5754,47.4898,0.352724,0.238277,0.359471,0.23049,0.988001,0.404182,0.0541494
140,758.827,1,9.45617,38.4692,13.155,47.2452,0.343793,0.238393,0.35607,0.231562,0.989463,0.400938,0.053595
141,754.718,1,9.44525,38.485,13.6138,47.0575,0.346735,0.237106,0.363093,0.227743,0.989762,0.402114,0.0523153
142,753.596,1,9.40915,38.2648,13.3532,46.8798,0.346789,0.234978,0.353899,0.225413,0.991101,0.404158,0.0529078
143,754.123,1,9.44973,38.6816,13.4796,47.0809,0.341453,0.242377,0.344938,0.230594,0.992157,0.400339,0.0542172
144,761.522,1,9.44766,38.7067,13.1832,46.9157,0.344283,0.242711,0.356776,0.228046,0.992376,0.402328,0.0554821
145,757.352,1,9.43653,38.0415,13.537,46.136,0.342973,0.239463,0.347743,0.223972,0.99279,0.403964,0.0549388
146,758.093,1,9.4561,38.1818,14.0495,46.444,0.345534,0.233399,0.351901,0.218301,0.98886,0.402098,0.0540951
147,759.351,1,9.43577,38.1267,14.2882,46.4625,0.348474,0.22749,0.402634,0.212774,0.99196,0.404499,0.0547298
148,752.247,1,9.44172,37.9624,13.8045,46.5897,0.348832,0.224457,0.392439,0.210988,0.992981,0.401389,0.053723
149,750.215,1,9.42609,37.8149,13.8275,46.4453,0.345249,0.229736,0.382502,0.215478,0.992777,0.403492,0.0526737
150,752.428,1,9.40677,37.5907,13.9034,46.0137,0.343956,0.230273,0.38762,0.210372,0.9937,0.402026,0.0540363
151,747.43,1,9.4976,37.894,13.801,46.5003,0.346265,0.233758,0.380672,0.219002,0.995108,0.398552,0.0537155
152,750.316,1,9.46123,37.8869,14.0207,46.5584,0.348925,0.23277,0.373652,0.219885,0.995164,0.402473,0.0541717
153,748.824,1,9.48522,37.6221,14.3817,46.2586,0.343055,0.230578,0.364191,0.21594,0.996105,0.397453,0.0562241
154,750.643,1,9.45979,37.5746,14.4736,46.1852,0.343304,0.233072,0.35497,0.221237,0.996905,0.401025,0.0568968
155,755.213,1,9.43841,37.4792,14.3129,46.2078,0.341616,0.235874,0.345982,0.225021,0.99632,0.402001,0.0579746
156,749.039,1,9.44025,37.5821,14.382,46.1923,0.348444,0.23361,0.337221,0.225283,0.996174,0.401578,0.0565066
157,752.593,1,9.4863,37.68,14.1096,46.3975,0.342821,0.236116,0.328683,0.228323,0.997071,0.397775,0.0591125
158,744.065,1,9.42848,37.5966,14.1759,46.195,0.350186,0.238983,0.324111,0.22898,0.997356,0.405261,0.0576157
159,735.904,1,9.49862,37.3174,14.3918,45.9316,0.341319,0.245236,0.315905,0.234286,0.998298,0.396686,0.0562884
160,735.978,1,9.5028,37.3127,14.5789,46.037,0.341366,0.244875,0.307906,0.233511,0.998541,0.397358,0.0568377
161,734.577,1,9.50293,37.2213,14.28,45.9555,0.338106,0.248182,0.300109,0.236323,0.998893,0.397464,0.0575889
162,731.978,1,9.50379,37.3005,14.3747,46.1233,0.346039,0.248407,0.316978,0.235106,0.999,0.399952,0.0563673
163,726.662,1,9.49014,37.0216,14.0528,45.7308,0.340458,0.248343,0.322429,0.233245,0.998971,0.398811,0.0549401
164,728.551,1,9.46241,37.1017,13.618,45.784,0.343961,0.244254,0.314265,0.229983,0.998909,0.401512,0.0550747
165,722.311,1,9.45011,37.0552,13.989,45.5676,0.340547,0.25138,0.306308,0.236358,0.999,0.401723,0.0550881
166,726.512,1,9.45068,37.157,13.6773,45.7498,0.339464,0.255492,0.298552,0.241065,0.999,0.398566,0.0555831
167,725.56,1,9.42067,37.1266,13.7768,45.6165,0.340063,0.256071,0.290992,0.241779,0.999,0.400157,0.0544338
168,724.754,1,9.44188,37.1913,13.9596,45.6727,0.345347,0.252136,0.283624,0.238794,0.999,0.406293,0.0544448
169,718.692,1,9.46116,37.4086,14.7863,45.8747,0.341286,0.246026,0.298094,0.232747,0.999,0.400979,0.0536229
170,718.538,1,9.46145,37.461,13.9715,45.8963,0.340792,0.246831,0.299096,0.233404,0.999,0.401536,0.0533298
171,713.479,1,9.49107,37.7136,13.6964,46.1896,0.339276,0.254878,0.291523,0.241047,0.999,0.39685,0.053281
172,720.303,1,9.44855,37.7497,13.677,46.2363,0.344076,0.260778,0.284142,0.247203,0.999,0.399959,0.0539351
173,727.925,1,9.48551,37.7893,14.059,46.2558,0.33926,0.259549,0.285751,0.247236,0.998946,0.397458,0.0551177
174,727.134,1,9.46241,38.1629,13.2502,46.7017,0.346256,0.256155,0.278516,0.243181,0.998913,0.400593,0.0549858
175,732.519,1,9.51935,38.0014,13.3443,46.4286,0.338139,0.257003,0.278484,0.243442,0.998845,0.392447,0.0573086
176,728.153,1,9.48317,37.953,13.9539,46.3212,0.339427,0.267864,0.295809,0.254709,0.999,0.396714,0.0558575
177,726.823,1,9.47499,38.129,13.4599,46.5251,0.339651,0.270149,0.288319,0.256138,0.999,0.400919,0.0550553
178,732.234,1,9.47296,38.3016,13.5371,46.8451,0.340504,0.274734,0.294711,0.261359,0.999,0.397158,0.0556355
179,725.738,1,9.42602,37.8301,13.6117,46.5163,0.338107,0.267778,0.298947,0.254741,0.999,0.39941,0.0542843
180,731.635,1,9.4495,37.8138,13.349,46.5021,0.341117,0.262451,0.318845,0.248291,0.998746,0.398154,0.0542991
181,731.051,1,9.42269,38.0803,13.1406,46.7308,0.337022,0.261868,0.310772,0.251115,0.99857,0.400377,0.0537531
182,727.859,1,9.40633,38.0156,12.9822,46.6849,0.34023,0.257659,0.318473,0.249112,0.998687,0.402016,0.0526702
183,728.873,1,9.43389,38.4046,13.0131,47.1382,0.337787,0.251135,0.310409,0.242804,0.998336,0.399264,0.0538603
184,728.945,1,9.44896,38.3697,13.0551,47.2074,0.342299,0.244776,0.302549,0.236656,0.997961,0.400371,0.0534445
185,726.806,1,9.43781,38.4301,13.2368,47.2394,0.340105,0.239533,0.294888,0.233146,0.997269,0.399161,0.0520913
186,730.852,1,9.45185,38.3503,12.9707,47.2648,0.340052,0.235785,0.287422,0.232579,0.9974,0.396064,0.0540995
187,738.477,1,9.42844,38.5328,12.7547,47.5773,0.341532,0.236924,0.284281,0.234327,0.997193,0.40398,0.0544827
188,731.955,1,9.44858,38.5611,13.2246,47.799,0.34476,0.232813,0.308727,0.229557,0.997225,0.403502,0.0531032
189,726.16,1,9.45971,38.4151,13.085,47.6481,0.339263,0.243641,0.300909,0.238339,0.997641,0.400221,0.0518056
190,732.963,1,9.46083,38.4165,13.2695,47.7406,0.340638,0.24399,0.29675,0.236605,0.997393,0.399331,0.0531447
191,733.368,1,9.4882,38.3773,13.2611,47.7348,0.341758,0.243176,0.289236,0.232388,0.997057,0.398312,0.0536908
192,734.527,1,9.40779,38.6135,12.8385,48.0572,0.345235,0.246441,0.281912,0.233826,0.99661,0.405531,0.0523313
193,736.29,1,9.43351,38.902,12.8076,48.2607,0.345822,0.25064,0.274774,0.239461,0.996346,0.404002,0.0524811
194,732.516,1,9.39082,38.6484,12.4768,47.9822,0.343395,0.246141,0.282549,0.23568,0.99701,0.40315,0.0522559
195,744.314,1,9.38171,38.6662,12.7235,48.097,0.347148,0.241051,0.286594,0.229713,0.996634,0.406459,0.0549654
196,738.877,1,9.42797,38.8915,12.5643,48.4705,0.350257,0.236694,0.304459,0.223896,0.997751,0.404431,0.0550877
197,735.856,1,9.44735,38.9124,12.9348,48.5771,0.352999,0.241654,0.29675,0.227657,0.997665,0.404844,0.0541672
198,738.091,1,9.45637,39.048,13.1289,48.7583,0.3445,0.242975,0.298902,0.230283,0.997959,0.39949,0.0557586
199,737.927,1,9.47178,38.7758,13.3113,48.626,0.343781,0.239962,0.302937,0.225896,0.997656,0.40019,0.0552012
200,735.886,1,9.50611,38.6214,13.5374,48.4266,0.345244,0.237443,0.307155,0.224718,0.997962,0.397581,0.0555173
201,730.94,1,9.4805,38.3596,13.768,48.1414,0.3458,0.237006,0.308221,0.223103,0.998454,0.399765,0.0549236
202,736.708,1,9.45403,38.1309,13.8494,48.006,0.35166,0.236183,0.307471,0.217645,0.998449,0.40302,0.0563218
203,742.728,1,9.46176,38.023,13.8872,48.0391,0.34677,0.234272,0.340312,0.215844,0.997976,0.40204,0.0565536
204,733.255,1,9.44595,37.8932,14.0658,47.9219,0.347844,0.231125,0.337869,0.211132,0.998059,0.400627,0.0551216
205,729.799,1,9.46154,38.0479,13.6657,48.0696,0.347137,0.231692,0.330114,0.212154,0.998413,0.40211,0.054164
206,733.616,1,9.45106,38.0356,13.6392,48.0482,0.35057,0.233308,0.332189,0.21304,0.998873,0.403563,0.05632
207,745.164,1,9.44445,38.1087,14.2605,48.215,0.348312,0.238591,0.351301,0.218682,0.998428,0.401885,0.0578419
208,734.065,1,9.41944,38.0816,13.9999,48.2743,0.349285,0.238223,0.342406,0.217025,0.998522,0.403555,0.0563773
209,723.776,1,9.42613,38.1611,13.5386,48.3733,0.34304,0.240592,0.333736,0.217527,0.999,0.400051,0.0549498
210,721.929,1,9.41761,38.1858,13.9116,48.4049,0.346061,0.24097,0.343316,0.216923,0.999,0.401681,0.0539391
211,729.825,1,9.4606,37.9203,13.6512,48.0947,0.344529,0.242075,0.334623,0.219203,0.998831,0.398633,0.0560084
212,733.858,1,9.46809,37.6425,13.8586,47.6484,0.34559,0.248133,0.32615,0.226774,0.999,0.399818,0.0572576
213,743.201,1,9.47735,37.6441,13.6417,47.7228,0.336839,0.246455,0.366342,0.225686,0.999,0.395931,0.0597541
214,740.91,1,9.42079,37.7793,13.6402,47.8517,0.340413,0.253094,0.357066,0.230548,0.999,0.40031,0.0587
215,734.782,1,9.37574,37.787,13.454,47.924,0.34408,0.254059,0.348025,0.229154,0.999,0.407124,0.0572137
216,736.295,1,9.40421,37.6039,13.7741,47.7414,0.341142,0.248693,0.339213,0.224315,0.998896,0.401683,0.0568968
217,733.639,1,9.39868,37.8279,13.7217,47.9486,0.350693,0.249354,0.330624,0.224673,0.998907,0.405511,0.0554561
218,737.61,1,9.44784,37.6524,13.7121,47.7581,0.348002,0.250523,0.324181,0.227209,0.99855,0.403433,0.0555943
219,732.413,1,9.44732,37.8169,12.9269,47.9901,0.342487,0.253953,0.315973,0.228429,0.998332,0.397891,0.0545097
220,737.737,1,9.43455,37.8113,12.9271,47.8777,0.347585,0.25578,0.327747,0.229403,0.998501,0.401988,0.0553544
221,738.543,1,9.43099,37.8244,13.3894,47.6741,0.349592,0.25186,0.319448,0.225699,0.998475,0.40085,0.0562949
222,727.811,1,9.48477,37.9611,13.8568,47.9089,0.345483,0.25161,0.346778,0.226319,0.998897,0.398708,0.0548695
223,727.903,1,9.47531,38.1462,13.5928,48.1063,0.348127,0.254116,0.337997,0.227468,0.998911,0.399622,0.054348
224,727.556,1,9.44553,37.819,13.8156,47.7784,0.348117,0.25097,0.329439,0.226834,0.999,0.401916,0.0546908
225,730.397,1,9.45431,37.8809,14.1667,47.796,0.345804,0.248595,0.346042,0.225025,0.998717,0.399219,0.0541825
226,734.804,1,9.47968,37.8973,14.2582,47.916,0.344094,0.250255,0.357006,0.226071,0.998668,0.396718,0.0553692
227,733.202,1,9.44575,38.2621,13.1713,48.2128,0.344895,0.256749,0.355594,0.231851,0.998787,0.399294,0.0545156
228,732.616,1,9.45493,38.2701,13.4811,48.1834,0.345933,0.258656,0.346591,0.23458,0.998585,0.399965,0.0537927
229,726.022,1,9.4462,38.3355,13.4385,48.2355,0.343584,0.260348,0.337815,0.235531,0.998549,0.400069,0.0524306
230,729.314,1,9.46329,38.1724,13.405,48.1301,0.345931,0.262858,0.329261,0.239649,0.998521,0.397996,0.0534989
231,728.399,1,9.44652,38.1055,13.7722,48.0047,0.342125,0.260301,0.352315,0.237238,0.998696,0.399245,0.05267
232,720.215,1,9.41842,38.0819,13.3158,48.0721,0.341492,0.257158,0.369144,0.232745,0.998957,0.40257,0.0513364
233,721.04,1,9.41469,38.1852,12.8956,48.1621,0.33949,0.258998,0.359797,0.234097,0.998922,0.400675,0.051251
234,723.806,1,9.41786,38.0311,13.4587,47.9644,0.339806,0.255807,0.380245,0.230349,0.998931,0.402744,0.0515251
235,723.867,1,9.38822,37.9265,13.2239,47.9216,0.343774,0.254661,0.370617,0.228336,0.998932,0.404935,0.0516314
236,720.785,1,9.39572,37.7247,13.1395,47.6689,0.341688,0.254273,0.361232,0.226576,0.999,0.404471,0.0526262
237,725.569,1,9.41563,37.7744,13.4097,47.795,0.341331,0.258404,0.387888,0.229047,0.998868,0.403248,0.0515038
238,731.1,1,9.43096,38.0612,13.5695,48.1014,0.34407,0.263394,0.38661,0.232794,0.999,0.40233,0.0536095
239,727.167,1,9.43628,38.2672,13.4497,48.3235,0.348397,0.266661,0.396722,0.236199,0.999,0.403042,0.0526592
240,739.571,1,9.42861,38.128,13.5536,48.1941,0.339674,0.27479,0.404756,0.243359,0.999,0.402795,0.0549977
241,733.758,1,9.487,38.1137,13.6959,48.1172,0.337014,0.274635,0.442341,0.243767,0.999,0.394417,0.0537806
242,729.398,1,9.46428,38.0355,13.1584,47.975,0.337552,0.275279,0.431141,0.244567,0.998903,0.396054,0.0524398
243,727.553,1,9.43834,38.13,13.2809,48.0616,0.344551,0.273608,0.420224,0.241381,0.999,0.402886,0.0516444
244,735.751,1,9.44688,37.8793,13.3972,47.7751,0.346628,0.270621,0.409584,0.238694,0.998775,0.403062,0.0530636
245,731.227,1,9.44769,37.7106,13.8367,47.682,0.344666,0.268681,0.418075,0.238221,0.99898,0.402932,0.0522648
246,729.314,1,9.43967,37.8912,13.6579,47.8752,0.342017,0.261877,0.407489,0.23231,0.998957,0.399203,0.0529827
247,728.941,1,9.48596,37.7504,13.9553,47.688,0.340433,0.259816,0.397171,0.229782,0.998998,0.394522,0.0541951
248,731.278,1,9.49751,37.6191,13.9544,47.4031,0.341082,0.260682,0.387114,0.228194,0.998988,0.396614,0.0547789
249,727.11,1,9.47661,37.6398,13.5811,47.386,0.346502,0.25813,0.377312,0.225672,0.999,0.397455,0.0549236
250,734.306,1,9.46397,37.5601,13.5874,47.3278,0.34346,0.261072,0.367759,0.227638,0.999,0.400764,0.0559629
251,728.129,1,9.5081,37.639,14.4346,47.2795,0.34332,0.259107,0.373006,0.227363,0.999,0.39848,0.0545459
252,740.54,1,9.46422,37.3832,14.1601,47.0775,0.343314,0.256809,0.376111,0.224449,0.998521,0.399861,0.0556419
253,735.784,1,9.45468,37.5302,13.6765,47.2384,0.344338,0.258744,0.36755,0.225532,0.998591,0.399373,0.0545525
254,736.16,1,9.44994,37.5401,14.1598,47.2201,0.345088,0.259901,0.395261,0.226697,0.998769,0.39692,0.0548623
255,739.09,1,9.46238,37.8719,13.7657,47.5585,0.344936,0.25332,0.388002,0.220957,0.998736,0.399999,0.0558059
256,738.707,1,9.4731,38.2239,14.0178,47.9424,0.344775,0.251307,0.39925,0.220354,0.998344,0.397927,0.0546868
257,745.654,1,9.45651,38.1151,13.7779,48.0489,0.34281,0.250715,0.389141,0.221693,0.99808,0.395219,0.0568594
258,745.17,1,9.42553,38.0755,14.2236,48.0055,0.344358,0.250719,0.379288,0.22357,0.998071,0.401325,0.0558744
259,741.141,1,9.45513,38.1582,14.1943,48.0433,0.344714,0.250859,0.392929,0.223476,0.997922,0.401963,0.0544596
260,743.04,1,9.45114,37.5823,14.2247,47.3041,0.340751,0.255834,0.405911,0.22669,0.997662,0.401217,0.0536739
261,743.954,1,9.47796,37.4828,13.9386,47.2615,0.340863,0.257839,0.422793,0.227452,0.997486,0.39614,0.0539025
262,741.244,1,9.45649,37.4679,13.978,47.2562,0.34364,0.258939,0.412088,0.227267,0.997718,0.398197,0.0533526
263,735.493,1,9.46658,37.3444,14.3439,47.2309,0.342558,0.261201,0.430628,0.229048,0.998727,0.39972,0.0533759
264,729.925,1,9.47506,37.4646,14.7492,47.2957,0.342988,0.257384,0.424856,0.227422,0.999,0.400839,0.0531133
265,732.98,1,9.47558,37.3777,14.8214,47.1663,0.335348,0.260516,0.422502,0.2316,0.999,0.396779,0.054934
266,733.468,1,9.47797,37.3349,14.5477,47.1383,0.341498,0.268035,0.414962,0.237532,0.998996,0.398106,0.0537913
267,741.622,1,9.4821,37.2576,14.4702,47.0729,0.340479,0.268858,0.406793,0.239234,0.998888,0.397476,0.0559892
268,738.391,1,9.48331,37.1867,14.5894,47.0188,0.339935,0.273983,0.408065,0.241612,0.999,0.39769,0.0560675
269,740.684,1,9.50803,37.3358,14.7712,47.1401,0.342456,0.27354,0.418951,0.242267,0.999,0.398401,0.0563722
270,740.39,1,9.47368,37.3523,14.45,47.2543,0.346475,0.274036,0.431445,0.244267,0.998968,0.402875,0.0549449
271,739.093,1,9.5284,36.8514,15.0098,46.6995,0.338611,0.267098,0.42052,0.239799,0.999,0.393604,0.0563704
272,734.258,1,9.5071,37.0477,14.5772,47.0865,0.341575,0.264838,0.409872,0.237982,0.999,0.396321,0.0554832
273,736.346,1,9.46075,37.2863,13.9182,47.2641,0.345378,0.263602,0.402367,0.240078,0.999,0.397527,0.0555676
274,738.743,1,9.47818,37.3254,14.3712,47.307,0.340699,0.257967,0.41636,0.237507,0.998797,0.399482,0.0547208
275,739.186,1,9.51361,37.3234,14.3956,47.3432,0.336173,0.256189,0.40639,0.236114,0.998873,0.394683,0.0562256
276,733.286,1,9.49942,36.9523,14.0922,46.7761,0.338307,0.252267,0.3961,0.233018,0.999,0.394979,0.0557433
277,732.287,1,9.47633,36.922,14.5194,46.8304,0.332241,0.251556,0.400517,0.235343,0.998939,0.397489,0.0544168
278,733.726,1,9.51049,37.0605,13.9127,46.9667,0.332856,0.254499,0.397028,0.238937,0.999,0.394217,0.0556572
279,731.218,1,9.46519,36.9828,14.2492,46.7703,0.3417,0.251738,0.387437,0.23566,0.999,0.400315,0.0542479
280,722.064,1,9.45836,37.1234,13.9984,46.9404,0.340324,0.252194,0.377627,0.236879,0.999,0.400621,0.0529667
281,730.253,1,9.51253,37.3886,14.2959,47.1955,0.337323,0.251694,0.377171,0.235994,0.998962,0.39433,0.054685
282,730.31,1,9.46577,37.3624,14.4267,47.1466,0.343123,0.248565,0.367621,0.23404,0.999,0.40276,0.0544858
283,732.759,1,9.44776,37.4388,14.1852,47.2404,0.346737,0.246082,0.358313,0.233001,0.999,0.404798,0.055168
284,732.916,1,9.44313,37.6396,14.0253,47.4769,0.347255,0.247805,0.377084,0.235731,0.999,0.403914,0.0552883
285,730.424,1,9.40421,37.7736,13.5685,47.5546,0.346379,0.251056,0.379244,0.238353,0.999,0.406587,0.0542036
286,733.48,1,9.45767,37.7051,13.5323,47.5766,0.347175,0.254037,0.385133,0.240466,0.999,0.402858,0.0550868
287,734.446,1,9.46161,37.758,13.8449,47.6708,0.344842,0.249983,0.383983,0.237839,0.998892,0.401568,0.0543235
288,730.814,1,9.45907,37.7472,13.7905,47.7264,0.34392,0.24923,0.37426,0.238771,0.998901,0.400657,0.0541012
289,734.412,1,9.43001,37.7202,13.716,47.6134,0.341176,0.249299,0.368511,0.239447,0.998877,0.402194,0.0545718
290,739.052,1,9.42163,37.6376,13.7571,47.4742,0.340707,0.246882,0.364011,0.236149,0.998694,0.401967,0.0556726
291,735.823,1,9.39232,37.6902,13.5215,47.3944,0.338767,0.24763,0.366415,0.236759,0.998196,0.403527,0.0542629
292,733.643,1,9.4,37.7973,13.4834,47.4843,0.339996,0.243492,0.370958,0.23181,0.998482,0.404275,0.0532648
293,728.744,1,9.37992,37.9342,13.3192,47.6331,0.343254,0.242742,0.368867,0.233354,0.998822,0.405927,0.0525986
294,731.416,1,9.43774,37.7877,13.4729,47.5071,0.340422,0.24501,0.374604,0.235843,0.998971,0.401108,0.0543444
295,727.006,1,9.41142,37.8196,13.4825,47.5742,0.341168,0.249408,0.37069,0.240103,0.999,0.406749,0.0533857
296,733.129,1,9.42895,37.7454,13.5179,47.4703,0.338412,0.251481,0.361304,0.241094,0.998763,0.401656,0.0541208
297,728.032,1,9.46953,37.9962,13.6246,47.7076,0.335285,0.249991,0.353689,0.236195,0.999,0.397374,0.0544376
298,735.388,1,9.4377,37.9428,13.4596,47.6738,0.340135,0.251435,0.356711,0.237347,0.998989,0.401555,0.0556907
299,731.365,1,9.44766,37.9855,13.2342,47.7431,0.339866,0.252636,0.347679,0.239626,0.999,0.400169,0.0549506
300,725.993,1,9.47672,38.2009,14.0168,48.1016,0.34638,0.256416,0.338875,0.242012,0.999,0.40157,0.0535593
301,736.075,1,9.49457,38.4611,13.9199,48.3948,0.343592,0.253893,0.330295,0.240455,0.998895,0.402298,0.0561729
302,732.552,1,9.47436,38.0509,14.0546,47.8818,0.34563,0.249389,0.338559,0.237106,0.998856,0.400367,0.054866
303,729.2,1,9.45791,37.9341,13.6617,47.7289,0.348246,0.249003,0.329986,0.238446,0.998834,0.399608,0.0544443
304,733.138,1,9.49864,38.2655,13.9886,48.1689,0.345977,0.249461,0.321631,0.239826,0.99849,0.396158,0.0549316
305,736.884,1,9.49602,38.2595,13.8604,48.2021,0.344524,0.248994,0.319659,0.243189,0.998061,0.396102,0.0548527
306,731.713,1,9.45088,38.2603,13.1838,48.3686,0.342212,0.250037,0.311565,0.246185,0.998386,0.39936,0.0539271
307,734.453,2,9.45671,38.3112,13.2719,48.4849,0.345215,0.252754,0.345019,0.247449,0.998794,0.401105,0.054497
308,736.947,2,9.4635,38.1488,13.4228,48.1689,0.340457,0.249639,0.346671,0.245928,0.998661,0.399639,0.0552351
309,732.303,2,9.44748,38.0199,13.6276,48.0862,0.345938,0.246633,0.351466,0.243289,0.998804,0.40159,0.0540047
310,730.246,2,9.46825,37.8715,13.1208,47.9555,0.344019,0.250523,0.314631,0.245138,0.999,0.397763,0.0562268
311,731.367,2,9.46305,38.2602,13.271,48.4778,0.340588,0.258125,0.309489,0.253115,0.999,0.399642,0.0553612
312,728.134,2,9.423,38.5493,12.9021,48.8196,0.338335,0.265985,0.32918,0.26107,0.999,0.399996,0.0547497
313,728.736,2,9.46922,38.5696,13.2544,48.8472,0.337824,0.267133,0.318889,0.263809,0.999,0.396784,0.0556026
314,727.241,2,9.48176,38.522,13.1547,48.8452,0.336391,0.268799,0.327448,0.266111,0.999,0.394709,0.0549964
315,738.653,2,9.46655,38.5263,13.3193,48.8245,0.339635,0.268382,0.358715,0.264865,0.998995,0.397181,0.055228
316,739.926,2,9.48019,38.4361,13.1838,48.7472,0.341207,0.26107,0.337146,0.257469,0.998558,0.398514,0.0552755
317,740.597,2,9.45472,38.5614,12.9352,48.7254,0.342346,0.260943,0.328575,0.256079,0.998604,0.400973,0.055592
318,745.331,2,9.44152,38.4194,12.9781,48.5854,0.339826,0.25873,0.349902,0.257414,0.998303,0.401621,0.0554207
319,738.731,2,9.41486,38.2968,12.6813,48.4984,0.343338,0.251925,0.35415,0.251009,0.998448,0.402311,0.0548175
320,739.232,2,9.41097,38.4476,12.6194,48.5825,0.344297,0.248406,0.336299,0.248372,0.998626,0.402819,0.0556633
321,732.41,2,9.42468,38.3394,12.7329,48.4961,0.344434,0.242547,0.335029,0.241668,0.998951,0.40249,0.0560173
322,733.465,2,9.44043,38.1713,12.9287,48.3264,0.343551,0.240746,0.347043,0.241259,0.998761,0.400939,0.055019
323,731.755,2,9.45502,37.9656,13.1175,48.0524,0.34123,0.237261,0.352028,0.238888,0.998767,0.39973,0.0549073
324,729.459,2,9.42488,37.8668,13.0679,47.9422,0.340706,0.235893,0.342386,0.235943,0.998797,0.402067,0.054565
325,729.876,2,9.45121,37.8113,13.4765,47.7869,0.337654,0.234616,0.363265,0.234412,0.998793,0.400448,0.0542658
326,720.669,2,9.45372,37.7088,13.6509,47.6326,0.339158,0.234117,0.364704,0.232783,0.998936,0.399771,0.0535252
327,726.972,2,9.46934,37.7015,13.8478,47.6534,0.341148,0.232269,0.366338,0.231225,0.998816,0.399691,0.0532803
328,719.431,2,9.46102,37.856,13.9215,47.7921,0.341362,0.227773,0.362089,0.227403,0.998827,0.399959,0.0528025
329,722.388,2,9.44626,37.9657,13.8249,47.9091,0.341927,0.223443,0.349735,0.222685,0.998713,0.401214,0.0527385
330,722.186,2,9.42645,38.0314,13.7661,48.0139,0.343253,0.222002,0.358835,0.222204,0.998739,0.402626,0.0523929
331,724.357,2,9.42904,38.0651,13.7502,48.0115,0.344129,0.222137,0.356508,0.22189,0.998815,0.402855,0.0528212
332,730.013,2,9.4334,38.1132,13.7286,48.0357,0.344339,0.221923,0.351904,0.221405,0.998734,0.402158,0.0534396
333,726.6,2,9.42431,38.0755,13.8469,48.0298,0.346525,0.222257,0.3487,0.222381,0.998681,0.403811,0.0531253
334,725.212,2,9.41792,38.0862,13.8248,48.0748,0.347998,0.223498,0.349622,0.223359,0.998721,0.405029,0.0528831
335,723.9,2,9.41652,38.0764,13.8262,48.0734,0.348392,0.224182,0.344227,0.224067,0.998812,0.40455,0.0531568
336,719.945,2,9.42332,38.0025,13.8454,47.9912,0.347918,0.225719,0.339069,0.225192,0.998823,0.404264,0.0528603
337,725.276,2,9.43151,37.9934,13.8714,47.9876,0.347373,0.225542,0.338995,0.224149,0.998721,0.403381,0.0528296
338,727.775,2,9.44098,37.9873,13.8894,47.969,0.34665,0.22455,0.346117,0.223479,0.99869,0.40236,0.0530209
339,736.165,2,9.43708,37.932,13.8631,47.8908,0.344726,0.22561,0.360027,0.224756,0.998673,0.401577,0.0534434
340,736.182,2,9.43758,37.8749,13.9313,47.8227,0.344293,0.226223,0.366363,0.225627,0.998652,0.400578,0.0538604
341,727.065,2,9.43783,37.8601,13.9637,47.8043,0.344564,0.226815,0.365749,0.226041,0.998695,0.400733,0.053801
342,727.442,2,9.43881,37.8182,13.9958,47.7296,0.344129,0.227847,0.367783,0.2268,0.998696,0.400675,0.0536293
343,723.221,2,9.44384,37.777,14.0212,47.6804,0.343801,0.228042,0.367321,0.227195,0.998788,0.400526,0.0536702
344,721.59,2,9.44491,37.7807,14.0411,47.6736,0.344174,0.226846,0.364429,0.225895,0.998816,0.40058,0.0536083
345,733.804,2,9.44765,37.7601,14.158,47.6717,0.343684,0.225918,0.373457,0.225031,0.998791,0.400085,0.0537868
346,732.927,2,9.44315,37.746,14.0829,47.6599,0.343144,0.225577,0.377454,0.224845,0.998788,0.399902,0.0539617
347,734.11,2,9.43901,37.7396,14.0293,47.6399,0.342507,0.225601,0.377086,0.224486,0.998801,0.39978,0.05428
348,732.311,2,9.44321,37.7507,14.0793,47.6565,0.342052,0.225972,0.376447,0.224694,0.998821,0.3996,0.0544915
349,729.44,2,9.44886,37.7993,14.0589,47.7092,0.342156,0.22648,0.37483,0.225209,0.998879,0.399111,0.0547546
350,739.654,2,9.44887,37.8122,14.101,47.7302,0.342809,0.226233,0.376294,0.224917,0.998871,0.399248,0.0550089
351,736.611,2,9.44585,37.8387,14.0764,47.761,0.343237,0.225889,0.381526,0.224493,0.998844,0.399375,0.054977
352,732.245,2,9.44301,37.8784,14.0107,47.8136,0.343052,0.225346,0.384601,0.223767,0.998823,0.399389,0.0549084
353,727.907,2,9.44165,37.9212,13.9359,47.8685,0.343178,0.224605,0.387672,0.223082,0.998807,0.399509,0.0547232
354,734.415,2,9.44238,37.9728,13.8636,47.9405,0.34292,0.224386,0.389842,0.222888,0.998792,0.39918,0.0547701
355,726.829,2,9.44315,38.0064,13.8193,47.9852,0.342953,0.224279,0.3901,0.222848,0.998779,0.398941,0.0546507
356,724.337,2,9.4421,38.0508,13.748,48.0353,0.342909,0.224567,0.389528,0.22317,0.998807,0.398762,0.0546114
357,731.518,2,9.44068,38.0867,13.7243,48.0828,0.343294,0.224886,0.389546,0.223551,0.998802,0.399143,0.0545265
358,728.267,2,9.44133,38.0909,13.7275,48.0889,0.343274,0.224867,0.389688,0.223533,0.998809,0.399127,0.0545388
359,728.691,2,9.44223,38.0976,13.733,48.0958,0.343332,0.224928,0.389669,0.223632,0.99881,0.399122,0.0545219
360,725.133,2,9.4425,38.097,13.7346,48.0948,0.343401,0.224912,0.38945,0.223642,0.998807,0.399121,0.0544836
361,729.261,2,9.44225,38.1021,13.7316,48.1022,0.34341,0.224896,0.389404,0.223663,0.998802,0.399132,0.0544616
362,729.985,2,9.4426,38.108,13.7308,48.1107,0.343488,0.224913,0.389171,0.223698,0.998803,0.399125,0.0544638
363,724.18,2,9.44287,38.1107,13.7306,48.1157,0.343538,0.224958,0.388729,0.223679,0.9988,0.399123,0.0544272
364,723.692,2,9.44331,38.1133,13.7222,48.1172,0.343562,0.225003,0.388258,0.223726,0.998804,0.399082,0.0544165
365,724.801,2,9.4442,38.1168,13.7191,48.1217,0.343562,0.224975,0.387745,0.223741,0.998808,0.399007,0.054423
366,722.79,2,9.4444,38.1192,13.7247,48.125,0.343584,0.22493,0.387362,0.223713,0.99881,0.399036,0.0544016
367,728.293,2,9.44472,38.1206,13.7243,48.1274,0.343621,0.224859,0.387186,0.223648,0.998812,0.399065,0.0544011
368,727.211,2,9.44478,38.1264,13.7118,48.1345,0.343656,0.224721,0.38654,0.223509,0.99881,0.399087,0.0544007
369,719.979,2,9.44451,38.1324,13.701,48.139,0.343692,0.224554,0.385782,0.223325,0.998808,0.399123,0.0543717
370,724.116,2,9.44495,38.1371,13.7015,48.1431,0.343775,0.224312,0.385272,0.223122,0.998807,0.399149,0.0543631
371,728.505,2,9.44505,38.1396,13.7008,48.1445,0.343834,0.224159,0.384803,0.222973,0.998801,0.399179,0.0543531
372,722.421,2,9.44538,38.1428,13.697,48.1482,0.343775,0.224061,0.384771,0.222877,0.998804,0.399142,0.0543443
373,721.846,2,9.44581,38.1422,13.6941,48.1474,0.343713,0.22397,0.384846,0.222836,0.998807,0.399108,0.0543272
374,726.596,2,9.44569,38.1383,13.6913,48.1436,0.34369,0.223871,0.385038,0.222769,0.998809,0.399098,0.054326
375,730.625,2,9.44529,38.1378,13.6851,48.1414,0.343698,0.223785,0.384864,0.2227,0.998807,0.399149,0.0543255
376,729.439,2,9.44554,38.1374,13.6788,48.1405,0.34373,0.223789,0.384483,0.222689,0.998807,0.39919,0.0543285
377,727.524,2,9.44566,38.1371,13.677,48.1405,0.343696,0.223778,0.384352,0.222659,0.998807,0.399193,0.0543259
378,724.783,2,9.44556,38.1357,13.6744,48.1384,0.343703,0.223734,0.384307,0.222653,0.998806,0.399239,0.0543003
379,726.7,2,9.44528,38.134,13.6667,48.1353,0.34372,0.223723,0.38447,0.222605,0.998805,0.399276,0.0542787
380,730.121,2,9.4449,38.1319,13.6607,48.1319,0.343739,0.22371,0.384999,0.222556,0.998806,0.399304,0.0542733
381,726.053,2,9.4446,38.1294,13.6575,48.129,0.343773,0.223671,0.385336,0.222514,0.998805,0.399367,0.0542412
382,725.461,2,9.44493,38.1267,13.6574,48.1261,0.343773,0.223619,0.385606,0.222469,0.998802,0.399385,0.054213
383,726.987,2,9.44528,38.126,13.6534,48.1236,0.343744,0.223558,0.38577,0.222427,0.998805,0.399384,0.0542164
384,723.091,2,9.44557,38.124,13.6562,48.1218,0.343758,0.223604,0.386138,0.222468,0.998806,0.399398,0.0541818
385,724.323,2,9.44603,38.1257,13.6566,48.1242,0.343738,0.223664,0.386273,0.222525,0.998807,0.399401,0.0541608
386,726.529,2,9.44617,38.1264,13.6559,48.1249,0.343692,0.223793,0.38632,0.222636,0.998812,0.399388,0.0541601
387,732.926,2,9.44568,38.1264,13.6534,48.1245,0.343666,0.223931,0.386677,0.222751,0.998812,0.399436,0.0541537
388,734.459,2,9.44576,38.1245,13.6503,48.1217,0.343605,0.224,0.386898,0.222842,0.998814,0.399467,0.054166
389,728.37,2,9.44581,38.1245,13.6473,48.1222,0.343539,0.224071,0.387158,0.222911,0.998818,0.399488,0.0541657
390,718.379,2,9.44648,38.126,13.6473,48.1246,0.34349,0.224206,0.386892,0.223029,0.998823,0.399466,0.0541462
391,711.88,2,9.44703,38.1277,13.6506,48.1282,0.343501,0.224302,0.386639,0.223137,0.998827,0.399468,0.0540956
392,717.628,2,9.44783,38.1291,13.6513,48.1299,0.343528,0.224376,0.386318,0.223242,0.99883,0.399474,0.0540676
393,727.049,2,9.44864,38.132,13.6497,48.133,0.343506,0.224463,0.386467,0.223332,0.998831,0.399435,0.0540609
394,724.662,2,9.44919,38.1336,13.65,48.1355,0.34352,0.224446,0.386699,0.223331,0.998831,0.399427,0.0540446
395,733.516,2,9.44941,38.1344,13.652,48.1381,0.343507,0.224415,0.386985,0.223306,0.998826,0.399425,0.054038
396,727.25,2,9.44938,38.1363,13.647,48.1398,0.343515,0.224388,0.387166,0.223325,0.998823,0.399427,0.0540215
397,726.809,2,9.44913,38.1374,13.6453,48.1403,0.343496,0.224489,0.387743,0.223416,0.998827,0.399484,0.0540032
398,724.028,2,9.44919,38.1395,13.6418,48.1445,0.343492,0.224603,0.388036,0.22353,0.99883,0.399495,0.0539798
399,718.228,2,9.44933,38.141,13.6442,48.1464,0.343449,0.224703,0.388231,0.223608,0.998831,0.399498,0.0539415
400,730.248,2,9.44964,38.1415,13.6367,48.146,0.343365,0.224816,0.388467,0.223732,0.998831,0.399479,0.0539382
401,725.737,2,9.45008,38.1408,13.6354,48.1447,0.343297,0.224937,0.388845,0.223866,0.998834,0.399464,0.0539253
402,732.155,2,9.45017,38.142,13.6321,48.1464,0.343236,0.225136,0.389319,0.22409,0.998834,0.399474,0.0539124
403,734.177,2,9.45067,38.1423,13.6324,48.1474,0.343204,0.225354,0.389639,0.224303,0.998839,0.39944,0.05393
404,730.737,2,9.45092,38.1436,13.6311,48.15,0.3432,0.225561,0.389677,0.2245,0.998841,0.39944,0.0539285
405,728.04,2,9.45094,38.1449,13.6237,48.1516,0.343194,0.225779,0.389552,0.224725,0.998842,0.399439,0.053917
406,719.655,2,9.451,38.1484,13.6155,48.1562,0.343154,0.226045,0.389433,0.225023,0.998847,0.399422,0.0538936
407,725.682,2,9.45088,38.1516,13.6121,48.1605,0.343157,0.226297,0.38944,0.225286,0.998847,0.399453,0.0538634
408,722.931,2,9.45091,38.1557,13.6019,48.1657,0.343121,0.226594,0.389134,0.225583,0.998852,0.399445,0.0538539
409,723.083,2,9.45108,38.1614,13.593,48.1733,0.343035,0.226866,0.38909,0.225834,0.998855,0.399421,0.0538358
410,724.73,2,9.45144,38.1665,13.5822,48.1797,0.342958,0.227101,0.388845,0.226079,0.998859,0.399383,0.0538327
411,721.926,2,9.45173,38.1713,13.575,48.1851,0.342904,0.227315,0.388564,0.226298,0.998863,0.399401,0.0538197
412,730.122,2,9.45206,38.1767,13.5717,48.1915,0.342891,0.227512,0.38849,0.226479,0.998864,0.3994,0.0538155
413,729.515,2,9.45256,38.1826,13.5683,48.1988,0.342862,0.227688,0.388185,0.226639,0.998862,0.399395,0.0538095
414,726.804,2,9.45271,38.1875,13.5634,48.2062,0.342776,0.227847,0.388015,0.226798,0.998865,0.399393,0.0538119
415,730.504,2,9.4525,38.1937,13.5553,48.2147,0.342763,0.22799,0.387772,0.226945,0.998867,0.399432,0.0538142
416,726.503,2,9.45236,38.1983,13.5512,48.2214,0.342737,0.228167,0.387522,0.227111,0.998869,0.399478,0.0538041
417,725.734,2,9.45224,38.2032,13.5488,48.2277,0.342734,0.228271,0.38721,0.227204,0.998871,0.399525,0.0537954
418,730.133,2,9.45228,38.2063,13.5476,48.2312,0.342683,0.228363,0.38724,0.227287,0.998872,0.399534,0.0537981
419,730.836,2,9.45238,38.2061,13.5463,48.2312,0.342682,0.228443,0.387338,0.227368,0.998876,0.39953,0.0538128
420,732.886,2,9.45236,38.2044,13.5471,48.2284,0.34267,0.228518,0.387215,0.227452,0.998876,0.399571,0.0538159
421,726.644,2,9.45229,38.2036,13.5458,48.2278,0.342661,0.228565,0.387164,0.227485,0.998877,0.399579,0.0538129
422,731.914,2,9.4521,38.2039,13.5434,48.2281,0.342639,0.228659,0.387038,0.227563,0.998879,0.399586,0.0538275
423,735.771,2,9.45208,38.2034,13.5438,48.228,0.342626,0.22879,0.387028,0.227691,0.998881,0.399591,0.0538417
424,732.692,2,9.45221,38.2025,13.5441,48.2268,0.342598,0.228903,0.386754,0.227786,0.998881,0.399616,0.0538486
425,741.592,2,9.45207,38.2017,13.5428,48.2267,0.3426,0.229026,0.386584,0.227906,0.998878,0.399651,0.0538617
426,729.98,2,9.45228,38.2002,13.5418,48.2248,0.342592,0.229095,0.386566,0.227993,0.99888,0.399665,0.0538673
427,737.454,2,9.45223,38.1979,13.5397,48.2222,0.342615,0.229175,0.386378,0.228053,0.998881,0.399714,0.0538825
428,741.815,2,9.45194,38.1956,13.5383,48.2193,0.342607,0.229268,0.386219,0.228125,0.99888,0.399759,0.0539017
429,732.009,2,9.452,38.1913,13.5389,48.2141,0.342585,0.229295,0.386293,0.228155,0.99888,0.39978,0.0539059
430,730.29,2,9.45199,38.1874,13.5395,48.2088,0.342587,0.229333,0.386524,0.228173,0.998879,0.399811,0.0538956
431,732.784,2,9.45183,38.1827,13.5384,48.2036,0.342565,0.229377,0.386628,0.228216,0.998878,0.39983,0.0538933
432,736.245,2,9.45158,38.1789,13.5366,48.1991,0.342537,0.229417,0.386342,0.228253,0.998876,0.399863,0.0539012
433,720.895,2,9.4515,38.1756,13.5372,48.1949,0.342541,0.229456,0.386071,0.228306,0.998879,0.399903,0.0538935
434,717.696,2,9.45174,38.1741,13.5392,48.1925,0.342538,0.229448,0.385982,0.228297,0.99888,0.399918,0.0538697
435,731.427,2,9.45194,38.174,13.5403,48.1918,0.342533,0.229448,0.385829,0.228298,0.998878,0.399941,0.053871
436,731.893,2,9.45241,38.1747,13.5393,48.1917,0.3425,0.22946,0.386128,0.228327,0.998877,0.399909,0.0538688
437,722.876,2,9.45293,38.1752,13.5375,48.1914,0.34253,0.229452,0.38619,0.228323,0.998878,0.399906,0.0538592
438,724.113,2,9.45293,38.1754,13.5374,48.1916,0.342575,0.229466,0.386415,0.228336,0.99888,0.399935,0.0538442
439,724.609,2,9.45325,38.1763,13.5388,48.1926,0.34259,0.229468,0.386592,0.228359,0.998881,0.399911,0.053838
440,725.911,2,9.45337,38.1779,13.5417,48.1943,0.342631,0.229461,0.386854,0.228352,0.998883,0.399928,0.0538312
441,728.048,2,9.45355,38.1787,13.5445,48.1966,0.342611,0.229429,0.386925,0.2283,0.998881,0.399918,0.0538255
442,725.945,2,9.4541,38.179,13.5459,48.198,0.342604,0.22941,0.38691,0.228274,0.998879,0.399891,0.0538191
443,722.081,2,9.45401,38.1804,13.5456,48.1987,0.342635,0.229375,0.387037,0.228218,0.998881,0.399908,0.053808
444,737.98,2,9.45429,38.1819,13.545,48.2001,0.342643,0.229316,0.387101,0.228154,0.998877,0.399888,0.0538194
445,732.84,2,9.45474,38.1823,13.5454,48.201,0.342658,0.229298,0.387079,0.228123,0.998874,0.399882,0.0538232
446,732.135,2,9.455,38.1842,13.5443,48.2027,0.342665,0.22931,0.386916,0.228128,0.998873,0.399879,0.0538282
447,723.923,2,9.45483,38.1859,13.5408,48.2042,0.342671,0.229337,0.386831,0.228177,0.998874,0.399889,0.0538194
448,725.46,2,9.45505,38.1877,13.5383,48.206,0.342673,0.229356,0.386752,0.228199,0.998874,0.399873,0.053817
449,723.58,2,9.45513,38.1892,13.5405,48.2084,0.342658,0.229374,0.386871,0.22822,0.998876,0.399866,0.0538084
450,730.576,2,9.45505,38.1905,13.5392,48.2106,0.342663,0.229374,0.387075,0.228236,0.998875,0.39989,0.0538037
451,723.651,2,9.45509,38.1924,13.539,48.2134,0.342686,0.229385,0.387162,0.228247,0.998876,0.399913,0.0537907
452,728.769,2,9.45534,38.195,13.5369,48.2171,0.342674,0.229389,0.387209,0.228251,0.998876,0.399921,0.0537893
453,731.035,2,9.45549,38.199,13.5352,48.2221,0.342666,0.229371,0.38717,0.228257,0.998874,0.39993,0.0537873
454,728.131,2,9.45547,38.2025,13.5312,48.2277,0.342669,0.229377,0.387163,0.228255,0.998874,0.399947,0.0537827
455,732.821,2,9.45534,38.2057,13.5268,48.2317,0.342653,0.229364,0.387216,0.228235,0.99887,0.399969,0.0537745
456,731.546,2,9.45539,38.2087,13.5227,48.2361,0.342668,0.229369,0.387302,0.228244,0.998867,0.399972,0.0537667
457,725.64,2,9.45541,38.2126,13.5205,48.2416,0.342653,0.229407,0.387475,0.228281,0.998868,0.399966,0.0537592
458,729.05,2,9.4556,38.216,13.5183,48.2454,0.342621,0.22945,0.387656,0.22833,0.998869,0.399945,0.0537611
459,729.62,2,9.45558,38.2181,13.5172,48.2487,0.342608,0.229462,0.387802,0.228364,0.99887,0.399949,0.0537592
460,732.433,2,9.45533,38.2205,13.5136,48.2519,0.342598,0.22948,0.387783,0.228376,0.99887,0.399967,0.053764
461,737.744,2,9.45495,38.2246,13.5061,48.2571,0.342642,0.229481,0.387873,0.228384,0.998868,0.4,0.0537659
