rep,id,Cl,V1,Q,V2
1,1,3.44171371296085,42.9626731133223,4.65631991545756,153.951285498628
2,1,4.86924013381273,29.8806383741717,8.06635455306285,85.5229491838621
3,1,4.30844987961345,37.4694248676969,2.92525548794902,42.7517525964373
4,1,5.83614079892635,43.9571216759168,8.34870004658361,11.044043644201
5,1,4.41738956248893,21.2395554575226,68.7488274927302,45.8115667309208
6,1,5.76086858856538,20.0743552378126,20.7571067405909,110.774299792048
7,1,4.48180067780149,1.84209949305514,35.0843649740214,163.981506776675
8,1,2.13799169118096,64.2011487341836,7.10796466432252,529.421320619982
9,1,5.16803860842482,18.3324067928795,29.803622357857,31.7180968344003
10,1,3.44793098906261,36.2294332485272,4.44124087695158,301.138548892647
1,2,11.4113601806938,36.7218571812958,13.790701437343,184.225366013346
2,2,16.9289588626884,78.1679046132675,9.47879170756602,47.0725353284314
3,2,11.2405290742815,62.3239116861635,1.37394298479106,167.823874265918
4,2,12.4784235364574,20.3242996900095,220.864547532052,42.4571700059641
5,2,13.6109668540899,80.4804710989889,16.2276013492418,12.2766092051374
6,2,11.4870699172499,54.6596311736947,29.071649883387,14.9197087727063
7,2,14.7703720775229,60.2657452615184,4.99645449601838,117.897622084777
8,2,15.5264373939958,29.9070423154723,70.6260628520118,60.9007593123233
9,2,12.1032463159739,10.3744311628701,31.8932791153374,40.2661835673559
10,2,10.5803951546711,46.9662609943874,15.1564989488042,336.482991793299
1,3,12.90069363919,33.2901285102465,20.5263322000672,81.3801187234
2,3,13.3408751418532,39.4348397266065,26.8716260816918,64.1318198195202
3,3,9.52380443493365,39.1572772861804,6.39663543432369,275.770229304757
4,3,14.3852250800387,42.5488310296575,44.6861265922337,67.9148917860266
5,3,12.2831579553816,48.966586463877,26.6786897754047,422.85933312701
6,3,13.6058753213631,88.2965320509098,21.7574109913983,6.8222385128867
7,3,11.0832963861512,48.7024795597013,3.87850724807517,100.698666733084
8,3,13.3479464514259,49.3611037194563,43.1097282863286,36.4551681758137
9,3,11.1308511298525,48.1922745562084,0.872079895787859,7.07605458677878
10,3,12.585181703502,52.6977589533921,10.0997121191423,153.138459755241
1,4,11.1689629437709,54.8579449883266,42.6387814372867,1.07018308569644
2,4,7.55307402109695,64.6574501202016,3.737424489696,221.686472962529
3,4,7.14249020720248,24.5696683546341,3.02056831273199,119.991439330901
4,4,8.0699675167326,37.6946557221189,6.71080819636212,206.216322037837
5,4,10.6655721432685,32.9197848677496,25.3153021123246,10.9859794100163
6,4,5.38712787794073,74.6636145070094,17.1932287796822,1258.9954389179
7,4,11.3032989599099,95.7334313259537,1.62157107482646,23.7500195155693
8,4,11.288582242934,31.163778506274,19.3573205430055,28.4970497951696
9,4,9.69694180401542,42.9313340360906,1.49550990392295,27.1526626078363
10,4,9.90807102735563,11.7410854090024,31.886536387375,78.2673310346821
1,5,8.37723167749549,56.3935248740469,8.25677192652364,300.971215359645
2,5,11.6075017333725,17.5230766453329,49.7526735042264,108.098849212653
3,5,9.80497534142929,50.3739334516535,17.898829974135,157.080493963001
4,5,7.82940485313145,29.9692136972508,26.5630911341935,177.489632610405
5,5,9.6878793863479,53.8089454298317,2.51180427809944,44.091428172532
6,5,9.01764782979756,15.1539939443052,14.9931257113901,65.7227718897894
7,5,10.5467721218358,34.1951187963582,49.4763301412604,133.297427575912
8,5,6.6533672150546,57.523615574368,3.25416557439223,6.48046320111103
9,5,8.95541470155089,49.427956282479,7.25185013571771,128.281404188134
10,5,9.16117091886738,77.2454902442891,15.5141018969735,34.1242129136952
1,6,13.3594322522208,44.6824713861048,35.6734930780271,83.960620773866
2,6,9.57576316731554,134.37483670786,0.831313191823474,109.350666503034
3,6,12.4117074171045,61.6434056320733,31.6698624920618,135.706799256193
4,6,7.58803376203235,136.950005500478,7.13362736038361,2281.69511765563
5,6,10.3862210321691,4.11402927222623,51.0014794663541,102.404525112198
6,6,11.3237593958964,67.3268075807113,13.9753240466341,53.3435097482219
7,6,13.8816154804322,110.373348946278,5.6521002068662,22.9827158550672
8,6,13.4545012632786,69.2643938330319,317.751657031162,41.5187132744367
9,6,7.56395911897407,90.0596458016463,5.72090320860803,1138.78300736567
10,6,14.4770770861241,132.974196497773,1.83456609772584,66.0917543128969
1,7,12.7373548259589,57.893320052407,0.405776461926462,12.4483917649567
2,7,13.4955310528453,52.3798734334515,36.1621721720513,10.4888594163134
3,7,10.7980276103144,45.650027185329,3.31743246987565,78.9967634467002
4,7,11.8812415581715,51.5022257328104,2.0760489161004,69.9102005794682
5,7,10.4871788794898,30.0222449247925,2.6193124728236,15.0931730680712
6,7,10.6581661668267,27.0156503695971,103.199495515718,14.1860237718033
7,7,11.0441665198809,36.0111800325896,300.280737103001,12.741962394909
8,7,11.5372687425112,48.2595120881909,2.73567611854692,52.3578062924467
9,7,11.5631100464574,51.9048869057651,12.5590448595675,3.49276398299554
10,7,10.4470374396791,33.5302067471788,3.32648560280594,5.54930799175699
1,8,16.1010354095466,48.8188443145584,36.2426045000384,80.7834739339683
2,8,14.0501641890001,28.1789512675183,25.6159098348193,85.6404909358392
3,8,16.1034342230876,78.4419752258376,5.15769906872514,107.723615613201
4,8,12.9992771528449,66.349419179463,1.42614379194968,65.6704968036701
5,8,11.686558291827,36.938993675242,7.89695668433025,152.388897438725
6,8,13.4429750024123,72.2571514172193,3.81896619702944,173.610488012523
7,8,14.1527650160683,25.0983353832682,22.9144686790105,144.82152370931
8,8,13.2671196158663,25.1834504259969,101.797999928306,33.189549167503
9,8,16.674222814652,47.2786383717165,23.2998536172464,99.0019898730211
10,8,12.209276978121,22.5576479091029,48.28423758564,49.9258093331554
1,9,10.5812707446657,70.3721055218117,3.97518974458561,16.1226718906513
2,9,9.906018285724,7.20447567927402,61.5848876845884,80.6604228748087
3,9,13.5864836779334,26.143124757592,87.8720467556287,109.199379154608
4,9,9.78873017626566,6.50293646823373,35.5368143698643,347.887609938395
5,9,9.85014445975605,16.7440908315894,23.911316627799,63.9732659369394
6,9,8.15124568241284,23.6537393359285,13.8147181451353,49.3683291322227
7,9,4.96725035374929,46.5767507678252,18.4367909230441,732.759235014005
8,9,7.48783562897427,76.9290014262008,0.584724129928229,335.106703862344
9,9,9.3060898159651,30.5014920929171,24.2645134686333,39.258314017677
10,9,10.3163962194921,78.7537650432882,5.79940665920488,11.671030425739
1,10,7.62700386243843,27.6090241460456,16.8726935390823,29.8893207639375
2,10,7.98202439951124,40.490063712106,8.31025216795698,4.92895778246893
3,10,5.78379242316571,15.4915814088951,4.30378536484442,14.038323146999
4,10,5.34596758274928,41.5809812333426,4.61620995537845,163.175807859445
5,10,7.15738036817818,41.0903471659208,51.7416280392061,22.0385218967744
6,10,8.11279525110911,56.5470021076015,2.62372197957654,5.30383286400118
7,10,7.16407927563258,4.02360085572117,32.393022821585,47.7306199797524
8,10,7.86024524009646,36.2678891332605,7.99516138026106,130.656057439237
9,10,7.03492486783309,45.4887941867385,3.40745740927568,49.5372871039026
10,10,7.01702965411176,9.52268247982038,312.619422679981,224.019185930509
1,11,13.0281774533194,30.0443364454192,13.4825377586231,157.644284182692
2,11,12.8653214233807,58.1541355679648,4.3034420357367,31.8821629160878
3,11,12.3446170414406,22.3701656301472,58.345965744012,46.3291497303495
4,11,11.1639176795655,96.2838619735895,11.03239840617,667.482904228757
5,11,14.5944671108159,25.3625458737563,51.0484121855358,107.854362468146
6,11,11.5984070537409,2.52438179782472,24.5792410416029,60.5602875600751
7,11,14.9136120756822,37.9743014033995,37.9810005364993,150.510366474346
8,11,15.6455888530183,38.0302063602583,112.021258533332,123.51035276388
9,11,10.6701973819102,68.1414073136294,14.2335740376874,477.433298856693
10,11,13.4173939215871,1.38169639494185,33.3458243116604,139.335642196409
1,12,8.84661279113665,80.3814021048855,3.0717418703764,14.1481776410211
2,12,11.638956415113,5.75943596553572,131.218975463907,156.024676773376
3,12,11.3262015545963,76.0171864684315,9.54925486368284,98.860327341656
4,12,8.49537976478629,67.1262769712675,1.28308293219902,15.0165952940904
5,12,8.92959463970813,19.4305816882678,165.869660103899,56.4540215320043
6,12,9.76408251546283,18.3960255473005,56.669563515907,239.065833288722
7,12,10.6151833193069,24.1235930261281,34.1330787251347,92.3554905803954
8,12,9.58122389462042,30.8937054653003,84.6104992811108,53.0743992245574
9,12,10.3725664183469,19.5664929613109,56.6250458932859,51.2535896189015
10,12,13.2507946746013,5.27780468433928,249.422504082747,131.339981239585
1,13,10.909141264594,44.2489273981842,21.3797811180912,52.3953677550907
2,13,12.7430283794008,43.3134241407056,68.2525658810472,104.790213899079
3,13,9.73113728839992,66.5202707358539,2.73607067719446,46.9340009558286
4,13,11.6129339980984,57.0856409327931,15.6445741606177,32.2160846893717
5,13,13.4877507590176,63.2070533207427,9.78514509165762,10.1501217242613
6,13,7.60423799469585,53.2466180483953,9.86849656757117,345.520164150085
7,13,10.7824934471064,2.26782311065427,112.772579948687,69.7811261782599
8,13,11.409371972059,30.0997373515796,54.5836446730063,48.9975417084261
9,13,10.4113061295835,47.8885483005458,3.49437108817918,7.89653723396805
10,13,7.8627297603995,49.1820952976222,20.170186250352,394.434081661052
1,14,13.8225520242037,55.0837376265615,8.65299696930257,42.9929145649636
2,14,10.1959872855559,37.6495616100278,0.395364534185291,9.20476124588866
3,14,16.2231154632388,40.6634408779523,51.6686163308704,41.4508986235621
4,14,12.8459761901689,54.7494939942789,1.54642613750066,20.8523274731732
5,14,15.1708211040393,35.7337229451467,142.719290020434,53.1903036788424
6,14,11.7933162878621,40.4803180320934,490.044395942742,19.8663788541901
7,14,11.2779853917465,45.3201062741365,7.95787098310228,82.8871861053458
8,14,11.7016242102766,30.5219697973851,86.3089061855192,23.2081304746752
9,14,13.3182806138403,55.360674581353,0.808591463801499,142.486729594466
10,14,12.116620695149,70.8771402807773,2.70521470240328,25.7775292282149
