iteration,convergenceIndicator,phase,Cl_pop,beta_Cl_logtCLCR,V1_pop,Q_pop,V2_pop,omega_Cl,omega_V1,omega_Q,corr_V1_Cl,b
1,794.908,1,5.2,0.62,21.22,4.99,28.28,1.5,1.5,1,0.62,0.3
2,784.723,1,6.06237,1.0152,31.2491,6.73312,97.566,1.46202,1.46202,0.999076,0.62,0.285
3,769.851,1,5.90084,1.03518,33.8423,8.01516,131.104,1.425,1.425,1.08432,0.62,0.27075
4,778.193,1,4.96333,1.63969,31.5733,7.42773,159.783,1.38892,1.38892,1.05687,0.62,0.257212
5,754.833,1,4.87374,0.976278,33.7113,8.38456,176.76,1.35375,1.35375,1.03011,0.62,0.244352
6,745.253,1,4.87071,1.02282,38.3356,8.71257,174.551,1.31947,1.31947,1.00402,0.62,0.232134
7,734.91,1,4.6529,1.41498,30.663,9.96704,208.37,1.28606,1.28606,0.978602,0.62,0.220528
8,722.638,1,4.38532,1.02146,26.0074,9.58859,220.091,1.2535,1.2535,0.953823,0.62,0.209501
9,710.312,1,3.81175,0.22432,29.0474,11.817,251.213,1.22176,1.22176,0.929672,0.62,0.199026
10,705.555,1,3.78405,1.01712,26.7851,12.6547,263.185,1.19082,1.19082,0.906132,0.62,0.189075
11,687.59,1,3.37857,0.51857,23.0572,11.3336,282.307,1.16067,1.16067,0.883188,0.62,0.179621
12,668.328,1,3.18439,0.607795,23.7677,10.276,296.864,1.13128,1.13128,0.860825,0.62,0.17064
13,663.233,1,3.01669,1.14931,23.8684,10.4431,328.405,1.10264,1.10264,0.839029,0.62,0.162108
14,645.379,1,2.73117,0.694898,24.8739,9.55051,334.05,1.07472,1.07472,0.817784,0.62,0.154003
15,642.92,1,2.70956,0.424631,24.9679,6.71399,348.664,1.04751,1.04751,0.862887,0.62,0.146302
16,638.621,1,2.3659,0.522238,19.8433,8.48774,369.911,1.02098,1.02098,0.892822,0.62,0.138987
17,627.841,1,2.7239,0.92407,23.6653,7.48599,356.906,0.995131,0.995131,0.870215,0.62,0.132038
18,619.747,1,2.7085,1.01216,23.3656,7.15858,355.791,0.969933,0.969933,0.84818,0.62,0.125436
19,594.122,1,2.65676,1.26893,24.9892,6.87152,367.466,0.945374,0.945374,0.826704,0.62,0.119164
20,583.713,1,2.52331,1.17587,25.4658,6.22303,383.542,0.921437,0.921437,0.805771,0.62,0.113206
21,568.076,1,2.5696,0.790085,23.5322,6.02619,381.145,0.898105,0.898105,0.785369,0.62,0.107546
22,564.666,1,2.33993,1.04694,23.1477,6.54624,394.842,0.875365,0.875365,0.765483,0.62,0.102168
23,543.603,1,2.35967,1.01117,24.5258,6.45588,407.181,0.8532,0.8532,0.7461,0.62,0.0970601
24,537.139,1,2.51024,1.06606,25.8899,5.88313,406.227,0.831597,0.831597,0.727209,0.62,0.0922071
25,529,1,2.40257,1.11615,25.4121,6.0276,404.64,0.81054,0.81054,0.708795,0.62,0.0875967
26,520.928,1,2.38364,1.18262,25.7042,6.22781,407.327,0.790017,0.790017,0.690848,0.62,0.0832169
27,509.834,1,2.39343,1.01369,25.038,6.64929,399.69,0.770013,0.770013,0.673356,0.62,0.079056
28,500.844,1,2.34631,0.95628,23.7501,6.53872,399.534,0.750516,0.750516,0.656306,0.62,0.0751032
29,484.429,1,2.35781,0.984947,24.3667,6.04646,407.181,0.731512,0.731512,0.639688,0.62,0.0713481
30,472.866,1,2.42853,1.0172,25.9706,6.3638,407.658,0.71299,0.71299,0.623491,0.62,0.0677807
31,462.148,1,2.29139,0.92526,25.2886,5.9758,416.098,0.694937,0.694937,0.607703,0.62,0.0643916
32,458.458,1,2.26205,1.16217,25.83,6.37104,411.059,0.677341,0.677341,0.592316,0.62,0.061172
33,447.754,1,2.43527,1.01589,25.1742,5.52315,408.33,0.66019,0.66019,0.577318,0.62,0.0581134
34,436.486,1,2.4068,1.23301,25.4523,5.54493,416.544,0.643474,0.643474,0.5627,0.62,0.0552078
35,427.241,1,2.3811,1.12073,25.8072,5.86901,412.639,0.627181,0.627181,0.548452,0.62,0.0524474
36,414.704,1,2.36887,1.09002,25.3729,5.85623,412.639,0.6113,0.6113,0.534565,0.62,0.049825
37,402.799,1,2.3795,1.04494,25.7223,6.03888,413.284,0.595821,0.595821,0.52103,0.62,0.0473338
38,395.756,1,2.43429,0.988888,26.2455,5.97665,413.122,0.580735,0.580735,0.507837,0.62,0.0449671
39,392.064,1,2.43215,1.06559,25.8968,6.24061,407.555,0.56603,0.56603,0.494978,0.62,0.0427187
40,381.134,1,2.40307,0.943701,25.4214,6.06461,407.236,0.551698,0.551698,0.482445,0.62,0.0405828
41,365.308,1,2.36774,1.04926,25.4155,6.00344,417.258,0.537729,0.537729,0.470229,0.62,0.0385536
42,371.636,1,2.35495,1.07835,25.5467,6.11782,414.813,0.524113,0.524113,0.458323,0.62,0.036626
43,364.404,1,2.28332,1.20814,25.9254,6.4358,420.728,0.510842,0.510842,0.446718,0.62,0.0347947
44,349.284,1,2.24882,1.30143,25.8462,6.3979,427.63,0.497908,0.497908,0.435407,0.62,0.0330549
45,350.743,1,2.2549,1.02898,26.1816,6.34257,427.045,0.4853,0.4853,0.424382,0.62,0.0315183
46,340.868,1,2.29271,1.00109,25.9811,6.50735,420.289,0.473012,0.473012,0.413636,0.62,0.0307434
47,335.185,1,2.27202,1.00135,26.0006,6.4263,424.066,0.461035,0.461035,0.403163,0.62,0.0300432
48,331.859,1,2.29073,1.02859,25.702,6.18923,424.562,0.449362,0.449362,0.392955,0.62,0.0298768
49,323.738,1,2.28751,1.16255,25.9946,6.30516,424.936,0.437984,0.437984,0.383005,0.62,0.0285797
50,320.699,1,2.29239,1.17763,25.3585,6.32124,419.541,0.431891,0.426894,0.373307,0.62,0.0281187
51,321.877,1,2.316,1.21175,25.5065,6.49008,414.788,0.427825,0.416084,0.363854,0.62,0.0286219
52,322.172,1,2.29132,1.13271,25.6032,6.5721,416.125,0.429804,0.405549,0.354641,0.62,0.0287362
53,322.462,1,2.30702,1.1398,25.6634,6.39144,418.076,0.418921,0.39528,0.345662,0.62,0.0289879
54,308.96,1,2.31659,1.07617,25.4815,6.32555,416.892,0.408314,0.385271,0.336909,0.62,0.0275385
55,305.657,1,2.34759,1.16531,25.4847,6.42314,413.39,0.397975,0.375516,0.328379,0.62,0.0269232
56,305.298,1,2.33674,1.17643,25.4878,6.42907,414.117,0.397367,0.366008,0.320064,0.62,0.026686
57,311.885,1,2.32441,1.16824,26.0493,6.46465,417.999,0.400753,0.35674,0.31196,0.62,0.0278229
58,315.594,1,2.36062,1.10865,26.1466,6.41252,415.754,0.398927,0.347707,0.304061,0.62,0.0288761
59,310.618,1,2.35273,1.04086,25.7314,6.33093,416.242,0.394096,0.338903,0.296362,0.62,0.0287403
60,304.772,1,2.39026,1.0356,26.4293,6.2706,417.624,0.386792,0.330322,0.288858,0.62,0.0279447
61,307.907,1,2.41114,1.00207,26.6256,6.29966,412.077,0.378937,0.321958,0.281544,0.62,0.0281006
62,309.784,1,2.42009,1.08074,26.0102,6.3012,407.731,0.387281,0.313806,0.274415,0.62,0.0288928
63,304.371,1,2.42286,1.0797,25.2718,6.23227,403.431,0.377475,0.30586,0.267466,0.62,0.0281791
64,303.611,1,2.42287,1.02337,25.0505,6.10853,402.17,0.381394,0.298116,0.260694,0.62,0.0280367
65,305.718,1,2.45598,0.936551,25.3663,5.9877,400.835,0.374823,0.290567,0.269421,0.62,0.0282704
66,301.547,1,2.42767,0.927198,25.0841,6.15184,400.756,0.382774,0.28321,0.26543,0.62,0.0278691
67,296.888,1,2.4281,1.03916,25.373,6.18295,403.026,0.396603,0.276039,0.259247,0.62,0.0272752
68,294.667,1,2.42453,1.00124,25.2754,6.15354,401.845,0.396094,0.269049,0.280902,0.62,0.0268352
69,295.927,1,2.43108,1.05808,25.477,6.26246,400.433,0.392185,0.262237,0.285339,0.62,0.0268326
70,299.023,1,2.45238,1.02489,25.3184,6.06719,398.36,0.391377,0.255597,0.279922,0.62,0.0274336
71,298.169,1,2.46408,1.05907,25.6098,6.2032,398.049,0.386642,0.249125,0.272834,0.62,0.0274556
72,297.901,1,2.47876,1.05165,26.0312,6.15204,399.604,0.376852,0.242817,0.269577,0.62,0.0273492
73,295.126,1,2.47219,1.03569,25.885,6.19063,397.301,0.392456,0.236669,0.263112,0.62,0.0272064
74,292.762,1,2.50556,0.988068,25.8903,6.15871,392.335,0.382519,0.230676,0.26178,0.62,0.0269802
75,291.756,1,2.48333,0.893343,25.5273,6.25562,391.032,0.379387,0.224835,0.255152,0.62,0.0276686
76,295.361,1,2.51,0.971733,25.4959,6.36901,388.207,0.380097,0.219142,0.256844,0.62,0.0280088
77,293.402,1,2.47197,0.964294,25.1885,6.2795,390.519,0.38579,0.213594,0.261854,0.62,0.0275104
78,287.695,1,2.48358,0.995571,25.0126,6.15685,389.604,0.385251,0.208185,0.27645,0.16386,0.0271741
79,286.383,1,2.51689,0.963787,25.1197,6.09864,385.038,0.375497,0.202914,0.273127,0.0652004,0.0270819
80,283.983,1,2.57784,0.909607,25.8155,5.95865,379.473,0.365989,0.197776,0.276198,-0.105274,0.0266754
81,278.595,1,2.63018,0.940819,26.1895,6.02799,379.103,0.356722,0.192768,0.288014,-0.000910027,0.0259987
82,278.782,1,2.62628,0.967101,26.1443,5.89693,378.621,0.357592,0.187887,0.283633,-0.0695748,0.0261913
83,280.929,1,2.66437,0.959327,25.7913,5.8269,374.554,0.348537,0.18313,0.304489,-0.0575499,0.0266337
84,282.638,1,2.66541,0.896474,25.7284,5.94478,371.408,0.340713,0.178493,0.329283,-0.0568204,0.0267128
85,285.766,1,2.67801,0.959609,25.5846,5.78155,372.206,0.335328,0.173973,0.320945,-0.0423306,0.0275661
86,284.416,1,2.67213,0.90761,25.9553,5.86658,369.662,0.330321,0.169568,0.312819,-0.185223,0.0271108
87,282.601,1,2.68522,0.872336,25.5647,5.85389,370.312,0.321957,0.165275,0.304898,-0.145271,0.0272694
88,276.693,1,2.67017,0.966706,25.1951,5.94932,368.359,0.340557,0.16109,0.297178,-0.121073,0.0264643
89,275.647,1,2.68983,0.879437,25.5183,5.96821,366.417,0.331933,0.157011,0.302323,-0.140103,0.0262692
90,281.836,1,2.68427,0.890173,25.6602,6.10391,364.484,0.327565,0.153035,0.312136,-0.217558,0.0269712
91,276.861,1,2.65324,0.879724,26.0203,6.32055,364.555,0.345605,0.14916,0.313587,-0.189507,0.0260511
92,278.976,1,2.66731,0.884362,25.8401,6.39335,363.416,0.344515,0.145384,0.308797,-0.1392,0.0268626
93,275.356,1,2.6609,0.86306,26.0422,6.14012,367.675,0.34361,0.141702,0.314397,-0.205887,0.0263611
94,272.338,1,2.66619,0.879336,26.2957,6.09391,369.937,0.340788,0.138114,0.306436,-0.386045,0.026242
95,281.689,1,2.67851,0.854373,26.2163,6.01577,370.443,0.334465,0.134617,0.331534,-0.430926,0.0277363
96,285.129,1,2.64711,0.850978,26.0718,6.04661,372.758,0.328169,0.131209,0.32314,-0.393135,0.028412
97,285.832,1,2.636,0.897954,25.6766,5.97401,377.563,0.326754,0.127886,0.314958,-0.23883,0.0290389
98,283.861,1,2.62169,0.891355,25.8708,6.0321,377.711,0.338779,0.124648,0.306983,-0.24234,0.0281407
99,277.442,1,2.62774,0.930794,25.6466,5.99718,376.53,0.335417,0.121492,0.29921,-0.168151,0.0273809
100,267.649,1,2.67467,0.962137,25.7241,6.02589,371.088,0.328727,0.118416,0.292533,-0.263333,0.0266343
101,276.652,1,2.71229,0.946274,26.5127,6.06768,370.219,0.344731,0.115417,0.285125,-0.119504,0.0273424
102,270.281,1,2.7117,0.954679,26.0953,5.95987,367.76,0.339737,0.112495,0.297608,-0.173707,0.0265284
103,267.123,1,2.66971,0.916992,25.8139,5.99032,368.047,0.340371,0.109647,0.290072,-0.172758,0.0262217
104,269.866,1,2.68859,0.794758,25.9192,5.87736,368.119,0.331753,0.10687,0.295672,-0.297407,0.0267424
105,276.746,1,2.69282,0.854836,26.1578,6.065,366.753,0.338321,0.104164,0.331016,-0.271631,0.0276568
106,270.046,1,2.69718,0.863329,25.8822,6.00255,368.974,0.334556,0.101527,0.322634,-0.0959138,0.0265825
107,273.791,1,2.68458,0.849785,26.2046,6.17373,368.181,0.327038,0.110589,0.314465,-0.263314,0.0271916
108,274.893,1,2.68489,0.970987,26.2485,6.13128,368.828,0.339048,0.107789,0.312331,-0.272613,0.0271395
109,272.079,1,2.70162,0.907575,26.0635,5.9817,365.659,0.338029,0.112299,0.304423,-0.210246,0.0265256
110,279.251,1,2.70566,0.951413,26.3099,6.01254,371.015,0.338239,0.109455,0.305294,-0.153251,0.0276987
111,278.558,1,2.72978,0.871149,26.3487,5.94392,364.131,0.334236,0.106727,0.297564,-0.291373,0.0278695
112,280.704,1,2.69575,0.850165,26.1753,5.9746,366.656,0.338637,0.104024,0.303253,-0.291209,0.0282426
113,270.472,1,2.71367,0.896637,26.217,6.1309,364.185,0.330063,0.10139,0.295575,-0.341782,0.0278545
114,274.465,1,2.71309,0.985714,26.109,6.10332,367.172,0.327684,0.0988231,0.288091,-0.4187,0.028377
115,269.894,1,2.68683,0.840486,25.8639,6.00206,367.316,0.32688,0.0963209,0.290598,-0.360716,0.027374
116,269.217,1,2.70473,0.90973,25.8754,6.04453,366.957,0.329553,0.0941101,0.30328,-0.315404,0.0269866
117,268.063,1,2.71644,0.898694,25.9102,5.94553,364.664,0.32202,0.0925515,0.303787,-0.335378,0.0269876
118,271.905,1,2.725,0.97617,25.8785,5.91098,364.949,0.338483,0.090208,0.298455,-0.30933,0.0278707
119,267.255,1,2.74242,0.847808,26.212,5.82574,363.309,0.329912,0.0964275,0.291437,-0.241017,0.0267064
120,277.494,1,2.72593,0.800634,26.2304,5.88232,363.664,0.335324,0.0939859,0.323392,-0.301962,0.0279482
121,273.144,1,2.71178,0.969109,26.0944,6.17399,361.427,0.335319,0.0968099,0.32249,-0.378355,0.0272326
122,273.845,1,2.72158,0.932326,25.9255,6.14273,362.203,0.326828,0.0943587,0.319418,-0.3257,0.0276821
123,273.368,1,2.74788,0.947672,25.8157,5.84925,363.512,0.326893,0.0953222,0.31133,-0.290862,0.0275009
124,275.186,1,2.73026,0.994131,25.8819,5.99844,362.305,0.335611,0.106237,0.322845,-0.232461,0.0269245
125,273.662,1,2.71093,0.900997,25.7522,5.99929,362.8,0.33705,0.103547,0.314671,-0.135985,0.0273759
126,268.637,1,2.72392,0.819712,25.9579,5.93345,362.233,0.32913,0.100925,0.32408,-0.193458,0.0265309
127,271.141,1,2.7288,0.820856,26.007,5.94428,361.738,0.327208,0.0997742,0.317939,-0.269074,0.0268139
128,269.099,1,2.7188,0.868649,26.2142,6.05754,362.974,0.333128,0.0972479,0.309889,-0.255313,0.026891
129,270.845,1,2.75077,0.970987,26.2918,5.99866,365.349,0.326664,0.0996795,0.313518,-0.22159,0.0268122
130,271.451,1,2.7117,1.02775,26.3325,6.05549,371.058,0.338218,0.10504,0.30838,-0.246541,0.0266465
131,268.843,1,2.69797,0.929076,26.4258,5.97371,370.225,0.343119,0.10238,0.300572,-0.272426,0.0271201
132,267.179,1,2.6599,0.82118,26.0785,5.9562,370.984,0.34205,0.0997878,0.292961,-0.387207,0.0271799
133,267.977,1,2.63349,0.901296,26.1098,6.20258,370.984,0.351584,0.0972611,0.30083,-0.265273,0.026489
134,278.854,1,2.62305,0.863761,26.0067,6.21782,370.549,0.352774,0.102185,0.293212,-0.154433,0.0278057
135,277.935,1,2.63373,0.794442,26.1127,6.26769,368.305,0.348446,0.10428,0.298459,-0.196672,0.0275444
136,273.417,1,2.68169,0.890842,25.7776,6.08897,369.456,0.339623,0.101639,0.290902,-0.173064,0.0279734
137,270.337,1,2.66953,0.90251,25.7816,6.07762,369.673,0.33162,0.110587,0.283536,-0.259225,0.0268065
138,274.035,1,2.65514,0.938239,26.1023,6.13967,372.633,0.340074,0.11053,0.280605,-0.231565,0.0271249
139,266.741,1,2.66385,1.04281,26.1251,6.1236,372.961,0.345121,0.107731,0.2735,-0.256282,0.0269671
140,267.573,1,2.70723,1.01533,26.1116,6.06341,368.335,0.336585,0.105473,0.279475,-0.239229,0.0264751
141,270.614,1,2.73895,1.08441,25.8698,5.91947,365.457,0.335183,0.102802,0.28538,-0.359585,0.0271135
142,264.665,1,2.76556,0.957509,25.6228,5.85883,362.46,0.326696,0.100199,0.279092,-0.380489,0.02706
143,273.085,1,2.7697,0.992257,25.8673,5.8364,362.283,0.321478,0.101949,0.281209,-0.215657,0.0274633
144,270.21,1,2.74598,0.855793,26.1547,5.87571,363.273,0.32125,0.109842,0.28549,-0.300336,0.0268393
145,268.584,1,2.71169,0.860852,26.0414,5.82459,367.317,0.327893,0.10706,0.278261,-0.321348,0.02709
146,261.625,1,2.71838,0.901184,25.8729,5.95956,364.448,0.325131,0.104349,0.271215,-0.316791,0.0264171
147,266.183,1,2.69617,0.877709,25.9579,6.019,365.409,0.322976,0.108739,0.283398,-0.377708,0.0264447
148,267.676,1,2.70361,0.956885,25.544,5.81052,366.872,0.333109,0.105986,0.294539,-0.241087,0.0263817
149,272.378,1,2.71052,0.889929,25.6521,5.83991,364.758,0.32895,0.103302,0.287081,-0.226281,0.0272909
150,271.223,1,2.70077,0.949059,25.7194,6.01417,364.865,0.339129,0.100687,0.28592,-0.286824,0.0273751
151,278.695,1,2.68018,0.880181,25.5155,5.97687,365.863,0.330542,0.113864,0.302185,-0.250152,0.027511
152,289.343,1,2.68272,0.909464,25.2759,5.93324,366.148,0.3246,0.110981,0.294534,-0.186089,0.0294573
153,281.079,1,2.70477,0.837389,25.2561,5.90195,360.499,0.319789,0.108171,0.287076,-0.217602,0.0288064
154,275.973,1,2.72049,0.853769,25.2275,5.8129,359.267,0.320273,0.107375,0.279807,-0.197631,0.0278477
155,280.645,1,2.67207,0.857994,25.1178,6.02798,363.407,0.334011,0.111547,0.282598,-0.0929013,0.027909
156,277.854,1,2.70973,0.891239,25.3103,5.95099,361.881,0.325554,0.108723,0.29835,-0.122118,0.0275469
157,279.42,1,2.73205,0.867992,25.8117,5.79644,363.718,0.321069,0.112835,0.301234,-0.190446,0.0276554
158,273.575,1,2.75726,0.848804,25.8282,5.5971,362.724,0.312939,0.115471,0.293607,-0.277071,0.0272571
159,272.56,1,2.79008,0.953832,25.7656,5.72907,360.457,0.313539,0.112548,0.286173,-0.189468,0.0274042
160,272.481,1,2.79843,0.893371,26.3822,5.78363,357.5,0.313572,0.115243,0.278927,-0.290419,0.0274813
161,272.684,1,2.79784,0.924848,26.3834,5.80593,356.103,0.321792,0.112325,0.284581,-0.362242,0.0273358
162,265.463,1,2.81879,0.86704,26.0969,5.92565,348.766,0.313806,0.109481,0.303223,-0.257289,0.0261252
163,267.634,1,2.79925,0.990724,25.4588,5.96814,351.49,0.319636,0.109233,0.295545,-0.0666552,0.0262373
164,267.258,1,2.82222,0.853721,25.888,5.97289,346.822,0.322482,0.106467,0.294799,0.0150551,0.0263274
165,267.717,1,2.78807,0.888788,25.7282,6.14547,351.157,0.321841,0.103771,0.287334,-0.065001,0.0270106
166,266.057,1,2.77597,0.84314,25.2361,6.05402,347.797,0.322096,0.101144,0.282894,-0.0790744,0.0269197
167,272.6,1,2.80724,0.827809,25.5443,6.02225,344.876,0.319843,0.0985826,0.285976,-0.117593,0.027627
168,268.11,1,2.84826,0.905106,25.8821,6.00567,344.371,0.31356,0.0960864,0.280989,-0.246921,0.0274937
169,265.886,1,2.82991,0.908881,25.4923,6.0197,343.765,0.319647,0.104024,0.273874,-0.116247,0.0265224
170,267.416,1,2.79949,0.879217,25.7532,6.0801,349.002,0.316873,0.10139,0.275542,-0.103426,0.0268195
171,269.405,1,2.74553,0.890332,25.3559,6.28628,352.342,0.324894,0.0988225,0.289104,-0.139413,0.0271191
172,264.819,1,2.76423,0.850825,25.5416,6.06172,353.581,0.316668,0.0963203,0.281784,-0.184823,0.0268002
173,271.747,1,2.74982,0.871634,25.3156,6.0069,352.891,0.317242,0.0938814,0.297612,-0.309695,0.0275375
174,270.333,1,2.75735,0.906785,25.6469,5.82703,355.441,0.323741,0.0970578,0.323716,-0.369924,0.0268765
175,273.913,1,2.80278,0.899811,25.8917,5.87807,352.976,0.315544,0.0946002,0.315519,-0.36197,0.0280188
176,274.933,1,2.82663,0.908046,25.9728,6.01364,349.116,0.314443,0.0922049,0.311792,-0.211262,0.0278865
177,271.815,1,2.83429,0.887681,25.9788,6.00529,348.365,0.31621,0.0898702,0.322929,-0.154261,0.0276563
178,275.469,1,2.84505,0.932431,26.0247,6.0696,344.453,0.320728,0.0875946,0.335393,-0.311879,0.0279282
179,269.733,1,2.82088,0.933625,25.7081,6.09173,344.52,0.325196,0.0876649,0.3269,-0.293266,0.0271196
180,271.761,1,2.82478,0.882928,25.7365,6.13389,344.117,0.31729,0.0854452,0.33081,-0.309909,0.0276112
181,266.402,1,2.78744,0.881947,25.3719,6.12635,348.553,0.324697,0.0832817,0.322434,-0.278148,0.0276803
182,264.779,1,2.79645,0.863306,25.5,5.99251,347.94,0.317388,0.081173,0.31427,-0.248183,0.0272515
183,266.793,1,2.83335,0.870814,25.405,5.8407,344.848,0.309351,0.0857626,0.306312,-0.325684,0.0277346
184,263.643,1,2.83662,0.761081,25.6351,5.59475,347.879,0.301518,0.0835911,0.298556,-0.351489,0.0276012
185,267.301,1,2.87537,0.759247,25.58,5.62056,342.715,0.293884,0.0910844,0.298398,-0.426605,0.0275825
186,270.245,1,2.88244,0.841251,25.6399,5.6334,344.388,0.292978,0.10394,0.290842,-0.379434,0.0274339
187,270.413,1,2.89693,0.969428,25.7835,5.78849,342.572,0.310235,0.101308,0.317371,-0.374255,0.0272406
188,268.613,1,2.8542,0.915773,25.8366,6.06671,342.773,0.322035,0.0987428,0.328377,-0.27553,0.027084
189,270.423,1,2.80703,0.87713,25.5901,6.18877,345.049,0.315207,0.0962426,0.320063,-0.304656,0.0273667
190,273.008,1,2.82693,0.929457,25.5573,6.17434,342.893,0.32312,0.0953368,0.314981,-0.296892,0.0273684
191,270.206,1,2.8264,0.893605,25.5475,6.0593,342.759,0.317159,0.0929228,0.307006,-0.36355,0.0275686
192,273.22,1,2.81245,0.859205,25.292,6.02425,341.721,0.320465,0.09057,0.314187,-0.2856,0.0276005
193,270.709,1,2.81927,0.881711,25.5604,5.91645,345.592,0.314742,0.0882767,0.320532,-0.325037,0.0275098
194,265.728,1,2.84715,0.948614,25.6129,6.04836,345.997,0.316385,0.0860415,0.312416,-0.162916,0.0271885
195,267.192,1,2.82478,0.859559,25.6628,5.95888,348.7,0.311385,0.0886025,0.304506,-0.165821,0.027122
196,271.9,1,2.80923,0.881207,25.7437,5.99178,350.88,0.316534,0.0865069,0.296795,-0.143808,0.0278293
197,267.167,1,2.77676,0.88984,25.8315,6.04355,353.552,0.315248,0.0907241,0.28928,-0.297177,0.0275347
198,275.231,1,2.79832,0.914678,25.9867,5.90663,353.276,0.319002,0.0928217,0.281956,-0.295939,0.0287219
199,277.997,1,2.82548,0.912225,25.6182,5.81589,348.101,0.310925,0.100856,0.274816,-0.191916,0.0285744
200,274.529,1,2.86807,0.926917,25.7374,5.79971,347.693,0.307227,0.102949,0.267858,-0.0442354,0.02813
201,278.585,1,2.83571,0.86159,25.4392,5.87702,347.422,0.305285,0.104174,0.279218,-0.0391762,0.0283057
202,272.466,1,2.84453,0.903366,25.6443,5.78581,347.693,0.317661,0.101536,0.293752,-0.0730146,0.0274256
203,279.099,1,2.837,0.880357,25.4749,5.91522,344.671,0.311814,0.110464,0.286314,-0.0947917,0.028119
204,277.961,1,2.82178,0.814593,25.9944,6.05459,347.566,0.32312,0.107667,0.279064,-0.0734643,0.0281631
205,275.098,1,2.82703,0.784008,25.9325,5.78881,348.041,0.315027,0.104941,0.292605,-0.0994493,0.0275271
206,278.762,1,2.84929,0.836252,25.9918,5.73596,346.545,0.315444,0.102284,0.285196,-0.122124,0.0284836
207,277.48,1,2.84259,0.812096,25.6384,5.87969,345.395,0.309848,0.099694,0.293304,-0.112031,0.0282306
208,272.344,1,2.85716,0.774771,25.8311,5.86844,344.113,0.306249,0.0971697,0.315105,-0.137564,0.0275529
209,273.703,1,2.83909,0.86573,25.8699,5.94131,344.651,0.314217,0.0947093,0.317645,-0.358049,0.0279049
210,276.566,1,2.8366,0.803602,25.8592,5.9414,342.16,0.308813,0.0989845,0.309602,-0.267453,0.0279414
211,274.075,1,2.83742,0.830992,25.5687,6.03212,342.995,0.309814,0.096692,0.301763,-0.171348,0.0276904
212,277.135,1,2.81433,0.812608,25.5631,5.92909,346.814,0.315803,0.0950605,0.302936,-0.226702,0.0281083
213,272.329,1,2.77211,0.811552,25.8401,6.02162,351.42,0.325364,0.0926535,0.321109,-0.352308,0.0274966
214,272.665,1,2.74443,0.782244,25.6244,6.00722,350.116,0.327755,0.0903075,0.330391,-0.266268,0.0276011
215,275.197,1,2.80679,0.915287,25.6505,6.01612,350.458,0.325023,0.0884327,0.322026,-0.216993,0.0279877
216,278.167,1,2.8102,0.914091,25.547,6.03963,347.207,0.320285,0.0864202,0.317199,-0.311044,0.0285118
217,272.375,1,2.75467,0.844984,25.8433,6.27072,348.97,0.336831,0.084232,0.325182,-0.274965,0.0275938
218,275.146,1,2.75704,0.893996,25.5006,6.10605,351.253,0.336826,0.092787,0.328829,-0.0594718,0.0272571
219,267.502,1,2.79358,0.800955,25.5933,5.78361,351.356,0.328298,0.0934763,0.320503,-0.181593,0.0267746
220,270.518,1,2.80024,0.735031,25.4252,6.03531,346.415,0.319985,0.0911094,0.312387,-0.0646743,0.0272291
221,276.612,1,2.82021,0.84218,25.4435,5.80635,347.193,0.31217,0.0888025,0.311958,-0.214833,0.0283132
222,277.453,1,2.8598,0.901169,25.3784,5.81,346.074,0.304266,0.0879281,0.304059,-0.202993,0.0289209
223,278.371,1,2.84219,0.927723,25.4804,6.01986,342.897,0.302848,0.0964688,0.29636,-0.347493,0.0287044
224,266.818,1,2.84556,0.953181,25.6649,6.06102,343.132,0.312527,0.0940261,0.288856,-0.28227,0.0272864
225,266.533,1,2.84281,0.861862,26.1065,6.06138,342.864,0.312923,0.0916453,0.281542,-0.367252,0.0276655
226,269.097,1,2.8535,0.96184,26.0851,6.14256,344.672,0.313342,0.098892,0.274413,-0.258924,0.0277208
227,262.061,1,2.84891,0.880211,25.7717,6.03037,344.335,0.305408,0.100559,0.267465,-0.247691,0.0265497
228,263.193,1,2.83359,0.848266,25.5773,6.11029,344.335,0.301128,0.0988835,0.260693,-0.276284,0.026864
229,264.425,1,2.86734,0.850331,25.2596,5.99857,340.703,0.297364,0.0974751,0.28877,-0.222311,0.0266549
230,260.217,1,2.85239,0.844629,25.4332,5.93995,341.968,0.299995,0.101933,0.287367,-0.157471,0.025855
231,263.785,1,2.85127,0.85519,25.7978,6.04401,345.975,0.303337,0.100444,0.302759,-0.144122,0.0261736
232,268.131,1,2.8227,0.865123,25.8516,6.15928,346.752,0.311809,0.10532,0.303195,-0.198954,0.0265137
233,271.444,1,2.84291,0.928882,25.8752,6.01591,345.059,0.321271,0.105514,0.324522,-0.270245,0.0266366
234,270.003,1,2.82507,0.936672,25.8194,6.00583,345.801,0.325866,0.103566,0.320343,-0.334213,0.0265836
235,269.513,1,2.81597,0.853817,25.5787,6.11555,345.091,0.318679,0.100944,0.332608,-0.265182,0.0267536
236,269.472,1,2.83167,0.818845,25.6013,6.04783,344.148,0.316129,0.0983879,0.337116,-0.241286,0.0272865
237,271.33,1,2.79152,0.793689,25.6571,6.08135,347.643,0.308124,0.10142,0.32858,-0.224939,0.0270906
238,275.126,1,2.82175,0.949429,25.7656,6.02429,346.523,0.315283,0.0988525,0.32026,-0.265496,0.0278496
239,264.748,1,2.83318,0.905597,25.8114,5.89662,346.252,0.316049,0.100787,0.312151,-0.197531,0.0264572
240,267.389,1,2.82545,0.939608,25.6314,6.00221,347.334,0.31622,0.105021,0.309443,-0.14304,0.02623
241,265.873,1,2.83474,0.961417,25.7012,6.1212,345.468,0.315594,0.102361,0.301608,-0.263031,0.0266478
242,265.415,1,2.889,0.952547,26.4236,5.96056,343.309,0.31086,0.0997696,0.293971,-0.410431,0.0269177
243,265.471,1,2.90221,0.996206,26.1778,6.08242,342.337,0.302989,0.0972434,0.293697,-0.315919,0.0269621
244,267.17,1,2.85989,1.01921,25.6637,5.98388,346.148,0.311091,0.102485,0.28626,-0.287435,0.0267956
245,278.414,1,2.83856,1.00422,25.7057,6.08356,346.351,0.322547,0.101104,0.300816,-0.212575,0.0279932
246,271.301,1,2.78137,0.849496,25.4376,5.90349,349.801,0.31438,0.101292,0.303732,-0.329125,0.0272219
247,274.906,2,2.77411,0.894261,25.5377,5.99482,352.329,0.322745,0.0987277,0.296042,-0.226009,0.0283312
248,273.241,2,2.79073,0.851049,25.7306,6.03311,351.606,0.319055,0.0962279,0.288546,-0.159497,0.0281264
249,278.511,2,2.77341,0.829295,25.6075,6.01464,350.782,0.32116,0.10471,0.2942,-0.153467,0.0279169
250,269.606,2,2.81943,0.885061,25.9333,5.95722,349.169,0.312135,0.100735,0.291211,-0.307076,0.027154
251,264.786,2,2.79546,0.855373,25.8947,6.10687,352.164,0.305697,0.0977675,0.283291,-0.427681,0.027023
252,268.977,2,2.77975,0.908183,25.9545,6.14461,353.946,0.314141,0.104428,0.278676,-0.357717,0.0271081
253,273.207,2,2.76943,1.03532,25.7095,6.12391,353.081,0.327034,0.106462,0.290363,-0.371304,0.027273
254,269.499,2,2.74685,0.923881,25.4481,6.09934,352.251,0.319656,0.104385,0.274545,-0.404699,0.0273228
255,265.387,2,2.76545,0.94505,25.3768,5.88388,353.245,0.320229,0.0906045,0.287102,-0.332293,0.0270303
256,266.047,2,2.79999,0.941752,25.4151,5.83423,351.522,0.311784,0.0897821,0.286749,-0.324246,0.0271462
257,271.123,2,2.76584,0.869109,25.4738,5.96438,352.563,0.312543,0.096144,0.290886,-0.30096,0.0273192
258,274.572,2,2.74555,0.80017,25.5176,6.11452,352.413,0.315375,0.102457,0.29509,-0.318464,0.0275007
259,266.602,2,2.74683,0.805941,25.631,6.04148,356.068,0.315059,0.0983835,0.285062,-0.267858,0.0270814
260,268.732,2,2.73993,0.816245,25.6423,5.96264,357.327,0.315942,0.0977127,0.268964,-0.286965,0.0273429
261,261.486,2,2.74633,0.82979,25.8651,5.96994,357.415,0.318771,0.088675,0.273861,-0.29566,0.0270207
262,261.218,2,2.72813,0.860278,25.8972,6.00778,358.745,0.332614,0.0822396,0.284434,-0.294275,0.0267604
263,266.183,2,2.74193,0.90495,25.9551,6.06443,358.109,0.334954,0.079392,0.299819,-0.322672,0.0270127
264,269.343,2,2.77745,0.959013,25.8565,6.03927,355.546,0.328704,0.0808198,0.314314,-0.278327,0.027141
265,266.441,2,2.80973,0.961261,25.854,5.92009,353.79,0.323475,0.0801257,0.304823,-0.214561,0.0272392
266,265.002,2,2.801,0.892089,25.9702,5.83798,355.254,0.318262,0.079873,0.303784,-0.281574,0.0272535
267,262.909,2,2.80165,0.939957,25.9805,5.91624,354.238,0.323882,0.0797531,0.316501,-0.300307,0.0268786
268,264.629,2,2.78426,0.934126,26.0195,5.8971,356.62,0.325878,0.0787787,0.332043,-0.359916,0.0267912
269,268.326,2,2.78905,0.930975,26.0415,5.86161,356.677,0.327513,0.0752205,0.329006,-0.327809,0.0271499
270,265.99,2,2.77553,0.917999,25.9711,5.86468,357.281,0.329977,0.0761963,0.329578,-0.313839,0.0270287
271,266.68,2,2.76852,0.929444,26.0402,5.92609,358.7,0.329017,0.0781443,0.314222,-0.315854,0.0271642
272,268.409,2,2.76165,0.908938,26.0704,5.97097,357.879,0.330228,0.0768786,0.313062,-0.338814,0.0273734
273,263.178,2,2.78293,0.951971,25.9517,5.97411,356.48,0.326306,0.0774123,0.310039,-0.349102,0.0272833
274,269.35,2,2.78247,0.981964,25.9972,6.01703,356.926,0.328265,0.0793061,0.309918,-0.364444,0.0273455
275,261.042,2,2.77524,0.958536,25.9498,6.04615,356.756,0.32552,0.0780817,0.311263,-0.372747,0.0272028
276,257.57,2,2.76674,0.946064,25.9045,6.10439,356.548,0.324471,0.0781061,0.310118,-0.381206,0.0269591
277,267.221,2,2.7632,0.921288,25.8696,6.08774,356.681,0.321657,0.0812307,0.308509,-0.377273,0.0269939
278,263.456,2,2.76485,0.904725,25.8545,6.06202,356.346,0.31947,0.0823552,0.305689,-0.402866,0.027026
279,268.811,2,2.75684,0.8886,25.7604,6.03694,356.722,0.319118,0.0812618,0.304353,-0.423202,0.0272726
280,260.873,2,2.7558,0.880873,25.7626,6.05739,356.678,0.318394,0.081017,0.299072,-0.433845,0.0272654
281,262.232,2,2.75913,0.899012,25.7828,6.053,357.23,0.318117,0.0823891,0.293531,-0.434466,0.0272202
282,264.719,2,2.76359,0.898594,25.8077,6.04367,356.904,0.31663,0.0824556,0.286582,-0.439776,0.0273698
283,258.709,2,2.76855,0.902628,25.8015,6.03525,356.782,0.315573,0.0818797,0.284786,-0.448098,0.0273257
284,259.885,2,2.77148,0.917764,25.8127,6.02679,356.793,0.315893,0.0823002,0.28454,-0.450156,0.0272358
285,269.295,2,2.76789,0.905157,25.7736,6.0291,356.341,0.316689,0.0812161,0.290579,-0.448913,0.0273411
286,272.898,2,2.76483,0.889867,25.737,6.00735,356.24,0.317894,0.0805389,0.293775,-0.426349,0.0274545
287,261.738,2,2.76431,0.880802,25.7603,5.97379,356.765,0.318955,0.0783138,0.294932,-0.423102,0.0274614
288,262.228,2,2.767,0.877521,25.7669,5.95714,356.721,0.318023,0.0788302,0.297415,-0.419369,0.0273647
289,264.239,2,2.76702,0.881739,25.769,5.95465,357.046,0.317717,0.0796883,0.298497,-0.414863,0.0272983
290,269.062,2,2.76716,0.880942,25.7962,5.96897,356.914,0.317434,0.0805599,0.299832,-0.423893,0.0273405
291,271.151,2,2.76753,0.876527,25.7791,5.96517,356.711,0.316628,0.081219,0.300131,-0.421738,0.0274037
292,263.677,2,2.76639,0.87277,25.7931,5.95815,357.061,0.316163,0.080331,0.299166,-0.422466,0.0274385
293,265.34,2,2.76478,0.861217,25.7872,5.95191,357.055,0.315749,0.0800984,0.297992,-0.422106,0.0274699
294,267.044,2,2.76488,0.859592,25.7828,5.95358,357.037,0.31526,0.0805694,0.295084,-0.423148,0.0275152
295,266.935,2,2.76689,0.869367,25.7902,5.96424,356.754,0.316576,0.0802871,0.29352,-0.419146,0.0275473
296,269.191,2,2.76811,0.878698,25.7936,5.97132,356.598,0.31747,0.0800848,0.291256,-0.419054,0.0276161
297,263.394,2,2.76877,0.881814,25.7972,5.97206,356.588,0.317545,0.0799274,0.289629,-0.419974,0.0276234
298,260.214,2,2.76908,0.882273,25.7979,5.97213,356.531,0.317532,0.0800071,0.289916,-0.41889,0.0275983
299,267.334,2,2.76925,0.88462,25.8021,5.97523,356.502,0.317733,0.0803449,0.290159,-0.417428,0.0275774
300,266.173,2,2.76921,0.88446,25.7975,5.97542,356.447,0.317814,0.0801865,0.290207,-0.415387,0.0275818
301,274.264,2,2.76916,0.883254,25.7943,5.97316,356.442,0.317787,0.0802169,0.290452,-0.415162,0.0275993
302,273.19,2,2.76912,0.881556,25.7923,5.97207,356.399,0.317683,0.0802404,0.290539,-0.412723,0.0276128
303,269.026,2,2.76879,0.879248,25.7881,5.97368,356.34,0.317549,0.0803189,0.290408,-0.410155,0.0276159
304,263.382,2,2.76889,0.878658,25.7891,5.97606,356.267,0.317637,0.0801774,0.290524,-0.407665,0.0276102
305,264.733,2,2.7693,0.879057,25.7903,5.97777,356.18,0.317768,0.0801081,0.290005,-0.405035,0.0276126
306,264.21,2,2.76947,0.878026,25.7946,5.97843,356.135,0.317821,0.0799857,0.289781,-0.403548,0.0276152
307,267.533,2,2.76932,0.876713,25.7956,5.97904,356.138,0.317697,0.0799631,0.289891,-0.404982,0.0276229
308,265.553,2,2.76848,0.876371,25.7957,5.98034,356.182,0.317754,0.0799752,0.289779,-0.406809,0.0276254
309,265.083,2,2.76751,0.876289,25.7963,5.9829,356.263,0.317779,0.0802349,0.289545,-0.407778,0.0276146
310,259.403,2,2.76702,0.876156,25.799,5.9848,356.331,0.317684,0.0802505,0.289834,-0.408123,0.027596
311,260.204,2,2.76609,0.874577,25.7948,5.98621,356.336,0.317687,0.0801683,0.289909,-0.408299,0.0275865
312,266.147,2,2.76515,0.873182,25.7922,5.98605,356.39,0.317769,0.0801749,0.289572,-0.407596,0.0275884
313,272.587,2,2.76463,0.869452,25.7878,5.98431,356.368,0.317737,0.0800742,0.289657,-0.405407,0.0276034
314,273.918,2,2.76373,0.866405,25.7838,5.9834,356.351,0.31785,0.0801583,0.289359,-0.404616,0.0276173
315,269.296,2,2.76307,0.865566,25.7811,5.98318,356.392,0.317817,0.0801374,0.288993,-0.406752,0.0276339
316,270.816,2,2.76297,0.865372,25.7791,5.98293,356.408,0.317702,0.0801959,0.288443,-0.40863,0.0276531
317,276.19,2,2.76347,0.864386,25.7774,5.98152,356.342,0.317505,0.0804368,0.28832,-0.409113,0.0276674
318,280.835,2,2.76361,0.86414,25.7792,5.9819,356.332,0.317441,0.0806295,0.288616,-0.408436,0.0276826
319,274.259,2,2.76344,0.863324,25.7807,5.98285,356.299,0.317381,0.0809009,0.288811,-0.408459,0.0276834
320,271.796,2,2.76379,0.863229,25.7807,5.98336,356.221,0.317248,0.0810075,0.288611,-0.407316,0.0276914
321,268.345,2,2.76396,0.865382,25.7799,5.98515,356.232,0.317313,0.0808904,0.288279,-0.408388,0.0277059
322,267.004,2,2.76396,0.867985,25.7784,5.98664,356.249,0.317455,0.0808158,0.287973,-0.409246,0.027714
323,272.621,2,2.76422,0.870106,25.7813,5.98546,356.305,0.317531,0.0808528,0.287908,-0.408706,0.0277215
324,269.976,2,2.76411,0.871337,25.7837,5.98573,356.349,0.317612,0.0809757,0.287716,-0.409625,0.0277248
325,270.132,2,2.76386,0.871765,25.784,5.98657,356.337,0.317684,0.0809982,0.287759,-0.409284,0.0277278
326,264.303,2,2.76388,0.871937,25.7808,5.9887,356.264,0.317684,0.0809528,0.287844,-0.408568,0.0277241
327,273.51,2,2.76393,0.873409,25.7793,5.98784,356.274,0.317769,0.0810768,0.287838,-0.408571,0.0277288
328,273.527,2,2.76398,0.874217,25.7749,5.98839,356.241,0.317659,0.08125,0.288055,-0.409017,0.0277316
329,272.616,2,2.76425,0.875984,25.7745,5.98851,356.266,0.317601,0.0812814,0.288638,-0.409898,0.0277342
330,264.845,2,2.76402,0.875945,25.7718,5.98681,356.282,0.317688,0.0811892,0.288675,-0.409524,0.0277322
331,267.275,2,2.76409,0.876222,25.7706,5.98661,356.271,0.317648,0.0812177,0.288828,-0.409483,0.0277296
332,272.532,2,2.76396,0.876726,25.7724,5.98594,356.288,0.317732,0.0812024,0.288987,-0.409945,0.027737
333,275.064,2,2.7641,0.878099,25.7726,5.9868,356.298,0.31779,0.0813434,0.28906,-0.40951,0.0277408
334,267.138,2,2.764,0.87915,25.7742,5.98791,356.332,0.317971,0.0814483,0.289142,-0.408594,0.0277299
335,266.697,2,2.76433,0.880123,25.7751,5.9891,356.302,0.318025,0.0814099,0.289386,-0.408357,0.0277272
336,267.352,2,2.76484,0.880561,25.7755,5.98889,356.279,0.318014,0.0813511,0.289506,-0.40863,0.0277298
337,266.904,2,2.76525,0.880343,25.7765,5.98716,356.244,0.317981,0.0814058,0.289665,-0.408634,0.0277254
338,268.679,2,2.76591,0.880376,25.777,5.9856,356.198,0.317959,0.0813835,0.289586,-0.408307,0.0277303
339,270.198,2,2.76584,0.879902,25.7761,5.98624,356.188,0.317998,0.0813758,0.289797,-0.406927,0.0277296
340,272.418,2,2.76547,0.877927,25.779,5.98605,356.199,0.318026,0.0814726,0.290022,-0.40651,0.0277286
341,279.454,2,2.76518,0.879225,25.7785,5.98637,356.24,0.318184,0.0816267,0.290117,-0.405917,0.0277344
342,263.211,2,2.76531,0.880572,25.7775,5.98632,356.24,0.318177,0.0817166,0.290024,-0.405655,0.0277243
343,262.777,2,2.76539,0.881495,25.7806,5.98814,356.23,0.318269,0.0817495,0.290082,-0.406058,0.0277153
344,272.88,2,2.7652,0.882144,25.7829,5.98901,356.255,0.318475,0.0816903,0.290308,-0.406672,0.0277218
345,282.586,2,2.76522,0.88317,25.7818,5.98933,356.229,0.318664,0.0816927,0.290841,-0.406536,0.0277341
346,276.386,2,2.76556,0.883962,25.7831,5.98845,356.224,0.318723,0.081736,0.291151,-0.40468,0.0277361
347,270.591,2,2.76543,0.88473,25.7833,5.98817,356.226,0.318858,0.0818559,0.291373,-0.40393,0.027728
348,274.929,2,2.76535,0.884991,25.7815,5.98754,356.223,0.318926,0.081941,0.291436,-0.403007,0.0277304
349,272.333,2,2.76512,0.884579,25.7829,5.98561,356.258,0.319049,0.082073,0.291545,-0.402208,0.027725
350,273.836,2,2.76481,0.884507,25.785,5.98448,356.281,0.319159,0.0820922,0.291707,-0.403021,0.0277301
351,264.789,2,2.76493,0.885224,25.7857,5.9856,356.263,0.31913,0.0820979,0.291777,-0.404331,0.027728
352,264.599,2,2.76479,0.884944,25.783,5.98596,356.255,0.319054,0.0820559,0.291785,-0.404879,0.0277276
353,270.829,2,2.76466,0.884474,25.7858,5.98716,356.252,0.319039,0.0820865,0.291934,-0.404886,0.0277288
354,269.94,2,2.76452,0.884012,25.7855,5.9878,356.253,0.319023,0.0821097,0.292066,-0.404378,0.0277281
355,271.052,2,2.76416,0.883259,25.784,5.98917,356.248,0.319046,0.0820866,0.291866,-0.404265,0.0277359
356,267.46,2,2.76374,0.882291,25.7814,5.99047,356.251,0.319027,0.0820675,0.29193,-0.403467,0.0277342
357,260.365,2,2.76378,0.881313,25.7779,5.99028,356.206,0.318918,0.0820026,0.291669,-0.40305,0.0277324
358,267.296,2,2.76342,0.88042,25.7778,5.99108,356.2,0.318915,0.0819495,0.291581,-0.403076,0.0277357
359,266.67,2,2.76342,0.880704,25.7789,5.9921,356.206,0.318845,0.0818376,0.291395,-0.403363,0.0277435
360,267.001,2,2.76349,0.881042,25.781,5.99313,356.186,0.318812,0.0818568,0.291374,-0.403395,0.0277428
361,269.504,2,2.76382,0.882505,25.7807,5.99377,356.172,0.318815,0.0819261,0.291408,-0.403501,0.0277416
362,273.532,2,2.76369,0.882876,25.7803,5.99409,356.181,0.318857,0.0819951,0.291505,-0.40309,0.0277426
363,272.624,2,2.76366,0.882241,25.7812,5.9935,356.168,0.31884,0.0820435,0.291509,-0.403091,0.0277465
364,265.013,2,2.76404,0.882167,25.7812,5.99248,356.135,0.318794,0.0820055,0.291464,-0.401793,0.0277441
365,270.07,2,2.7641,0.881869,25.7811,5.99129,356.131,0.318847,0.0820875,0.291674,-0.401093,0.0277378
366,259.738,2,2.76408,0.881972,25.7796,5.99178,356.124,0.318853,0.0820705,0.291902,-0.400994,0.0277254
