rep,id,Cl,V1,Q,V2
1,1,2.31221507087784,11.5835152146923,12.3938648113722,59.7308046053071
2,1,2.17209818565525,13.3971160030903,12.2240754917635,69.7636150795053
3,1,1.94566246822116,15.5661816007239,12.9335982002518,82.0768910428002
4,1,2.36487682796635,12.0475284568065,13.4677264604163,62.8585702525539
5,1,2.29969371414589,12.1978259288288,10.3449176487067,60.7652141075923
6,1,2.08441220125932,13.4033257844981,8.74965023612687,70.669269507975
7,1,1.83335154976747,15.7617219969059,9.80494464081189,84.8936447618968
8,1,1.99708409508764,14.7155971413038,12.2279801280024,76.625660385554
9,1,2.1828367012589,14.4767907015858,8.29431802773594,76.1827238417348
10,1,2.36207570725242,11.2542595500324,15.5017309044999,58.2913700878323
1,2,5.94558644372242,27.5731292227147,6.0642224890848,142.376200396993
2,2,5.97357170581114,26.7934995727124,5.90089446057444,141.182612904413
3,2,5.69449930413536,23.6919700759795,4.83910411443539,126.983606088982
4,2,5.53247371141427,26.3916538372043,4.36832253515246,140.193746099642
5,2,5.50833645081539,27.0274526037389,4.86816939710025,146.45641268523
6,2,5.71042061034325,27.3291780104363,4.66802506623892,145.9519541593
7,2,5.9752525198424,22.4625792496734,6.11892134525974,117.719007294163
8,2,5.58238230901066,29.2672732662235,4.67708425689479,154.988586506523
9,2,5.59618590405728,28.9803964229049,5.57797578978834,153.45405195717
10,2,5.56019873735613,23.4504816466823,4.87224095040471,121.857200987851
1,3,5.21904127703904,28.0989142105621,6.37379438820803,150.597571974634
2,3,5.30087402140405,28.459310607298,4.44899177723492,153.201134622402
3,3,5.49679902900661,21.0161563653421,5.59065748890989,110.37678924448
4,3,5.45302627014987,24.9088958251606,6.26082226667695,129.654329411739
5,3,5.38077242383411,24.6002826620125,6.91223421602954,131.231631248243
6,3,5.11904340321023,30.047009284482,6.98329998875209,162.345150004229
7,3,5.56433357323197,24.3701570926507,6.8784818933511,128.697684830283
8,3,5.38902456799292,24.8609497103908,6.74103654103482,132.010719462305
9,3,5.42580925400031,25.4111153218565,5.61568575673795,132.985872641511
10,3,5.45741316183791,25.1040934492169,6.26725436199539,132.203301965202
1,4,4.43160355197615,22.5725238420375,4.68490303019004,120.686451278
2,4,4.28097296732975,20.8360857914725,3.16468934142498,106.921913148095
3,4,4.35151284386038,20.8525023609614,3.58181171430134,110.636274997832
4,4,4.24599734393559,18.1564234151803,3.58277293191972,94.3278815513282
5,4,4.38690223036033,20.0831375465961,3.99845947761351,106.125079115858
6,4,4.32581338305078,20.1928253899854,3.90029125278144,107.11754851692
7,4,4.22653511947736,21.5471551242652,3.34911656795466,116.119629689602
8,4,4.35284301263133,19.6289140065084,3.46085581871915,103.577661308914
9,4,4.54569059281113,19.0751605030265,3.75887488458153,97.7218990371368
10,4,4.21682811040123,18.1973791281128,2.80144547006547,96.0212675387546
1,5,3.8396917108874,23.1761185320247,7.74714177905183,122.848933756091
2,5,3.29411995665847,25.8437279642211,5.72538964553155,138.276955084685
3,5,3.80921440385206,25.2056613173366,8.65488149223328,133.968662868818
4,5,3.69157944829145,23.9005935131142,5.92431831278248,125.401912668871
5,5,3.95300294168648,23.2553814331711,8.89519157939705,123.788946664467
6,5,3.69581912252873,25.7601093040291,7.76277852336975,134.272708599706
7,5,3.54019928886449,23.3234662801877,7.05926458173919,122.289481641275
8,5,3.72195687896738,23.7911515063287,7.77982447007689,127.428613459588
9,5,3.59469304542196,25.6823329831202,7.42933583276355,137.312696706144
10,5,3.85982773801036,21.2838571718951,9.27061820270696,114.114109380567
1,6,6.22480282943951,10.7874630597327,74.1094092925416,56.6531223489924
2,6,6.10282209506739,12.2882931556035,56.7166274401662,64.3242716627026
3,6,6.20397431487807,11.1935322054226,54.8830137116278,58.2048489664777
4,6,6.15793190685378,11.0151081154568,63.6691805543264,57.4404495829302
5,6,6.03639859408207,10.6093222922399,39.5721796967835,54.8132766439854
6,6,6.13951670619915,12.9747115976985,37.9805219715876,66.8055497830969
7,6,5.70460545280048,13.4085002100821,34.6125235208726,69.3685473981995
8,6,6.15824850308998,12.2501939585547,45.0997465700469,62.9231539140536
9,6,6.26434191718459,12.1448743946687,51.4488593609119,63.0593209732645
10,6,6.23840451737152,12.4972631796436,41.4636884624064,64.0641890813783
1,7,5.3403284236238,13.2726342100699,2.36198027182301,69.3347355621478
2,7,5.2660045139907,13.4532512323268,2.34420537415939,72.5293629389675
3,7,5.4618130920765,13.7567013751623,2.35593970696946,72.6908050840127
4,7,5.28813245163926,13.6298894182258,2.16525369285706,72.0233875130275
5,7,5.54575027834628,14.0845617135669,2.61943855393768,72.9847744245281
6,7,5.36984264169363,13.2536859822985,2.33896457054451,67.2106559703317
7,7,5.31006801943919,12.6715308442853,2.36945631591397,65.8329951371463
8,7,5.28728537992801,13.851754570256,2.36993227621713,71.5869967887881
9,7,5.5641111777505,14.0404340374583,2.63376136457361,72.891408337086
10,7,5.47148873814868,13.5627504781586,2.60971748746527,69.5188885709166
1,8,5.75141507317605,22.9185760830391,4.3198821752357,121.081017485168
2,8,5.69372604781643,22.4573260552756,4.79207233106722,119.380493679826
3,8,6.8611862273096,6.04077258676962,31.2288573215986,30.7864946454439
4,8,5.64262380429816,23.060631322414,4.63463237002946,122.676067780226
5,8,5.71598385437927,20.0118846995097,4.56853443220137,104.075709829968
6,8,5.87060339801788,21.7785889537136,5.26189435173802,112.126251275518
7,8,6.76097336661352,6.39939235845803,28.8943392163715,32.9978220832712
8,8,5.73471784627176,23.7183075147831,4.58165191204479,124.922962737859
9,8,6.32787244663954,21.5253332068723,5.92313985292435,112.339409059519
10,8,5.72263257288329,22.0888801580932,4.59654756139423,115.009209923037
1,9,4.36835343877721,20.2064076985783,7.34552563615259,105.17467191054
2,9,5.13501555619194,8.05285101130334,21.7807716809442,41.8518416976933
3,9,3.9458740609742,23.7289343748972,6.86474432743147,127.084306388342
4,9,3.97114633055563,24.4056725518884,5.78040400922779,130.623144403904
5,9,4.51806696144537,18.4948959345925,8.87256153474466,93.9624475912218
6,9,5.09082898263906,7.74272669612874,23.0734214903675,39.8651121552821
7,9,4.00369976102884,21.8726324778744,5.77606824579714,115.721755500805
8,9,4.01712031340388,24.5035844544278,6.32678373735378,131.692373678214
9,9,4.07910624336732,22.1471095377294,7.11549466932837,114.539443755718
10,9,5.15089770181926,8.9977524629591,21.6770987346079,46.2094172749475
1,10,2.71283775453866,20.083435335334,3.53111797306966,105.956960467746
2,10,2.59786608272632,18.8708441113974,3.3844550634512,98.234954794316
3,10,2.79258198561514,15.2743532968653,3.01558790243556,79.8937779972383
4,10,2.82780995402579,20.3902059212095,3.80416018092399,105.815565106996
5,10,2.73615620555885,16.935654535813,3.16223616249134,89.5761333650354
6,10,2.67405186234831,18.1630350467691,3.102432524695,94.0935235963949
7,10,2.68309791342891,18.4969436142654,3.24965884792221,95.1220844980648
8,10,2.62945376397103,17.7161127122707,4.02192557999936,93.3070143928472
9,10,2.70277062914792,19.9467729546737,3.80836868749234,104.377544894267
10,10,2.66894341738541,17.4152283600735,2.23814995171468,88.791395892451
1,11,5.41511164949263,26.717085420596,5.39349899565684,140.189024970558
2,11,5.36461206930272,26.3890531907719,5.18616773999366,142.230137623708
3,11,6.59444950195403,7.67235664693647,27.2475780646558,38.4597392735825
4,11,5.40265467548617,22.8307555869646,4.80698162478929,117.896395358653
5,11,5.47761889473317,27.2719681201882,5.01637304279639,142.470344721685
6,11,5.50090266206589,25.4427144405127,5.07559604302461,132.93368800992
7,11,6.76689949215658,8.03148197363783,35.5714167322389,42.2934660515838
8,11,5.65453188088296,26.4729823617127,5.48882168497153,139.643773655966
9,11,5.37396082878253,23.9495876914804,5.0182579516953,127.398565351715
10,11,5.24085904444044,27.2784166800551,4.5357589146323,146.700396321732
1,12,3.70535406947648,27.8151808497822,5.88300119109143,144.715213555391
2,12,5.26947493722667,8.41718696960703,35.7599270254376,43.4942042897312
3,12,4.0572526647542,26.6453256607931,8.02476823116678,139.853525823622
4,12,3.93036422478837,28.6331057683204,9.23798839903452,151.513525726082
5,12,3.66207235083823,28.3147523896409,6.790153443365,147.322382200102
6,12,5.38995171150696,8.92219033845201,31.1573284454953,46.7025904956946
7,12,3.92539838619424,27.8900066200929,9.0331501561293,148.118573356822
8,12,3.88011707943275,27.7172883529435,7.7900209277572,144.786931602819
9,12,3.86374124906923,24.8747973560926,6.07805097406959,129.981138744774
10,12,5.27884545595874,10.5027404854377,23.1176145180295,54.354489304111
1,13,4.27924756202779,24.7040499251543,6.01829875628134,133.921442292718
2,13,4.12498155114694,28.1792933253482,5.80025641263838,147.900549687151
3,13,4.41647783023584,22.334952067723,6.04113814515299,118.115863601924
4,13,5.44258169958104,6.83621162350567,28.303196172766,36.0701486208082
5,13,4.34586231414646,26.02833511491,3.25373894576545,135.499849657988
6,13,4.57911115494896,26.0723846534875,6.81971116394032,136.828673023654
7,13,4.5684512956067,20.7179787276068,6.38140735226542,110.156894708259
8,13,5.43619059234391,7.21673426921698,44.1821664838967,36.2507851218326
9,13,4.45901929316603,23.2199534623557,5.75377540311985,124.46092859969
10,13,4.28667717991907,27.9357426649985,5.40769030498463,148.38393044489
1,14,5.14629075280968,24.4794749922014,2.56066398338214,129.5164822688
2,14,5.35852416719014,24.665470124256,3.05247113271836,130.052677947441
3,14,6.14287340173933,4.82026848500513,130.619110757629,25.0387681840377
4,14,5.51583654025462,25.4114701422506,2.06554147069482,133.556736728189
5,14,5.51039413351657,28.2018715535636,2.90638014127283,151.097952789239
6,14,5.29391098076986,24.8650598226478,3.14376244137431,130.805715152185
7,14,6.24858518260021,4.85732010265964,77.3838812599517,25.0973095290629
8,14,5.33251855546376,22.1646258081569,2.84726761566187,117.014893296311
9,14,5.41267766781683,25.6770276105936,3.24655640011795,131.293308621724
10,14,5.21422089063254,26.4094872554226,2.43268229477492,141.32267707941
