rep,id,Cl,V1,Q,V2
1,1,5.33220647171533,35.1377893097171,11.8685907897401,10.9562888741403
2,1,5.38812272756232,36.2515600074164,11.4131861850687,11.5550621433715
3,1,5.10074987669897,54.233742406957,8.75457417834021,18.6168502588632
4,1,5.64918988428965,41.7221455830582,6.62102238799166,13.9225806191155
5,1,5.34754496465249,37.4897625014651,7.68925883209652,11.6396403868023
6,1,5.48912711127019,36.3943901191432,8.09767382868985,11.3731378117214
7,1,5.18441123270505,54.4253919497725,10.2196575378414,18.5798835270878
8,1,5.33301703754252,43.5591643656446,9.94479771371875,13.9507170693765
9,1,5.3529561129013,38.626103642182,7.17412683002325,11.7545868351855
10,1,5.26215515502579,32.4524036722804,6.04876230474081,9.80742713365438
1,2,13.3598531499952,57.7774374041739,10.0608264438176,19.7738482167437
2,2,12.9131887361472,55.8888221711751,15.5800648233082,18.9793778668081
3,2,12.4066622538363,55.3318119732692,5.49782636912596,18.9781213535208
4,2,13.3490422051268,57.228146076466,8.17468431645448,19.9093002490575
5,2,13.170459251306,58.7244810402142,5.81787649161044,20.165486711457
6,2,12.8979743901324,57.7262439079704,5.5644822440421,20.1575592422908
7,2,13.2787259476018,56.6886311287546,6.76702005108002,19.2841392626471
8,2,13.2304763647155,62.7920574713178,8.04701525716225,22.743337847125
9,2,13.2492129768416,55.8916612698755,8.07979986969455,19.0719998266323
10,2,13.8826587264875,58.0927724210717,15.8840699315804,19.6402935919034
1,3,12.5611681849603,58.0076607739131,9.11328741872499,19.978825845577
2,3,12.2453623108419,65.7762312345148,3.86261157856784,23.8674282654561
3,3,12.7818538096682,60.2041702995106,9.58702784488791,20.4102035115252
4,3,12.6292584681227,58.78796802766,12.4675634818061,20.9876402057709
5,3,11.9788512748472,56.0949617957617,7.57429164605359,18.887063671772
6,3,12.1643972468605,57.3399934086536,6.38972011767435,19.7631483239462
7,3,12.6470732629615,62.6960947550812,9.82505520425033,22.7757213112274
8,3,12.3509093187033,53.3246102759613,9.93157527595323,17.9332097907166
9,3,12.4880635487818,58.8068467367355,6.91456907792974,20.1639374672908
10,3,12.312641998795,58.0223725871891,8.84170792450613,20.4330223893518
1,4,10.2743603969053,38.4285736638554,6.28007669811614,11.7883248111663
2,4,10.4002187322788,39.9148066959101,7.76877087920677,12.7297194036452
3,4,9.93248638322844,40.0947620267034,4.51286891165978,13.0893147946581
4,4,9.91411379434621,39.9439552953069,6.4294383612645,13.0523440007915
5,4,9.70620524356522,38.6512529662098,9.0686889913412,12.4004071772792
6,4,10.2818326028279,41.0047658354396,5.69102940250763,13.1755870756906
7,4,10.007155146021,40.4028526334745,6.57465046124934,12.8912152212221
8,4,10.3770951878894,39.9127123307842,7.46180784599445,13.1339995371424
9,4,9.96378527787676,40.553714443626,6.19991314644893,12.5181423280185
10,4,10.2164672082545,40.835072577028,10.2174649761765,12.9756730956567
1,5,9.40792685597491,59.7029594360287,17.2255311766064,20.8613108555894
2,5,9.37747769414993,60.6972548343323,7.81589385547249,21.1847380202668
3,5,9.33954055588064,62.8541660842703,8.62449015552406,22.3480321240931
4,5,9.02050263849692,56.4293584269605,17.3425700174215,18.8581972874193
5,5,9.20018951225959,57.2753965970513,8.05163496010933,19.1115377571013
6,5,9.50795898037372,57.5556970949121,15.0334020526581,19.0798831403535
7,5,9.22037110149419,61.922967675798,5.50634033316579,22.4465193308247
8,5,9.00439373763975,64.7811450393535,9.1336559908317,22.8954862167801
9,5,8.74770737176662,50.8908359346934,7.63106396258667,17.1561703925676
10,5,9.04650854166815,64.1387579552468,6.72911222762647,22.10625406942
1,6,11.5984712735744,81.4889852317525,24.3476394773126,30.6483352918456
2,6,11.8769390968311,87.3391125113035,13.186435552433,32.0037491274164
3,6,12.1020250514478,88.5574637015585,14.4113972048295,32.0140920209159
4,6,11.9616371598379,85.5367799671726,16.1294689132483,30.8635721892719
5,6,12.2290955910464,90.3243612878928,13.8023212215874,33.1966570581845
6,6,12.3686741593874,87.3887410936285,9.64079512140947,32.2064664480582
7,6,12.0390868660157,84.6010532214506,10.3358382447201,31.3785632734603
8,6,11.7737393112612,77.9616553935517,36.7573132910762,28.3681569130158
9,6,11.9450783760405,81.0066863065774,10.9340116277443,29.4027632655808
10,6,11.6174418700527,86.7817206637833,7.69448389004445,32.7761919917035
1,7,11.7092997410766,30.8706900954974,3.09924344298525,9.43743701477944
2,7,11.397499094004,28.9390283348914,4.07982674897612,8.94491163314951
3,7,11.3038106923207,29.7687678926733,3.12551385348796,8.86482782794747
4,7,10.9403977579206,28.7792316681878,4.00917663942543,8.77974326496544
5,7,11.7732314075639,31.420110783634,4.06412437983518,9.79851233591954
6,7,11.2766766362648,28.8380339632007,5.43747363696112,8.79288887751169
7,7,11.1109913292549,29.2745700169634,3.40428872964115,8.89937550943106
8,7,11.6312155401348,29.4428292375522,4.01829034999626,9.04244935230629
9,7,11.1006898484079,29.3596669137632,3.40958026998399,8.93291569017181
10,7,11.9997261242976,33.9887908484223,3.56218159659009,10.7227278218877
1,8,13.380199447882,52.7338497415406,9.01962392225613,17.6957042646073
2,8,13.6597278376662,54.214189860383,5.59006236801997,18.0869661416825
3,8,13.407429547476,55.6277578497609,5.01750734236956,19.3125415896159
4,8,13.3435287978964,49.8643882759251,8.18206261847428,16.6146902272048
5,8,13.60307855855,51.9008177217422,7.20639178333335,17.028304544743
6,8,13.1780156323591,56.2926829392332,4.8843560406235,19.1732340977013
7,8,14.0306110548601,54.4568375254596,11.7646323755227,18.2620371672262
8,8,13.2397610880766,50.6862726214873,7.51722616580346,16.710646027948
9,8,13.3827847832225,51.5949523460654,7.85574652692867,17.4576457448176
10,8,13.2234748754775,52.1830990744779,6.78499590966823,17.6074312159026
1,9,9.58353824035111,56.2186449798655,8.66959088277266,18.7803085662133
2,9,10.3165772824426,58.9245379950256,11.6266633075509,20.8289746986382
3,9,10.0764355818406,52.2338941617465,10.8028866921424,17.4692588021478
4,9,9.81438156825859,56.5894824224284,7.33946947982113,19.9314679692676
5,9,9.65757026765047,50.7836257578582,9.3528532723342,17.290927959922
6,9,9.6907099190647,55.2078813314955,8.48093391184328,18.7766590750503
7,9,9.82806648103707,60.9556500814677,10.1977859954732,20.6554194620004
8,9,10.0157941025428,56.4635406582053,9.52778948226752,19.8586963713148
9,9,9.7215741073975,49.8991649327175,9.17045296944362,16.8882960348691
10,9,10.0229243354426,55.1757496762013,12.1088651922394,18.8256055602013
1,10,6.75298868423855,34.8708487518211,6.74483147124458,11.0048775633973
2,10,6.94279935396735,39.5616538863692,2.95245376519975,12.7183001708989
3,10,6.98800776120984,39.4240203415637,3.50449713961838,12.5413959215611
4,10,6.81577233653925,39.6939393569344,4.81301344694038,12.8165715165015
5,10,6.78731105973648,35.7994241879046,4.34052438823467,11.4439416040555
6,10,6.90262565473933,36.7738749949143,5.48452657380138,11.5260989542328
7,10,6.79584717547057,39.4923597444616,3.41356325322451,12.8672017100011
8,10,7.06110177696192,37.7359501526094,7.34485152603769,11.7548865335783
9,10,6.99370220272517,37.4078762443793,4.51090500832376,11.7432245881802
10,10,6.79766868116696,34.5938602955782,10.8625412637569,11.0573525878285
1,11,12.5073490827283,55.5328555566981,10.0411061701636,18.9698563895413
2,11,12.4455849791272,53.0260333584273,8.52891235339043,17.9421308879609
3,11,12.5964081330378,63.0604038252569,7.3341777282615,21.7435818565282
4,11,12.6758743632091,58.5837464911285,10.7410169989021,20.2676539957515
5,11,12.9871549863251,62.4019888823324,7.15217100234239,21.9478962241593
6,11,13.0045879962651,63.3106884148443,9.21013625241643,21.1898256421416
7,11,12.6969141419791,60.3880214626652,7.78827232778874,21.3073784570385
8,11,13.2977220120658,61.4653609717161,9.6329347219699,21.7680314260903
9,11,13.1115829644349,59.0938290428815,6.14449646715397,20.5360125725596
10,11,13.1280767703206,60.0120082147559,8.69616394898345,20.4836414864898
1,12,9.80295110971302,60.290832774395,5.33431771197894,20.8325085735867
2,12,9.82248812715821,59.5181757118851,7.99777767818643,20.6960440233424
3,12,9.60844634732983,57.1079830908629,12.6659852826295,19.9652346113329
4,12,9.78353849962313,70.9537267158872,5.95252726584841,25.2277396918382
5,12,9.56339950833153,55.3542234257798,10.1618231041943,18.7155948516683
6,12,9.82274054776986,58.6440877338937,7.66371306834781,20.5581294552355
7,12,9.77150940821531,56.6070960258702,11.7497434888698,19.3440346722541
8,12,9.97389992850579,66.5385657536726,11.2450991178054,23.1975890646076
9,12,9.84069894562358,51.8543554759833,12.5043960956276,17.6768917967007
10,12,9.70606111644997,57.5526411997438,10.8235973037571,19.6220077009656
1,13,10.2794155337886,53.8603067668922,12.7911283476429,18.6301172933453
2,13,10.3155160293503,48.9718822329223,8.74442638594781,16.2709335729024
3,13,10.5890191670538,54.721862677771,8.49648178032254,18.1549948512397
4,13,10.6258394879581,53.8977756265519,10.8990837705677,18.4205905616742
5,13,11.0585112818158,64.7991797779475,11.2451098452695,22.0836537281517
6,13,10.7171571095792,57.596908205934,10.6889638378718,19.8340760423623
7,13,10.707379944717,61.3021710456328,7.02301282446191,21.9419946787181
8,13,10.7740730685023,54.7183791280863,11.6586432479499,18.6032393335471
9,13,10.5998060789358,59.9509320971404,5.71373757573151,21.0825739257909
10,13,10.1895073154982,52.5043314592457,9.10317277131097,18.387105644736
1,14,12.5251146414223,45.323926338676,7.96996071845355,14.6497046311128
2,14,12.0777156467467,48.2621610419969,4.16857585369601,15.8916400656937
3,14,12.3871804727773,51.0471537438762,2.82712078161405,17.3508733917769
4,14,12.4730341374611,48.7528072621043,4.04226837134958,15.6537075359465
5,14,12.5518412280638,47.3864209459225,12.462068068729,15.5230734078719
6,14,12.7396809660923,50.2496570841832,3.41914561435865,16.344681972266
7,14,12.6864571257653,46.7073268705872,13.5807423998452,15.9368179082211
8,14,12.7328523375407,52.7623577339678,3.44584813314251,17.8805071485938
9,14,12.116308007369,45.3052613469841,5.52360745968371,15.1822123889904
10,14,12.2314176877614,50.2870527065735,3.68683112215844,16.3437720260133
