rep,id,Cl,V1,Q,V2
1,1,2.80258057749491,15.486800226422,8.36810465744618,10.72304824825
2,1,2.76852309645821,16.6871918982568,7.42691691847021,11.8357426511198
3,1,2.62044870516177,14.7185160701809,9.37930692489474,10.3089867988801
4,1,2.61691299229245,16.9228393171741,6.15693391303853,11.939928147474
5,1,2.67105304153647,16.6625195078942,6.16386283875682,11.809441111577
6,1,2.79826516377835,16.0332046337655,5.04348583269114,11.4027200434663
7,1,2.75241763825066,15.1221632669006,4.89445696323167,10.9540204994131
8,1,2.67812180266406,17.0207226380666,5.33171670524936,11.7924176002032
9,1,2.76456099913793,15.6745046689252,10.7192341939009,10.8953038901778
10,1,2.66497830608029,18.6874799616638,7.01000673430951,13.4872057036111
1,2,6.53165003651463,24.8992999373423,6.13497013801244,17.9053950326239
2,2,6.48147632083145,26.4847494398816,5.51807038116114,18.6540969836788
3,2,6.71284971875413,23.1990479272759,7.73710941081674,16.5144345016025
4,2,6.57750551600843,21.453272233111,5.91010420346204,15.1580318271952
5,2,6.61945708555184,23.4200041772528,5.81466762636218,16.4361420616477
6,2,6.68888543353158,25.7804212254796,5.7785592790922,17.839961420846
7,2,6.86221199656633,23.6843795879451,6.4807164595077,17.143721014358
8,2,6.41276470054531,20.9896112649892,6.76175995500757,15.5291798859248
9,2,6.48056609483927,20.7258592043113,7.52334991676047,14.589478227728
10,2,6.32598905739639,25.7742314356966,5.46163012676497,18.5274860863615
1,3,6.18676546188199,21.8319328325863,8.71297443620469,15.3037680739492
2,3,6.1401008840676,25.5487623625912,5.46772511434424,18.5211442299544
3,3,6.09752766790117,25.1898652721135,4.9903265360796,17.7762342863254
4,3,6.14159992715338,23.5814361445317,6.64149736696375,16.8109162599324
5,3,6.14255859301399,22.9018128487271,6.28880979426715,16.4470112006874
6,3,6.078967939699,26.1522181614528,5.00806230979422,18.6074902495327
7,3,6.35985048396376,26.4784895602967,4.99652669918482,19.1252371772546
8,3,6.3177390687711,22.4317802304288,9.38477601573495,15.9256589939863
9,3,6.33437919357474,23.0647047370065,6.85738418107539,16.8134327119279
10,3,6.39975719258716,25.886070976958,7.04963967221209,18.832293251711
1,4,5.14358585693138,17.5274832681269,7.77368925210186,12.6240964643222
2,4,4.94404213776696,16.8173845793803,4.89922994788122,11.8670379912015
3,4,5.02291328967822,18.1467300713166,4.78487944034682,12.9322383345135
4,4,4.98883817231509,13.4181915956601,10.1462398727139,9.60944653303739
5,4,5.31457448715217,18.0785661228993,7.73820452318732,12.4045540738659
6,4,5.27454997773626,18.3955512245744,6.64379971072938,13.0985830256526
7,4,5.01978519344352,15.7964956298262,6.46459592971759,11.120761565827
8,4,4.99807274547271,16.4274375182663,11.2064693322734,11.7915207903745
9,4,5.18970492891584,18.0154152880129,6.36605454405883,12.8163941006414
10,4,5.18246960116025,17.0220408081869,8.04850796124465,12.2093834201576
1,5,4.41284127969785,24.2946282128088,6.38396367787077,17.0519572209127
2,5,4.40605801676203,19.9089175471062,13.4294613477769,14.0924543729749
3,5,4.7732320910845,27.9460541720433,5.23710311388761,19.9493494213687
4,5,4.63865938569042,25.9346593051917,14.8172270190812,18.2077794294436
5,5,4.52196862357451,22.9787846210715,7.73938806423002,16.543548544639
6,5,4.6151392481746,22.3473220243312,6.87308657761732,15.7155243379816
7,5,4.56959091050929,26.0510357355154,5.24509927854956,18.9199883375677
8,5,4.50323611158655,24.5229184150301,7.04125469905575,17.3525405749542
9,5,4.63494936764371,21.2122203327931,9.70049980435205,15.3564087035697
10,5,4.42600289957777,26.4266843821215,6.4798478620722,18.8077300775845
1,6,5.85309042260783,37.5545596665107,10.5877055912071,26.922099538399
2,6,6.0453579774027,34.1581050542624,12.2553823908834,24.3510293653163
3,6,5.75450733490388,38.4083394250674,7.25586308309378,27.8274106141137
4,6,5.92660889214091,36.4605459032899,13.4255056162635,25.7351096280877
5,6,5.86307532455823,37.1410008113198,11.3311336223804,26.3561261712681
6,6,5.93067681983754,36.0284015924599,16.9563019721557,25.3487518418113
7,6,5.91660281481673,36.8253451533541,9.14737547613004,26.5977554196711
8,6,5.86757796226423,40.5597978882355,15.4622907250994,28.94744208773
9,6,5.9761511985317,38.0582181430202,10.5503278710143,26.6385652965848
10,6,5.94879164244999,32.5218024938032,15.4543247520275,23.3040594997057
1,7,5.52361113308114,11.1415930075648,2.94022233609146,7.8795034315616
2,7,5.65424952715975,11.6412090384091,2.5723669522746,8.19584125150685
3,7,5.94313419682524,14.066947167767,2.10188266279107,9.79737424059914
4,7,5.96957250790249,13.5180023112778,2.84428398679747,9.50651771750566
5,7,5.86454648523417,13.515366589938,2.77542992708492,9.56413360298725
6,7,5.74230014675458,11.3104393357579,3.34831974595165,8.15921642876001
7,7,5.61643342210933,12.1539704717731,2.13541753267135,8.79507729874574
8,7,5.83567421905271,11.6828474141877,3.11230788633748,8.16454988073696
9,7,5.64937502799666,12.736741145974,2.37695429136204,8.83329555687162
10,7,5.71435629619172,11.4053444458197,3.65257130405102,8.26003424364096
1,8,6.54427914948954,18.9033993959809,7.33502434660365,13.325538352096
2,8,6.93975254126862,22.1439055920055,7.62089121465706,15.9362397274748
3,8,6.72852320125181,22.2380116411761,4.38211713620784,15.7294477553522
4,8,6.53033892579817,21.0913507785276,6.73379824711798,15.0861487886636
5,8,6.73075201440752,23.4659798623297,4.66445811859933,16.7035823508936
6,8,6.63684674979755,23.2515042892411,5.16098591467802,16.4306421553696
7,8,6.57364277759901,23.4523091560181,5.20894725501558,16.8121953231369
8,8,6.20925720894869,21.4013724326296,2.81527637564849,15.0326131123818
9,8,6.75684484538322,22.5458831127946,4.803956016135,16.0094707169533
10,8,6.30678987193102,21.598404408911,3.03454829071409,15.2521009743899
1,9,4.87845397274632,21.0262935190139,8.17713148282916,14.5182883281825
2,9,5.01317660797583,27.8248352786043,6.20601627240463,19.9041782034147
3,9,4.74469708168208,22.0523301995635,7.04846276405027,15.7020617958717
4,9,4.86084246733428,21.6330009148634,7.34394535114792,15.5553092939236
5,9,4.86905977576343,21.2634145081784,7.01004175981807,15.435122760612
6,9,4.78144131644358,23.7420253118511,6.75690012684649,16.9688924970523
7,9,4.95110923025189,25.6951993784478,7.55310475923204,18.3526179767849
8,9,4.92719340303342,24.9734941334787,5.58454716149713,17.9048458144152
9,9,5.08780652856701,22.9761902398263,9.27114549774909,16.0123187519045
10,9,4.61119887703863,17.8431017323948,7.11815734438088,12.7654491266613
1,10,3.34134822038011,13.447185963583,5.78541184212509,9.49700883488629
2,10,3.5076502043254,15.811642895676,5.08073909088787,11.32106768184
3,10,3.54132140983796,17.0679607014207,4.23591515107942,11.806089093747
4,10,3.4909517617899,13.7964702349718,12.2710975820421,9.82910714279386
5,10,3.48986974914827,14.6055599804518,7.20669800244472,10.2570904590556
6,10,3.4837112464789,16.1008099097009,4.49778483425357,11.2332627444924
7,10,3.41977164589553,17.6382375900442,2.8099331371369,12.4370148965997
8,10,3.32444953544242,15.9675196904385,3.28924052841751,11.2820937448254
9,10,3.38257086547387,15.9036632110525,4.50897292961777,11.0824093988351
10,10,3.46408394041277,15.407423547923,4.62461736767604,10.6727335112136
1,11,6.24892860285618,22.0374140516275,8.90301222715325,15.6250969516164
2,11,6.34729055374228,24.2059108163842,9.19432015151427,17.0775620234061
3,11,6.59550618721001,23.3041791443006,7.6415075064937,17.0326072647089
4,11,6.5596295193347,26.9138707928572,5.49088263846448,19.2157473397778
5,11,6.2993033200762,22.4330917969426,7.19103910396647,16.3860215475196
6,11,6.31898556402781,24.1819816729215,6.50417195485651,17.2330620324955
7,11,6.44783252489758,27.12874077264,5.67404260961774,19.252491374713
8,11,6.54137295146286,25.8460088136989,5.75882733438981,18.6099125899132
9,11,6.34243843141356,23.182024816923,8.57088165980891,16.2348128220234
10,11,6.50337197093933,26.172916175124,6.70587377022207,18.8259940998742
1,12,4.82858287371143,24.3273687313275,7.14704451223023,17.7037683409735
2,12,4.86890639880222,27.8504000748349,5.53969177501908,19.6051873425656
3,12,4.86222249155871,27.420582786931,6.53092274459891,19.6717966584321
4,12,5.10150653787649,26.4164045402746,7.34745723053738,18.8971653522032
5,12,5.04243812543378,26.6653719035227,8.17536642102545,18.7168686421488
6,12,4.98050015155666,24.2557020455754,8.58307245439648,17.4203072016007
7,12,4.767370409116,25.5423419274382,8.23547168224638,18.0359327535629
8,12,4.80751723101951,24.6454178323403,4.9323684678321,17.3410280923088
9,12,4.84818568858417,28.2777649914533,9.78607415870017,20.1666177322238
10,12,4.82596740466987,25.3749530833403,8.48703589200177,18.1301132267472
1,13,5.21678998371334,21.2650127820479,9.51478162881459,14.9041015517966
2,13,5.26129044844868,25.097493584247,4.38029765470657,17.6920629518571
3,13,5.11100893616293,21.7737186734428,8.0514790593581,15.5717770676194
4,13,5.17112280780192,24.3123217366024,3.98299739044757,17.4811322838229
5,13,5.20039698699607,26.162518078552,4.66797439296025,18.6180601167531
6,13,5.35007865205526,22.0671471398453,8.51122078592996,15.8115788792488
7,13,5.26698143980361,24.9902947323167,3.89736117309631,18.1202408642018
8,13,5.20316820724272,24.0039587538893,5.60636620840587,17.0546077953622
9,13,5.06126344681394,21.3831969554144,5.61578040567564,15.1926852036842
10,13,5.40133240136475,24.437613944382,5.35973602389032,17.0395057943915
1,14,6.05204350608864,25.4716864350813,1.80405943055113,18.1730379960798
2,14,6.13171382019695,16.6224116104693,16.330503415906,11.6855254203528
3,14,5.98462230451507,23.3537975305419,2.05680391188689,16.6237783553973
4,14,6.29303041215612,23.7817223679714,2.1786893244828,17.1396057984633
5,14,6.31394114244181,25.4636324360172,2.5123387565523,18.1687260842782
6,14,6.12125566418771,16.9518171429225,12.4051555541842,11.9414701992525
7,14,6.25192074001498,24.4161703446143,2.25671477740598,17.3890104663572
8,14,6.0756011468838,25.3243746455085,1.68396632514292,18.3161376519633
9,14,6.1069906537306,23.8448601658164,1.96940505159436,17.2152515976116
10,14,6.35235090891868,16.898871898655,47.0877995158993,11.596450034546
