rep,id,eta_Cl,eta_V1,eta_Q,eta_V2
1,1,0.0200384667978968,-0.379168536659706,0.583702198160194,-0.417353008937259
2,1,-0.0500987673110118,0.130898245808704,-0.651910064557945,0.161827369946043
3,1,0.0200235573272551,-0.381958991145688,0.94720305884343,-0.398919888854435
4,1,-0.0750804068533837,-0.0398123721274937,-0.641482387260255,-0.0288341942303649
1,2,0.1360340611679,0.176499946944479,-0.760079544786197,0.166537877035072
2,2,0.143976100717175,0.118076083442438,-1.06340460877245,0.112806939351958
3,2,0.117877183279306,0.139669455195764,-1.13230238851661,0.151510014542335
4,2,0.142474020274736,0.15600001326008,-0.956220770183084,0.146116542774237
1,3,-0.162948650523177,-0.0782720128959471,0.824428900281862,-0.0740213703296431
2,3,-0.136407707594146,0.235652954447594,0.21807969454845,0.237047158466604
3,3,-0.121478173161334,0.0625882227177015,0.582508255700911,0.0758876762971799
4,3,-0.143926419282735,0.199007997868916,0.571425318308447,0.200783352282075
1,4,-0.400900146684899,-0.101908300447141,-0.401633673168795,-0.0938493370224833
2,4,-0.425834596276928,-0.144706085520722,-0.626327890714115,-0.151914828647629
3,4,-0.485079263295395,-0.0769750872442527,-0.716818179604118,-0.0798841397624819
4,4,-0.48929347472251,-0.109522392242891,-0.914127878581207,-0.113934431930947
1,5,0.250049516950579,0.185193147806704,-0.0844362303114541,0.185915762410391
2,5,0.168629145912709,0.135862405194995,-0.0704845723633034,0.146247296880473
3,5,0.190769361343345,0.0616904557119335,0.00820966801850576,0.0510560379214069
4,5,0.184711154875073,0.146824165341041,-0.339051588990457,0.145430394368361
1,6,0.301827132594305,-0.0485844076974811,0.710258169158478,-0.0400848873033195
2,6,0.214896810885837,0.00562376594261993,-0.119490651643174,-0.0149151696090168
3,6,0.23430898871091,-0.215741726451669,0.617745096049189,-0.22521120305769
4,6,0.195077063298985,0.00825781892979194,-0.128701301225812,0.00883926622013798
1,7,-0.0725782602443927,0.0428062465565189,0.660052297656101,0.0546712149072563
2,7,-0.0877647809291418,0.219196618851011,0.743212516743539,0.243654045358753
3,7,-0.0493266361450098,0.0694488739558343,1.13868646310946,0.0767204496219405
4,7,-0.10027515832018,0.185737307640372,0.199065125606054,0.182296777946293
1,8,0.195646582634988,0.0870142788687067,0.403891180653439,0.0921591815930958
2,8,0.229575706558574,0.282389963849281,0.247818380744533,0.295896358509307
3,8,0.112794149461876,0.109710773590787,0.159074541849463,0.100732546563772
4,8,0.160934601148691,0.24383991919917,0.0453283842079912,0.246089834588135
1,9,0.237139384584182,0.0558495857874584,0.0320824996378097,0.0586601373648223
2,9,0.275778908517871,0.0389724372753286,0.15864338924652,0.0395196829233835
3,9,0.198429984633581,0.0188967392420567,-0.263425945598582,0.0147567955948547
4,9,0.219983977571276,-0.114359283896821,0.186160511713133,-0.107415568835694
1,10,0.168293763831185,0.189856375610341,0.067068569020011,0.192501556802165
2,10,0.176820114368402,0.11433860010608,0.30882887626197,0.110397791620389
3,10,0.145440254596773,0.17176585538125,0.11494167109607,0.179608232579242
4,10,0.136605983891496,0.100059224391409,0.180569395373755,0.11492112427004
1,11,-0.452248759099466,-0.234246640879082,-0.700111373241818,-0.22618449574346
2,11,-0.401499465039665,-0.0441860069437019,-0.631752857723799,-0.0407944361731216
3,11,-0.366050569145188,-0.353888021462806,0.611671868713855,-0.37666051802087
4,11,-0.402517841128605,-0.232872606642673,-0.0389390951917119,-0.232037506283344
1,12,0.13203873255532,-0.449567455803166,-0.527138116529917,-0.481255565228805
2,12,0.082158987602615,-0.579536861830692,-0.374768725940883,-0.612280281648667
3,12,0.106299102995399,-0.552893401342317,-0.454707123997604,-0.578603619596887
4,12,0.0713541481375866,-0.412858273804764,-0.927281866165726,-0.406126810656287
1,13,-0.0512055932489193,0.25801765426884,0.44140909548518,0.27540805309085
2,13,-0.058701978102623,0.230121544273075,0.240443848098104,0.228811701384393
3,13,-0.0630343949652525,0.145096323399023,0.405293951289885,0.134062888270953
4,13,-0.0794659105403395,0.0118479744699211,1.33176807467459,0.0115672446783881
1,14,-0.00310111800877744,0.0481903142534814,0.242956634788165,0.0499734994937713
2,14,-0.0549705500068733,0.0592376698725472,0.0932268214571761,0.0635674309855281
3,14,-0.00776481165065368,0.0153227138088967,0.336821511175652,0.0257850166059259
4,14,-0.0071161229832053,0.0271188931958606,0.551003761467045,0.0287614109210912
