rep,id,Cl,V1,Q,V2
1,1,2.71474646348475,16.4379037765345,8.69371639272245,17.584352817371
2,1,2.62547607556055,15.7572750387938,6.3735966367496,17.208680389575
3,1,2.59775531800718,14.8810356667084,11.2656437273972,16.2499130679038
4,1,2.71129343945515,14.4170751800161,8.63341865197486,15.5626010368107
5,1,2.75905834798526,17.5250974697453,5.07877624801878,18.408867955281
6,1,2.65438077787217,15.1172205417693,6.96566836528304,16.201115360684
7,1,2.65134529617943,15.2462660015387,11.3679118466942,16.8603956986598
8,1,2.72057824214627,15.9591715305035,8.45257649087243,17.1532331463837
9,1,2.80270996809458,18.5528577533957,5.98674443129253,20.3848755146299
10,1,2.7545862039245,12.780912132218,15.2124543945009,14.1232138545461
1,2,6.90626772828414,19.5713438121682,13.9656857718746,21.4026249370143
2,2,6.84882093562583,19.3458256164119,12.8003661294325,20.8451852704907
3,2,6.70526308600412,17.8219293302894,14.7982937845039,19.4771202781152
4,2,6.89753586907614,19.6620195099664,14.5484440274679,21.378921591294
5,2,6.7085335257054,20.3665584653182,17.8403765142863,22.3307359483561
6,2,6.78482340681487,20.5895047938915,11.5114846045232,22.2617700689387
7,2,6.81460829343579,17.6957307156007,14.9283264538219,18.7618330336431
8,2,7.1720842889064,21.2120832357454,16.1528533933848,23.2629848093917
9,2,6.89681547093227,20.6586744541244,16.6189111151497,22.3292936784918
10,2,6.5695229550383,18.1725068588904,20.1643164526792,19.3486571521939
1,3,6.45597585812674,26.850276461344,8.30334502872379,28.645671549275
2,3,6.3907822814116,26.603239391459,7.08826544539498,28.0258305914559
3,3,6.43450430212696,20.4665332025013,11.2920474852893,22.3474411988299
4,3,6.11816925886598,22.8903729387693,6.39439640246812,24.6918593029251
5,3,6.48020269779762,24.0070493109398,9.36511888014198,26.5228645222246
6,3,6.36864507548513,25.3537704370092,7.36283449537693,27.9279610106343
7,3,6.39062827365169,22.3855269012646,10.96512240666,24.4554660091599
8,3,6.40887579221824,22.1357636547945,15.1787521484346,24.0755585993213
9,3,6.44437286336413,21.7203772688598,11.3462178786757,24.270833297569
10,3,6.42617303567798,22.4407444888191,9.32559361892703,24.8637783684815
1,4,5.07502565386245,14.7240408435088,8.18346174439456,15.9769977870041
2,4,5.09401179635155,14.6907413431582,8.92397924229743,15.5030866446182
3,4,5.20092103580324,13.8847832980655,11.9519792962689,14.8641134925794
4,4,4.99402811184428,11.4811529520033,15.0779479566669,12.509642528559
5,4,5.3145760641935,14.6367518702527,10.6696942218495,15.8324367436992
6,4,5.22073855660653,12.956080333539,18.118786524486,14.1529851583409
7,4,5.20230956251844,13.262984860982,23.2031055954304,14.187597647837
8,4,5.23309360304252,12.4737518300889,16.1992584372893,13.3798876126591
9,4,5.24445646584947,14.3032650600838,11.4584444670219,15.2428641558578
10,4,5.07873788288531,12.7045347444689,10.8620740604701,13.8481849129565
1,5,4.57356559495205,17.9218645215096,15.4881736324223,19.6679825277158
2,5,4.66363831671011,25.2025152018039,6.98020766490823,27.8405185659516
3,5,4.76696310516947,21.0705506117495,14.6864635277156,22.8816038562913
4,5,4.56368383942875,20.0952847712151,13.1059649440585,21.5140091177223
5,5,4.6909535135549,20.4572548400738,17.023710403397,22.6877682926242
6,5,4.85302658416409,22.8085344605902,14.101375508955,24.3676597866144
7,5,4.4641195659498,17.7135705593161,16.2463883001835,19.1722200174788
8,5,4.64562775846722,20.6626777975248,17.8393878251716,22.644269286515
9,5,4.6437764162,22.2601786429321,14.0420576924392,24.4562774345073
10,5,4.55568707945511,16.7302795150753,23.2608311803906,18.2800143498066
1,6,6.09333795060576,28.2398117626835,31.3059115467545,31.1863075713621
2,6,5.93859945861559,26.8925849489308,22.1061659228602,30.0170317064208
3,6,6.1023436488085,27.1987329550038,30.7397350443525,29.7422942222946
4,6,6.06696990259473,26.4960204237906,26.326989691181,29.2077646965078
5,6,6.37089667110161,29.0790963427528,26.7805663638173,31.7359360145829
6,6,6.19955371304485,34.3652567529444,11.4104953074005,36.9725544814746
7,6,5.72845189989789,29.0162530183222,19.469486900855,31.1967449260601
8,6,5.93687467215167,27.7841917016051,20.4559478004183,30.5268023694688
9,6,6.12491420738604,33.2159829495543,19.7412600615387,36.2965293274756
10,6,6.30162237967285,32.6784692003233,17.3559117953866,35.2373290779096
1,7,5.64018562275635,11.4192085044015,2.64038624672283,12.4737001471958
2,7,6.04969538244256,11.7181570319696,3.24486254076219,12.8560703829702
3,7,5.8704729388051,10.6428183342243,4.079788874963,11.6910357081243
4,7,5.80394360393233,10.8243628848492,3.51656163222946,11.2385410443284
5,7,6.10111722969135,11.9800415558165,3.74620359124235,12.8305021122529
6,7,5.88719615757867,12.2061358632678,2.93244979664225,12.7913372820735
7,7,5.83297846426966,11.0216692367259,3.34590746174279,11.7932779230507
8,7,5.69213024122352,9.94816664547261,3.77564479866309,10.6052169670892
9,7,5.98329237288507,13.6530840821091,2.49211158621709,14.5712766660947
10,7,6.14493238796488,11.6169340750828,4.56419959503446,12.3881434596139
1,8,6.80056032531721,18.7926747912001,9.15882632804383,20.292807939688
2,8,6.70856521092779,18.633257474501,8.32402976264047,20.2177880734917
3,8,6.77569469006882,18.8162185688561,7.97525838010713,19.4569421363442
4,8,6.68941427056549,17.4423356583729,10.8547608933553,19.2367270716936
5,8,6.74087933602325,16.3529402107705,10.0948294299658,17.7236626417711
6,8,6.65832290928247,18.0305856873651,12.1357403629088,19.1714900659072
7,8,6.44420402764024,17.8833558008385,7.35930460427423,19.3016050598371
8,8,6.76259497490731,18.6630334723691,8.68757516796892,19.9749869247922
9,8,7.08177341434728,18.4512235885882,9.96332141507411,20.2812791663258
10,8,6.58654284778983,18.0553237601811,7.07981422474937,19.6440419624029
1,9,5.18453607102953,19.4523275306393,11.3710258879441,21.0036342784149
2,9,4.95519757945924,19.8957111391136,10.2612821598995,21.6634856347937
3,9,5.25263681283039,25.3735253740662,7.27893336759124,27.8825684289223
4,9,5.02032115631757,23.1229884416201,8.18991259951838,25.3165020173012
5,9,4.91123794133725,17.9653929724001,11.4772831518548,19.4886461463217
6,9,4.86174253683777,20.2113592198326,8.96083901019414,21.4939357739905
7,9,5.04862447310987,21.983569293947,6.82693591112673,23.5319272850638
8,9,5.29043814017745,23.2867624219226,8.92937646029383,25.9024153228212
9,9,5.01983967230615,21.5408343810207,9.72763365072996,22.9058762577495
10,9,5.14505667565847,20.4982030426939,8.78523817939606,21.8325907983353
1,10,3.65632732247488,14.8001857282914,11.0712346570702,16.0840326385858
2,10,3.55635760528079,16.9919203458991,6.10640651789221,18.1307669191554
3,10,3.36754929063307,10.6253424926253,17.9760482308036,11.1987457867197
4,10,3.6792229727807,13.4973166173331,14.5751014829531,14.246556215598
5,10,3.40860646868328,10.6511749899385,18.0544954658808,11.4619229817335
6,10,3.423326915898,17.3719267815273,3.43190352009877,18.7650590312653
7,10,3.4832332098372,12.7178010612239,17.3190428210405,13.4548292231932
8,10,3.58852533977902,12.2969321235779,13.1598484592104,13.1891375208573
9,10,3.60742789114869,12.6956704496684,30.6125489225749,13.5657138193385
10,10,3.48920240705251,17.7049344366962,3.55947474990846,18.8960430885073
1,11,6.70767814628548,20.4006436471673,16.0917239582297,22.0969904972445
2,11,6.54734406266328,19.9936685015403,18.4406579561955,22.0898936229912
3,11,6.38785802460209,20.8543044097663,11.3935725694281,22.1405945407154
4,11,6.34532376586835,18.496144568869,14.0515717269446,19.8778741861522
5,11,6.58143025461879,20.8114335406771,11.8250507768061,22.2699706799147
6,11,6.72711549516335,19.2230026697943,14.2526785335322,20.800861888041
7,11,6.41746840602744,21.4778659820798,13.6356404002092,23.2786218439934
8,11,6.62070424808874,19.3306952692238,35.7011836268779,20.6093070380792
9,11,6.15768064171197,18.5166436062803,12.830915025468,20.2599074312649
10,11,6.6554103522218,23.5237013021455,7.92643271943312,25.626166974809
1,12,4.81517796775709,26.9923290044552,7.83523807039685,29.9055036887254
2,12,5.05655628093058,20.6748133941316,16.5396112659492,22.8091386587024
3,12,5.15861091389355,23.3931748955564,14.4606601041603,25.4489781584894
4,12,5.08423262939315,25.696054196927,15.5770437169497,27.8935101550837
5,12,4.97538165416226,27.1581862832977,8.98470005597139,29.3846837156539
6,12,5.28893734039008,22.5663920581071,14.3251881371304,24.8602782351943
7,12,5.17616976330804,22.9221206262145,19.6857832271263,25.0157207711842
8,12,5.23461718312201,25.6608604571918,10.1953939208101,28.0099542536708
9,12,4.90387351983652,23.3145685731837,12.5721362751977,25.4551117120115
10,12,5.10534669131123,26.0370818244607,8.01543735129744,28.2165387493032
1,13,5.32153353928158,17.9959943400779,14.2138077427116,19.8271097363761
2,13,5.32559658599186,19.673986265908,14.0412909102123,21.2018772880526
3,13,5.41386051493152,19.0827900731868,14.2111366705136,20.9368301248895
4,13,5.44251990249421,16.7506140855294,16.0282503920637,18.5150606261144
5,13,5.49404210655025,19.9026510287779,10.2484585809593,21.3781145450148
6,13,5.46594807692341,19.2368419717405,17.2364938957285,20.4359026224846
7,13,5.29775681829214,16.0532956890725,28.5636489363009,17.3668593396025
8,13,5.43089394948005,19.4072977613848,22.8053229682061,20.6122122554975
9,13,5.51353901600453,18.7578139923602,28.0592675866012,20.7137675601569
10,13,5.70792622311038,18.8325354820101,19.2453535730451,20.6217760455208
1,14,6.35709846308663,14.9266938438773,29.3267389328558,15.9606073546458
2,14,6.46153897588657,14.585092696832,28.1202475261468,15.375863887084
3,14,6.26964314751981,25.1979345094072,2.22626356732907,27.5550886706652
4,14,6.46821266428479,14.2896165269568,27.3300018679437,15.7159410674842
5,14,6.77215063187598,17.0968559497054,28.9624825519866,18.6034197585065
6,14,6.33704750814837,14.3251900234681,57.3809797149444,15.3283819181269
7,14,5.96423248652437,22.1305611375969,2.24112436300108,24.2871499996511
8,14,6.1241441186829,13.3689223868552,56.1972533798751,14.4935205878696
9,14,6.32137708714242,14.5924271365034,46.863042191084,15.6272685213156
10,14,6.16050252054042,14.0078075911153,40.012125048821,15.354504673793
