rep,id,Cl,V1,Q,V2
1,1,5.43376883403686,27.7642240558587,21.3328396592943,49.60415777305
2,1,5.39462414712034,27.1010817626683,20.1570586708754,50.2292229712253
3,1,5.34961127298677,19.6662217070428,30.0425838253321,33.1243425684726
4,1,5.56865501529089,23.6954858103619,20.921751240871,42.4494877584536
5,1,5.1553628999981,29.0691473640087,14.3477587138296,53.0282662620788
6,1,5.53518053401729,27.8683698827648,18.3252662903248,50.5821709082884
7,1,5.55205125744582,22.9112869146565,17.4148994633118,41.2926861556467
8,1,5.47865674203173,25.5850408962399,18.6401408842762,45.1468739307363
9,1,5.44650890698693,24.1934272768281,26.6890859403172,42.7230880027869
10,1,5.41577034588131,25.3866930411789,24.0853427997005,46.0009719144445
1,2,13.52845343701,27.7237265602005,51.3679312006642,50.447186042522
2,2,13.7687081933844,29.7239595539026,49.3751172700521,55.2934903493234
3,2,13.3583608792962,28.5512593024423,34.5345369422868,53.2021674588252
4,2,13.4723051746768,25.3018435528869,35.085886961239,44.8794435760556
5,2,13.2848507498227,25.5037660540903,47.4269623607404,44.8330484915255
6,2,13.2946968146706,28.0098697549835,40.1315264078427,50.1054643911
7,2,14.0199531900363,29.019536160005,38.708739568552,53.4684738654071
8,2,13.0138939786823,24.8199967845677,40.4287113221815,46.2439218927588
9,2,13.3261158025402,27.5851433904407,39.5685867195495,48.4895417134431
10,2,13.4100800596145,28.0364546884046,36.2040636449583,51.4214442958718
1,3,12.3618697955184,43.28991239211,15.4987411602352,84.4450818353289
2,3,12.8497441757484,35.0185557015861,26.4835535790854,68.1949280266749
3,3,12.0943752657611,53.769742366453,8.61746645984487,109.29749361203
4,3,12.5229265316568,46.8573934505616,12.0592738303806,93.8916169120751
5,3,12.2867626632093,44.6692443842074,11.5313373023848,91.4446492027841
6,3,12.6082069339362,37.3828384267836,18.3783181156118,70.7043897299788
7,3,12.5015758201661,53.1020277738296,11.8654239384857,110.929441009088
8,3,12.6441141525021,41.821182138237,16.0735093485193,80.8476838431309
9,3,12.2914829369536,42.2341647616476,10.9580728694679,82.2302820839831
10,3,12.6871620156903,43.6411171139893,15.1448100153999,87.3267529671141
1,4,10.6078142124036,23.1705375592231,32.8078470553361,41.3781003994865
2,4,9.82471704383099,44.1140335980616,5.33351670623535,87.9050867689602
3,4,9.8934544327899,19.6205270928549,32.0906332973428,33.406261017394
4,4,10.2754186887765,19.8807080808832,39.2418105871783,34.0630106543047
5,4,10.617396033557,20.6853297172062,50.9710059040446,34.1618769355476
6,4,9.83865935767551,43.8129464889263,5.91266212569907,87.5913493641291
7,4,10.0253643501973,19.5088817915574,31.1272299393398,33.1437289483035
8,4,10.4255371261313,21.5194512976749,31.3386908430019,37.317074503138
9,4,10.7011307338065,20.5019304741866,39.9886587861278,35.7800412343214
10,4,9.63568208721217,40.6024685053477,6.03572946941598,80.8358649630226
1,5,8.96428884945985,31.8372085943286,29.1600897097504,57.9543255443749
2,5,9.26727155654402,38.0361773463906,24.8465417793975,71.7513562561853
3,5,9.08397012977836,51.1724350927066,9.83227327164438,105.835767936644
4,5,9.2931623823279,48.5785434378389,24.9090367153527,95.4693336768541
5,5,9.26396061731685,35.6067254777208,24.3960240278488,69.4875185842241
6,5,9.49250750207199,33.668061747381,24.1550629224998,62.6846769643083
7,5,9.09839303179281,47.811528240209,13.7497595568698,98.2369560064689
8,5,8.9255829634579,45.1020540874466,19.1403671857801,90.3576658752235
9,5,9.42259402946513,35.3535238259101,29.320260798271,67.9340286491299
10,5,8.92071994108118,35.1536101935327,29.2430855709508,68.302648772961
1,6,11.8602427470617,48.3145365028321,43.7946687650277,97.6520023451254
2,6,12.3004835119493,38.8435260222191,82.2521683315741,73.9824363474112
3,6,11.6947557180168,46.7269532873133,40.3882230940374,94.5641110252365
4,6,12.3458508394242,42.9204860420155,73.2701061185444,83.9350148408547
5,6,11.9431456194851,55.0743248375071,41.7983740030359,111.933351317628
6,6,11.7547359203998,39.8905630640344,71.7548443646827,77.4706461563877
7,6,11.9644715439106,43.8519998985131,57.4533706762482,88.3667531463351
8,6,12.1724250438569,47.687413463633,87.2717467417545,94.2808525974581
9,6,12.0706017978634,52.3609876735233,43.5550460284919,103.151786725169
10,6,12.14447380207,42.9537013369637,53.3425940373862,85.7946224270771
1,7,11.4486775692705,21.5665791886964,5.75823475372974,38.0121057387364
2,7,11.9051824219677,26.5822418049955,5.57737863447402,46.9765135968945
3,7,11.7330589419243,27.2933462991792,4.39373920818024,47.5741168502371
4,7,11.700921845865,26.5957669950311,4.67540930294128,48.2681707356872
5,7,11.7104496463571,24.4300373757053,6.06023621288406,43.2045010801648
6,7,12.0311779954872,23.1026018564119,7.35728331373801,41.7412331929383
7,7,11.2750199664681,24.2832557601342,4.32002172004925,44.2982436939868
8,7,11.8542375978761,23.5200429948542,5.31435978111327,41.1448269202898
9,7,11.3374571316274,24.5332676808591,4.78220541221,43.0706692884441
10,7,11.3812759211506,23.3313074064681,4.960282562629,42.2316294660743
1,8,13.1662811523208,36.8998012634038,11.7746986879768,69.1448148192889
2,8,13.4266188006267,42.4882247718304,10.4030356630287,84.6498027663086
3,8,13.5817134916607,27.1920957370222,37.8392978198248,48.6806279696604
4,8,13.4856607816808,27.3564843184791,36.7433812101226,48.933324321397
5,8,13.0423722830586,39.8062462536075,10.0527470260594,77.9225914808294
6,8,12.9113908657722,40.0989181353548,9.74765869926584,77.9389950900736
7,8,13.8909468851803,27.6531842631695,37.6772621576717,50.0373231725978
8,8,13.4230550656827,26.9844806460347,30.7457340083377,48.0247867286087
9,8,13.1814856641447,46.431733570118,7.96758936852099,92.8592056932487
10,8,12.257510732943,43.7164914990847,5.64244046586966,85.2941549451636
1,9,10.0078350738887,29.4523263984652,29.2886136791759,53.8425452688867
2,9,9.89001597046523,37.3671181273879,20.8727403860536,70.4530239112544
3,9,10.0521192866537,31.4140793709206,26.9957930398847,58.3366070921711
4,9,9.90415459569576,36.0848807921062,21.2224681889563,69.5755208520671
5,9,9.66116819513593,29.2624437041049,22.6681179720217,54.5025229096838
6,9,9.96455801370697,35.7642614007153,21.1386520864108,68.1377487885895
7,9,9.99302256098741,31.5674986422961,31.5905898090222,59.1482928746086
8,9,9.97584655496267,34.5916896513046,19.4549778184234,65.9456995938761
9,9,10.1717792497841,31.9302163935518,30.8230051438083,57.9963692312252
10,9,9.79215173113807,28.0221802486111,25.7808539177868,51.2929625027414
1,10,7.06886651132131,19.5319786332171,33.0028611725285,33.3965853945666
2,10,7.12468812691053,18.6423411206712,34.619692646482,30.1346616906984
3,10,7.13231500337654,19.1498056968496,34.9881396178322,32.6501541289948
4,10,6.73465629640027,33.4205843004458,6.96383196947303,64.0174197733311
5,10,7.18441261592237,19.1885178497719,42.9403963584689,31.8678576105468
6,10,7.13146566603577,19.3598706467596,23.383881443421,32.2626585048368
7,10,6.88675857621668,18.8327483557213,27.201054913106,31.7875428397005
8,10,6.45089570896559,36.2524281627078,4.75560281004019,69.6890470191269
9,10,6.97332274459152,18.6699931463724,42.1567880990289,31.0160584874993
10,10,6.83617085215436,19.4311272311304,29.3550408769603,32.2666470535291
1,11,12.5232336809062,48.4577606774261,9.6773980240131,97.0848811797126
2,11,12.4565219030373,46.4356797872782,12.2758335353929,89.2662151768949
3,11,12.6240077692963,56.5359767149181,8.70536333301956,118.85281066597
4,11,12.9590504979686,28.413721674288,38.7317740526328,51.7946356734605
5,11,12.9036099387569,48.2545646396015,10.7871827712702,100.038931180525
6,11,12.3362436964011,49.4712295875482,8.48612754064776,99.5808024069434
7,11,12.4519022752976,53.9241865649577,8.93042683816264,109.81124830112
8,11,13.6233774498335,32.169295495992,39.6844779731128,60.4601621449748
9,11,12.8755109284669,54.4507256084004,9.29558544967446,110.323365873238
10,11,12.2336231644276,54.9241364351002,9.26084497567822,114.877008202018
1,12,10.1872906649702,37.0806906073989,28.3356503224342,69.6412714908006
2,12,10.0449708289027,35.7349318272558,31.00557964284,66.9958853398865
3,12,10.0534728640703,33.0552363036139,32.0816231541338,61.3957912146315
4,12,9.89020361743504,47.4709391049898,14.5749812627847,95.6135324245062
5,12,9.73222150253325,35.4096306434812,32.3382317107043,65.9314545930876
6,12,9.90162669988818,39.9791039951137,26.2063208380427,77.9912942702877
7,12,10.1274822257745,30.8704349166071,33.5711730513132,57.1354722686371
8,12,9.73471068311267,49.4676105220062,12.8851292424619,98.5339101659242
9,12,9.94951246006666,39.9834764164926,31.5486068951333,76.4678659132689
10,12,10.0475015268073,42.0387922652657,28.9896716203659,82.7864042106251
1,13,10.8860229412224,28.0625793352261,40.2472539282658,50.3443802475314
2,13,10.9792864114238,30.4859886735493,37.1659100837326,54.922854356603
3,13,10.23885155097,43.8854646765614,13.2641946233406,87.4099170226299
4,13,10.4926370961705,30.0985669186952,23.447181447485,55.3996650476989
5,13,10.5918648389199,30.1400806518051,40.1526688847821,53.2591885722853
6,13,11.0507803317539,28.820434189694,53.7955643321411,53.1715126821398
7,13,10.2109681630643,49.7590546319038,8.60272183380686,101.69793073008
8,13,10.637669347953,30.4162292488152,32.6071562102172,55.6001637046376
9,13,10.1569826507645,24.1143614241503,34.0824364011498,42.5453938465503
10,13,10.788423987017,28.7079186943536,41.4041341015525,52.4136432713115
1,14,11.6493359063685,52.7922797916994,3.29364664808872,108.987889914996
2,14,11.6302095855227,47.9422847587335,4.0505605985891,95.1447569750337
3,14,11.6524460771923,46.8750708412207,3.78216193293373,92.2858548951435
4,14,11.853269418231,46.811923215896,3.34312698894879,93.9560042711472
5,14,12.1409485236949,50.9959891588042,4.64371655641334,102.978007459545
6,14,11.7598422642947,49.3514120842216,3.41402678911331,99.0085453958789
7,14,11.8920291328825,49.2243071732491,4.13355896805454,96.5195350711633
8,14,11.8313186683612,49.9372728622439,3.47659472834149,103.099955256083
9,14,11.6821002492135,48.4129164699904,3.62585418832633,95.7303488260248
10,14,12.0898129645091,45.4948595068596,4.95442931601995,90.4005741094875
