rep,id,eta_Cl,eta_V1,eta_Q,eta_V2
1,1,-1.97937140934676,-0.954602193300316,-0.664339785670848,0.164060806738126
2,1,-2.6370423664,-1.14738407183869,-1.3481548011515,1.77669594235723
3,1,-2.07591104302717,-0.508232058986607,0.830039493180053,-1.17868449217684
4,1,-2.08723179199793,-1.62895637480346,-1.05864052033572,0.228658790264965
5,1,-1.92082700916656,-0.314260700714833,-0.778887835911535,-2.26733024305932
6,1,-2.7528825648716,-1.01735415550163,0.0632618242386164,1.16817641220012
7,1,-2.56296857550961,-1.19842388063921,-1.02325993217846,3.189219160046
8,1,-2.10101202460716,-1.32342751892342,-0.776143854628573,-0.156629780025228
9,1,-2.13689836560629,-0.842250093590117,0.352598225809588,0.173622882490897
10,1,-2.0570814316695,-1.97269806197892,1.25219413081088,1.50607188477171
1,2,-0.841389546107279,-0.395589782539366,0.437810525474936,-1.76180094180009
2,2,-0.98387147982986,-0.876415952417321,0.924264904139905,1.5522627178306
3,2,-0.896478625498387,-0.554242887191152,-2.34398834226576,-0.672623553377324
4,2,-0.936051467138005,-0.594803855425683,-0.17441275904858,0.180619735561205
5,2,-0.884980853154759,-1.70147495218933,3.32624266700943,-0.164020440278577
6,2,-0.848839934856687,-0.509691331244109,-0.289573339205239,-0.0850831962477654
7,2,-0.725413671998723,-0.775160782114656,0.98246491508594,-0.375329938673818
8,2,-1.01887871525994,-0.762890734271924,-0.50107964402688,0.97542842203739
9,2,-0.725978519302788,-0.699434375698201,2.02164650196124,-0.794926772316917
10,2,-1.11595859493087,-1.04193585841341,-2.06230824430987,-1.24218984466791
1,3,-0.813971942859072,-1.25670451463933,1.66488838925934,0.681138228075978
2,3,-1.12497372338786,-0.897811001835263,1.51680604421696,0.236868737792069
3,3,-0.821652586463773,-1.91125807738689,1.48192213084629,0.848607427359345
4,3,-1.13416214507702,-0.739230746813494,-0.101522632491117,1.47266123772334
5,3,-1.34151354049338,-0.991623370822255,0.920342558642313,2.48543927211958
6,3,-1.64489153624644,-0.679039549624162,0.958677708343464,2.44980099405764
7,3,-1.05880892196048,-0.765037991818879,0.280559383663634,1.26161753417755
8,3,-0.870564894972026,-0.716964876695939,2.24163462826227,-0.998851224140397
9,3,-2.63454447863274,-0.688671621500543,0.445712446666883,3.23906817799137
10,3,-0.983622986647488,-0.560652386609208,-0.0663324003326942,-0.826596873977009
1,4,-1.05071565138537,-1.66675518759645,1.36603598756276,-0.105221334881876
2,4,-1.14402017429086,-0.848787014948692,-1.14522488884131,-0.798644877794959
3,4,-1.08657508370473,-0.933218030317056,0.377911451188928,-1.54496463240807
4,4,-1.10338055375661,-1.68848509560748,1.54123843160467,-0.331736735347455
5,4,-1.37401716848352,-0.819782453041962,-0.879415611491205,1.39834699038466
6,4,-1.25806896477251,-1.28383574678769,-1.5905059093332,-2.09884501588296
7,4,-1.28908645826695,-0.83797188392786,-0.867588894820556,-0.827570081207706
8,4,-1.2220116582418,-1.0405348894231,-0.0116010634342201,-1.21941090326139
9,4,-1.35550816769541,-0.616438684017573,-0.596066438742528,1.27695606488465
10,4,-1.34975417740479,-1.64580951791011,-0.460726338054465,0.747852315479696
1,5,-1.22780758956245,-0.765745326195384,1.23250599802128,0.272315705482166
2,5,-1.35696529102684,-1.03968227717195,0.819058664865361,1.51416309268877
3,5,-1.34458830856847,-1.43430676211558,1.25487321858963,0.349837273947786
4,5,-1.31222566967451,-0.20166848529263,-1.49129626964643,-0.79491279412494
5,5,-1.41285954500208,-1.72241038157283,1.42749201837685,1.12777511758535
6,5,-1.38081561047003,-0.491383293842508,1.4664810345278,-1.07236936482951
7,5,-1.83148794063215,-0.570524260593773,-0.662967361036782,2.431430196052
8,5,-1.19932782704638,-0.853776975894273,1.94502679223099,1.32429468582411
9,5,-1.38140002864318,-1.85220172841782,1.39827349863791,1.14033112408352
10,5,-1.45254773946939,-0.938993993571382,0.605012295548244,-0.351682620375356
1,6,-1.05021344879132,-0.503935309187673,0.407055074624915,-1.26450748002497
2,6,-0.984655547090773,-0.227293933275949,-0.556866615461375,-0.611598737770474
3,6,-0.998068474879826,-0.584339783520403,0.526213980104341,0.386698157532472
4,6,-0.887058093081955,-0.372753215994073,1.40354448326011,-0.367169439123643
5,6,-0.98064314470282,0.195880788594695,0.446704767792471,-0.236320915555104
6,6,-1.07644262294579,-0.00396201664159599,-2.43456887485887,0.581241239782696
7,6,-0.937481548484885,0.180392277882079,-1.44989541620349,0.288714413085596
8,6,-1.20254536547182,0.571755051232843,-1.27657899931033,1.71741834435267
9,6,-0.939751391977289,-0.153811158700569,0.236771848456804,0.665864992681201
10,6,-0.980298499483381,-0.114402640932958,0.0755789826765065,-2.39274353110254
1,7,-1.22924847683589,-1.110370516152,-1.39161532951664,-0.64234382951752
2,7,-1.35573179274928,-2.15054501636792,0.829828713682795,-1.22110195867228
3,7,-0.964392320131001,-0.745254613896245,-0.854285962646665,-1.01131725901857
4,7,-1.21768814634669,-1.73564562970621,0.883599146875185,-1.05176264835937
5,7,-1.01309635092863,-1.23283595055772,-1.02144417415052,-1.22346206391242
6,7,-1.22194691218326,-0.852827426758141,-1.51840555884696,2.55932886515651
7,7,-1.45560036373216,-1.6279087428934,-1.56407940947151,0.670191150882523
8,7,-1.06141048879577,-0.71754912671125,-3.29365477458076,-0.851249442351829
9,7,-1.20418470691151,-0.953492095930532,-1.65008594143967,2.16407262869426
10,7,-0.945812865531753,-0.792127044619862,0.977681491395198,-1.44938790473845
1,8,-1.0795047417571,-0.929025712962756,-1.01698758705089,0.270715995684002
2,8,-0.999679233373474,-2.30142763180002,2.24627393107397,-0.166684835309781
3,8,-0.926590824356413,-2.04627776046155,2.13564082543532,-0.145749176593542
4,8,-1.07190415245313,-2.2062014398415,1.74056151546262,0.160295433606809
5,8,-0.932515749855238,-0.934759603731526,-0.478619870992984,-0.682528523453901
6,8,-1.2185047772917,-1.34987812849194,0.959828826231608,-0.474102139883618
7,8,-1.12440349169942,-0.993897353232179,-0.989843857366636,-1.11430823400628
8,8,-0.905231249362035,-1.58340638484172,1.66912326692152,-0.416566813110218
9,8,-0.678135350200344,-0.870985392503792,0.702659823123893,0.0402432190271389
10,8,-0.966113128625024,-1.11589445834227,1.07103181711046,0.165857991463578
1,9,-1.1652050473405,-0.215750598457942,-0.144808402677139,-1.75648166055816
2,9,-1.21741031245911,-0.392229438148534,-1.1111438411337,-0.447494748173472
3,9,-1.16477658015549,-0.787410101091817,-0.0317404625823554,-1.07646884878742
4,9,-1.20378019084285,-1.01062001979436,0.0432250078267744,0.433800930181333
5,9,-1.22364886523,-0.946679622396318,1.36543106847391,1.44691662946791
6,9,-1.30064157194563,-0.818115480483081,-1.66800084771065,-1.47593736446161
7,9,-1.535969685827,-0.292203274281427,-3.06043867779253,1.51535406931026
8,9,-1.276619522613,-1.43369116479304,0.58040870781713,-0.893235240163914
9,9,-1.06965558324386,-0.530247863040647,0.370929246368219,-0.666472398443433
10,9,-1.1996634261184,-0.576611381872986,-1.29661187339322,0.268012642975929
1,10,-1.41163115189146,-1.45895371607747,0.529081555098767,-1.21299608092712
2,10,-1.68345903715754,-1.71820404036244,-0.813968261402951,-1.24934303066984
3,10,-1.53233297176045,-0.958485076749186,0.00895838542566429,-1.35062267123599
4,10,-1.44112314182346,-1.28218169693737,1.15561632887829,-0.7600660954265
5,10,-1.56650663307069,-0.897128917086318,-0.906998662077092,-1.58381877465685
6,10,-1.52995967828797,-0.977534749219081,0.480277531922116,0.0691898357280835
7,10,-1.60529270310373,-2.24802389766066,1.06133070914897,-0.665350367727974
8,10,-1.43996285682995,-1.42807436577081,-0.160448676357439,-0.18753594015314
9,10,-1.5606529406965,-0.947913911253838,0.553434957213805,1.06305429571716
10,10,-1.55574692427088,-0.785188818696159,1.20821975505611,-1.07644406179879
1,11,-0.944819263307016,-0.783731251615132,0.0153976338522957,-0.14906593114491
2,11,-1.13313367258375,-1.43093531073325,0.171805699206057,1.224330897087
3,11,-1.00461789864401,-0.39137068767681,-1.82652170742886,-1.53402997345933
4,11,-1.03062721554159,-0.51765447878273,-0.723265680248023,0.48301345688887
5,11,-0.965799973793195,-0.568438232805093,0.621479825412151,-0.468282117631344
6,11,-0.939680296527277,-0.527730087177422,-0.993433182447181,-1.3752319352263
7,11,-0.969277332896063,-1.15265344133436,0.380958697117994,-0.844951471621288
8,11,-0.729176073080797,-1.88488031499534,1.91759408049076,0.682850782379847
9,11,-0.943793310624475,-2.38555068100269,2.03354578852177,0.418912180159097
10,11,-1.34992762146657,-0.673835546505108,-1.04735950864752,3.20227341322852
1,12,-1.26982981778434,-0.935628864306618,0.302176271856706,0.14206168592063
2,12,-1.31077782559868,-0.804092131462846,-0.3462842774479,0.889710544647687
3,12,-1.18130368892566,-1.02419272381101,1.93756861265571,-0.965089340622148
4,12,-1.24080032008587,-0.624957077327719,0.470748579184641,0.375131335712951
5,12,-1.83711561733455,-0.409870571288115,1.8830374642214,1.94036037988657
6,12,-1.25773486831743,-0.24711992045148,-1.38855063902275,1.80916295315073
7,12,-1.23817244927585,-0.611876264380821,-0.854959223183474,0.829044323374994
8,12,-1.3783333784745,-0.92393173095491,-0.194873393151537,0.862274877518421
9,12,-1.55289312509674,-0.541899936936968,-0.462970068400211,1.44896096511428
10,12,-1.16671821242244,-0.318581894605367,-1.37109386722061,-1.84068708165324
1,13,-2.06898523048056,-0.188962065300616,0.447764866716718,2.60950954402869
2,13,-1.0449404462285,-0.461194942912925,0.902320809426483,0.296951000012171
3,13,-1.02467583359605,-0.902717164410654,0.601961166962499,-0.375187900983613
4,13,-1.12042444816629,-0.744212081870002,-3.39577049762596,-1.88147380255652
5,13,-1.15388110427727,-0.490392115618605,-1.94158754050989,-2.41707029962086
6,13,-1.00057494823465,-0.937148119728468,1.06918248914742,-0.569783928022283
7,13,-1.12861014048694,-0.900579539769512,0.94926107797442,-0.46155511091581
8,13,-1.07988378322595,-0.139716246458973,1.15037497806673,-3.20058008765044
9,13,-1.20569872795317,-0.854708878314565,-0.0349185781564261,1.01766975616586
10,13,-1.01629390208355,-1.02902127976873,1.46677495699238,0.352646647998222
1,14,-0.924663694067757,-0.809831514511321,-0.0899721518471523,-2.03660918867885
2,14,-1.26481421238474,-0.494925405516582,-1.05729992185776,3.7990082508376
3,14,-1.01884313737909,-0.387180587316319,0.295663556322402,2.01402452081609
4,14,-0.943352545284995,-0.910150724263846,-0.92790729825365,-1.39456348379492
5,14,-1.26130562278388,-0.297440608803301,-0.101797924243637,2.08671834550249
6,14,-1.08254730980621,-1.86694004497068,2.19176361113195,-0.359666032914117
7,14,-0.921064831907447,-0.957496612221065,3.01031475544653,-0.931580017932722
8,14,-0.780654832937717,-2.62952432890732,1.69946580874041,0.368555345609216
9,14,-0.965689564031079,-0.932330152450809,0.409091777257295,-0.734827711547666
10,14,-1.0021283755883,-0.97905879386828,-0.220143695387918,1.37386395664023
