iteration,convergenceIndicator,phase,Cl_pop,beta_Cl_logtWTKG,beta_Cl_tCLCRMLMIN,V1_pop,Q_pop,V2_pop,omega_Cl,omega_V1,omega_Q,omega_V2,corr_V2_V1,a1,a2
1,1430.84,1,5.6796,0.757903,0.609706,40.6172,12.4684,47.6947,1,1,1,1,0.998743,1,1
2,1419.69,1,4.72018,0.246452,0.829177,40.9087,16.3764,48.3997,0.974679,0.974679,1.05139,0.974679,0.998743,0.974679,0.974679
3,1403.92,1,6.14656,0.162686,0.584728,41.1646,16.8719,49.6108,0.95,0.95,1.02477,0.95,0.998743,0.95,0.95
4,1392.69,1,5.9294,-0.0151002,0.583291,40.3263,18.2012,48.276,0.925945,0.925945,1.09704,0.925945,0.998743,0.925945,0.925945
5,1384.63,1,4.50856,-0.213833,0.901584,43.7803,13.9371,52.2749,0.9025,0.9025,1.06926,0.9025,0.998743,0.9025,0.9025
6,1369.53,1,5.49578,-0.207252,0.648842,42.095,14.4211,50.2592,0.879648,0.879648,1.04219,0.879648,0.998743,0.879648,0.879648
7,1362.17,1,6.36312,-0.0739202,0.562409,45.4496,15.4781,53.9707,0.857375,0.857375,1.0158,0.857375,0.998743,0.857375,0.857375
8,1346.99,1,5.02624,0.0913225,0.794081,47.3383,12.6637,55.6388,0.835666,0.835666,0.99008,0.835666,0.998743,0.835666,0.835666
9,1345.18,1,5.3069,0.553222,0.781294,55.8301,12.6918,65.6043,0.814506,0.814506,0.965011,0.814506,0.998743,0.814506,0.814506
10,1327.79,1,5.05909,0.957046,0.7706,53.1722,12.9654,62.5332,0.793882,0.793882,0.940576,0.793882,0.998743,0.793882,0.793882
11,1310.27,1,4.30597,0.418805,0.986385,53.9581,11.5541,63.0229,0.773781,0.773781,0.91676,0.773781,0.998743,0.773781,0.773781
12,1306.91,1,4.64666,0.33078,0.890885,51.7658,11.2434,60.1983,0.754188,0.754188,0.996349,0.754188,0.998743,0.754188,0.754188
13,1303.22,1,7.19008,0.177921,0.435848,51.0164,13.0666,59.8258,0.735092,0.735092,0.973707,0.735092,0.998743,0.735092,0.735092
14,1286.61,1,6.09289,0.08681,0.625163,49.5652,10.6921,58.1038,0.716479,0.716479,1.11157,0.716479,0.998743,0.716479,0.716479
15,1267.21,1,6.25489,-0.0273116,0.633597,48.943,11.4288,57.3057,0.698337,0.698337,1.22773,0.698337,0.998743,0.698337,0.698337
16,1261.74,1,5.94715,-0.0969598,0.648146,44.9728,12.2844,52.7314,0.680655,0.680655,1.21341,0.680655,0.998743,0.680655,0.680655
17,1258.95,1,5.89462,0.223048,0.642051,47.0744,12.9408,55.4003,0.66342,0.66342,1.29688,0.66342,0.998743,0.66342,0.66342
18,1247.3,1,6.20165,-0.0851601,0.650208,44.4122,12.7703,52.4419,0.646622,0.646622,1.26404,0.646622,0.998743,0.646622,0.646622
19,1237.03,1,5.87487,0.194062,0.691734,48.2201,13.5523,56.5538,0.630249,0.630249,1.26038,0.630249,0.998743,0.630249,0.630249
20,1223.82,1,6.5125,0.29828,0.589039,46.1057,14.3747,54.1567,0.614291,0.614291,1.22847,0.614291,0.998743,0.614291,0.614291
21,1217.43,1,5.5736,0.246352,0.758232,44.1851,13.5229,52.0263,0.598737,0.598737,1.19736,0.598737,0.998743,0.598737,0.598737
22,1204.58,1,5.86149,0.397195,0.71,44.9671,12.2362,53.2723,0.583577,0.583577,1.16704,0.583577,0.998743,0.583577,0.583577
23,1179.19,1,6.81375,0.236435,0.5682,45.9525,12.7352,54.7173,0.5688,0.5688,1.13749,0.5688,0.998743,0.5688,0.5688
24,1170.43,1,6.47957,0.257355,0.617315,47.4508,13.2638,56.3943,0.554398,0.554398,1.10869,0.554398,0.998743,0.554398,0.554398
25,1165.86,1,7.22979,0.427995,0.471924,44.7523,13.237,53.3614,0.54036,0.54036,1.08062,0.54036,0.998743,0.54036,0.54036
26,1150.66,1,6.14556,0.361083,0.647584,44.1303,16.3968,52.5799,0.526678,0.526678,1.05326,0.526678,0.998743,0.526678,0.526678
27,1146.41,1,7.51027,0.369788,0.463422,43.4951,20.6563,51.804,0.513342,0.513342,1.1528,0.513342,0.998743,0.513342,0.513342
28,1128.9,1,5.83229,0.388717,0.708157,44.7075,18.5476,52.8918,0.500344,0.500344,1.12361,0.500344,0.998743,0.500344,0.500344
29,1114.33,1,5.92437,0.514107,0.693237,44.8636,17.1664,52.9244,0.487675,0.487675,1.1421,0.487675,0.998743,0.487675,0.487675
30,1103,1,6.33667,0.317083,0.617508,43.3511,15.9141,50.9297,0.475327,0.475327,1.11318,0.475327,0.998743,0.475327,0.475327
31,1105.72,1,6.52662,0.159281,0.585329,43.3293,14.193,50.5724,0.463291,0.463291,1.085,0.463291,0.998743,0.463291,0.463291
32,1091.11,1,5.71418,-0.00734896,0.721894,44.6355,12.4154,52.1128,0.45156,0.45156,1.05753,0.45156,0.998743,0.45156,0.45156
33,1079.85,1,6.15248,0.193068,0.680725,45.2701,14.0299,52.7003,0.440127,0.440127,1.03075,0.440127,0.998743,0.440127,0.440127
34,1077.98,1,6.27316,0.241603,0.612517,43.8897,14.6674,51.196,0.428982,0.451434,1.00465,0.453881,0.998743,0.428982,0.428982
35,1060.06,1,6.10482,0.195964,0.632775,40.8793,15.8379,47.6643,0.41812,0.440003,0.979211,0.442389,0.998743,0.41812,0.41812
36,1054.48,1,6.93202,0.30158,0.528691,41.0248,19.7443,47.9501,0.407533,0.441167,0.954416,0.441912,0.998743,0.407533,0.407533
37,1058.89,1,5.8932,0.365426,0.682598,41.8767,18.6825,49.0415,0.397214,0.451789,0.972258,0.449917,0.998743,0.397214,0.397214
38,1041.98,1,5.8915,0.226746,0.689493,43.9697,16.1752,51.5132,0.387157,0.465139,0.94764,0.466638,0.998743,0.387157,0.387157
39,1027.73,1,5.9961,0.337364,0.679118,41.8002,17.8088,49.2068,0.377354,0.453361,0.977944,0.454822,0.998743,0.377354,0.377354
40,1030.04,1,6.5867,0.426546,0.579382,42.2933,17.49,49.5322,0.367799,0.441882,0.975232,0.443306,0.998743,0.367799,0.367799
41,1017.8,1,6.17064,0.431264,0.669755,43.4476,19.6461,51.0079,0.358486,0.430693,0.950539,0.432081,0.998743,0.358486,0.358486
42,999.531,1,6.0857,0.300926,0.692409,42.3493,19.7261,49.7093,0.349409,0.419788,0.931292,0.421141,0.998743,0.349409,0.349409
43,999.152,1,5.50436,0.311879,0.776268,43.0079,22.5026,50.4533,0.340562,0.409158,0.907711,0.410477,0.998743,0.340562,0.340562
44,986.615,1,6.32481,0.327701,0.665051,42.0478,22.6953,49.3386,0.331938,0.398798,0.884728,0.400084,0.998743,0.331938,0.331938
45,974.473,1,6.76908,0.171909,0.585279,40.6722,18.4667,47.6757,0.323534,0.3887,0.862326,0.389953,0.998743,0.323534,0.323534
46,963.359,1,6.09146,0.14284,0.67203,40.0451,14.9712,47.0742,0.315341,0.378858,0.840491,0.380079,0.998743,0.315341,0.315341
47,953.09,1,6.04091,0.0430288,0.681891,40.2439,14.1567,47.3845,0.307357,0.369265,0.81921,0.370456,0.998743,0.307357,0.307357
48,945.527,1,6.42463,0.268128,0.605828,42.1701,12.4599,49.4553,0.299574,0.359915,0.798467,0.361075,0.998743,0.299574,0.299574
49,941.53,1,6.17492,0.140864,0.646637,46.4347,11.414,54.3249,0.291989,0.350802,0.778249,0.351933,0.998743,0.291989,0.291989
50,937.897,1,6.56191,0.218619,0.605419,46.7518,12.5354,54.6936,0.284596,0.34192,0.758543,0.343022,0.998743,0.284596,0.284596
51,928.488,1,6.47468,0.15316,0.623827,47.4233,10.898,55.333,0.27739,0.333262,0.739337,0.334336,0.998743,0.27739,0.27739
52,917.729,1,6.29896,0.16409,0.638263,46.4077,11.3382,54.425,0.270366,0.324824,0.720616,0.325871,0.998743,0.270366,0.270366
53,919.329,1,6.04426,0.0596063,0.65357,43.2541,12.2516,50.8569,0.26352,0.316599,0.70237,0.317619,0.998743,0.26352,0.26352
54,907.726,1,6.58309,0.254086,0.578711,42.41,11.6566,49.9492,0.256848,0.308582,0.684585,0.309577,0.998743,0.256848,0.256848
55,898.973,1,6.20304,0.278913,0.649567,43.6901,11.4541,51.2617,0.250344,0.306245,0.686871,0.312192,0.998743,0.250344,0.250344
56,898.6,1,6.17879,0.324624,0.639353,43.8368,11.033,51.3962,0.244005,0.299317,0.675778,0.309508,0.998743,0.244005,0.244005
57,900.292,1,5.79028,0.274697,0.708757,44.1999,10.1,51.8285,0.237827,0.306737,0.663534,0.321991,0.998743,0.242181,0.237827
58,893.95,1,6.26947,0.265934,0.611587,44.6526,9.55101,52.4808,0.231805,0.311183,0.646733,0.32409,0.998743,0.243573,0.231805
59,898.003,1,5.99334,0.219888,0.656738,43.8924,10.5809,51.5043,0.225936,0.313775,0.68074,0.325061,0.998743,0.248116,0.225936
60,896.413,1,6.18865,0.188233,0.627335,42.6404,12.1172,49.8441,0.220215,0.306235,0.804935,0.31683,0.998743,0.245176,0.220215
61,891.835,1,6.1681,0.310239,0.630972,44.2651,11.1253,52.0261,0.214639,0.299437,0.784554,0.312335,0.998743,0.239687,0.214639
62,887.74,1,6.26095,0.326068,0.617002,42.5807,11.3688,50.0038,0.209204,0.320781,0.764689,0.335286,0.998743,0.240289,0.209204
63,881.86,1,6.28876,0.326298,0.610109,43.01,9.70584,50.5482,0.203907,0.324573,0.802735,0.336343,0.998743,0.234205,0.203907
64,876.648,1,6.33886,0.274471,0.592148,44.2398,9.6834,51.8715,0.198744,0.319179,0.78241,0.327826,0.998743,0.244932,0.198744
65,872.541,1,6.51343,0.22534,0.574454,44.479,8.86386,52.1703,0.193711,0.314223,0.762598,0.322221,0.998743,0.247005,0.193711
66,870.614,1,6.54312,0.326251,0.575968,43.4871,9.28931,50.8899,0.188807,0.312814,0.750213,0.320961,0.998743,0.2461,0.188807
67,873.171,1,6.54874,0.233287,0.553444,43.6839,9.34706,51.2907,0.184026,0.321666,0.731217,0.326867,0.998743,0.250088,0.184026
68,868.932,1,6.81201,0.310882,0.531049,44.3927,8.99356,52.0311,0.179366,0.313522,0.727916,0.318591,0.998743,0.246494,0.179366
69,868.59,1,6.33389,0.285309,0.5927,43.5761,9.30303,51.1554,0.174825,0.308626,0.757457,0.313142,0.998743,0.249874,0.174825
70,858.04,1,6.47045,0.289874,0.568898,42.7719,9.5101,50.3626,0.170398,0.300812,0.779369,0.305213,0.998743,0.259294,0.170398
71,851.084,1,6.58014,0.292804,0.545493,42.0551,9.62389,49.5978,0.166083,0.293195,0.772336,0.297484,0.998743,0.256506,0.166083
72,845.191,1,6.24484,0.310871,0.598669,42.4384,9.33427,49.8538,0.161878,0.285771,0.75278,0.289952,0.998743,0.264578,0.161878
73,846.196,1,6.34414,0.29616,0.581473,42.6002,10.0964,50.0054,0.157779,0.278535,0.799922,0.28261,0.998743,0.271535,0.157779
74,837.916,1,6.53215,0.399838,0.553754,42.3666,10.7419,49.731,0.153784,0.271482,0.779668,0.275454,0.998743,0.273012,0.153784
75,830.922,1,6.16505,0.38263,0.605982,42.1068,10.4727,49.5213,0.14989,0.264608,0.806296,0.26848,0.998743,0.276374,0.14989
76,830.888,1,6.43483,0.316884,0.577143,41.9157,11.3083,49.2831,0.146095,0.257908,0.78588,0.261682,0.998743,0.269376,0.146095
77,827.162,1,6.27784,0.338262,0.60021,42.7221,9.97498,50.2854,0.142396,0.25196,0.79764,0.255703,0.998743,0.262556,0.142396
78,822.137,1,6.42195,0.356053,0.581546,43.471,9.25289,51.2352,0.13879,0.272423,0.777443,0.276847,0.99842,0.264192,0.13879
79,819.992,1,6.25344,0.331049,0.598408,43.0321,9.92028,50.6147,0.143397,0.291632,0.757758,0.292772,0.998869,0.277874,0.135276
80,812.317,1,6.15713,0.342375,0.616477,43.3923,9.3823,51.1321,0.149144,0.284248,0.738571,0.285396,0.998732,0.281832,0.131851
81,814.226,1,6.43636,0.329471,0.564111,42.9846,9.50928,50.6891,0.150309,0.293071,0.732212,0.293964,0.998623,0.284161,0.128512
82,817.389,1,6.23431,0.277626,0.595335,42.6687,8.84736,50.1929,0.151149,0.28565,0.733358,0.286521,0.99862,0.284368,0.125258
83,814.943,1,6.39231,0.278193,0.562164,43.7136,8.5382,51.449,0.151697,0.278418,0.744242,0.279266,0.998753,0.290649,0.122087
84,808.391,1,6.59806,0.230847,0.539229,43.7771,8.98932,51.4951,0.150013,0.275406,0.725398,0.274125,0.998682,0.286931,0.118995
85,804.061,1,6.47891,0.240967,0.55701,44.3663,8.95551,52.0907,0.15271,0.275456,0.70703,0.277013,0.998529,0.28511,0.115982
86,798.658,1,6.37933,0.353464,0.565468,43.9694,8.71013,51.7436,0.160183,0.277603,0.689128,0.277466,0.998404,0.293665,0.113045
87,794.077,1,6.49133,0.311697,0.543578,43.0422,9.01634,50.7396,0.172294,0.287573,0.67364,0.288092,0.998598,0.303089,0.110183
88,787.308,1,6.49538,0.308017,0.54893,43.6976,8.86746,51.6544,0.168737,0.285902,0.676992,0.285669,0.998842,0.29828,0.107393
89,790.026,1,6.39466,0.330652,0.559184,43.7877,8.83644,51.8995,0.16955,0.289922,0.675917,0.288776,0.998672,0.303132,0.104674
90,790.55,1,6.3629,0.352145,0.560881,44.1297,7.91635,52.2021,0.169022,0.296536,0.706096,0.291694,0.998473,0.300881,0.102024
91,782.975,1,6.55264,0.270433,0.539091,43.6199,8.58386,51.5444,0.164743,0.305304,0.688217,0.300424,0.998707,0.294027,0.0994403
92,781.342,1,6.52991,0.301303,0.54136,43.2212,9.02437,51.0798,0.175167,0.299723,0.670791,0.296349,0.998648,0.301558,0.0969224
93,790.322,1,6.51485,0.272604,0.542977,43.3358,9.05253,50.9972,0.176397,0.308463,0.656001,0.300415,0.998307,0.3019,0.0944682
94,782.389,1,6.31368,0.283761,0.575632,43.5285,9.55485,51.2378,0.185642,0.320599,0.63939,0.307796,0.998459,0.305502,0.0920763
95,787.642,1,6.4015,0.314972,0.557491,42.4242,9.41419,50.1667,0.186531,0.312481,0.729995,0.300003,0.998094,0.308124,0.0897448
96,789.833,1,6.23366,0.295495,0.581468,43.1256,9.02658,50.8222,0.187526,0.304569,0.711511,0.292407,0.998187,0.316696,0.0874724
97,781.191,1,6.21925,0.301759,0.572513,43.3174,9.18864,51.2606,0.188566,0.296857,0.709813,0.285003,0.997372,0.313879,0.0852576
98,790.863,1,6.29754,0.284378,0.56457,43.115,9.08144,51.0931,0.185071,0.29464,0.713944,0.283859,0.996166,0.316506,0.0830988
99,788.725,1,6.23376,0.324587,0.569984,42.8368,9.12961,50.6827,0.186058,0.292563,0.764251,0.28015,0.996755,0.319014,0.0809947
100,788.188,1,6.37732,0.317248,0.552793,42.5179,8.8884,50.3956,0.187562,0.293512,0.7449,0.283749,0.996198,0.317062,0.0789439
101,788.133,1,6.58419,0.33811,0.518008,42.4212,9.38593,50.3409,0.188422,0.293975,0.733044,0.284935,0.995104,0.316562,0.076945
102,782.269,1,6.62214,0.397395,0.514716,41.7305,9.76519,49.6798,0.183651,0.299259,0.789332,0.286905,0.99371,0.308547,0.0749967
103,777.186,1,6.40187,0.382574,0.547783,42.0106,9.63811,50.5057,0.193961,0.301312,0.785271,0.281898,0.995397,0.317107,0.0730977
104,781.975,1,6.30233,0.365308,0.561549,42.2236,9.30032,50.8786,0.193223,0.299527,0.765387,0.27625,0.99427,0.323626,0.0712469
105,770.842,1,6.3096,0.321345,0.56321,41.9613,9.70031,50.7472,0.189214,0.307483,0.746007,0.283994,0.994082,0.320952,0.0694428
106,775.38,1,6.37445,0.312932,0.560385,41.5124,9.87747,50.241,0.184423,0.305499,0.735011,0.283145,0.993709,0.313561,0.0699696
107,774.02,1,6.17331,0.299006,0.587435,41.0921,9.60314,50.072,0.184574,0.303529,0.723894,0.277695,0.992442,0.310793,0.0695025
108,767.698,1,6.25038,0.350984,0.567987,41.0151,9.32289,50.2809,0.191415,0.305222,0.722731,0.278895,0.992104,0.322036,0.0677426
109,767.809,1,6.38254,0.32352,0.549624,40.8002,9.66035,49.9067,0.189219,0.315776,0.750796,0.291364,0.99384,0.321562,0.0660274
110,768.662,1,6.41348,0.3435,0.544186,40.3808,10.1977,49.7234,0.191493,0.30778,0.749734,0.283987,0.993161,0.323256,0.0646333
111,761.742,1,6.45103,0.329957,0.542238,40.3771,10.5184,49.5077,0.1919,0.305372,0.73075,0.277517,0.991738,0.322368,0.0629968
112,753.393,1,6.41026,0.358939,0.552772,40.5556,10.3696,49.5629,0.195513,0.305792,0.712247,0.27609,0.992532,0.328614,0.0614017
113,757.233,1,6.22238,0.370386,0.576551,40.4284,10.2354,49.1791,0.196242,0.308277,0.735896,0.274035,0.991617,0.329668,0.0598469
114,761.78,1,6.3622,0.354879,0.554692,40.2816,10.1144,49.2512,0.191273,0.305453,0.770576,0.270174,0.989288,0.325434,0.0600771
115,761.733,1,6.29348,0.353714,0.568976,40.1784,10.3176,49.1779,0.193386,0.307023,0.800333,0.264328,0.987969,0.325679,0.0592006
116,765.943,1,6.21654,0.355689,0.580435,40.2028,10.1753,48.9553,0.189381,0.306204,0.817069,0.264579,0.98644,0.323791,0.060358
117,769.94,1,6.20423,0.376473,0.58251,40.332,10.7371,49.0038,0.194306,0.306653,0.79638,0.264584,0.984489,0.328296,0.0603773
118,770.387,1,6.27002,0.338395,0.573897,40.2049,10.995,49.0568,0.189386,0.306314,0.776215,0.269822,0.983055,0.325539,0.060892
119,772.616,1,6.08884,0.352867,0.604883,40.4093,10.433,49.2969,0.186545,0.303396,0.774606,0.275483,0.985424,0.322543,0.0627477
120,775.541,1,6.12638,0.345756,0.594749,39.9083,10.9311,48.6553,0.194083,0.299807,0.754992,0.277781,0.982923,0.324882,0.0625604
121,765.226,1,6.30715,0.358368,0.566064,39.222,11.1076,48.899,0.191587,0.294448,0.735876,0.279608,0.983958,0.322858,0.0609763
122,766.068,1,6.31106,0.349879,0.566426,39.2787,11.261,48.289,0.191487,0.308062,0.717243,0.284179,0.983712,0.325155,0.0599082
123,774.325,1,6.22132,0.377607,0.587513,39.8196,11.1396,48.7269,0.191502,0.310482,0.716974,0.29509,0.985533,0.326256,0.0622509
124,777.503,1,6.07352,0.355793,0.61139,40.2221,10.7127,49.2304,0.19623,0.319569,0.69882,0.302017,0.984938,0.326326,0.0633238
125,778.951,1,6.07247,0.358775,0.610305,40.4122,10.698,50.1457,0.195216,0.321882,0.681125,0.300951,0.984097,0.32664,0.0634138
126,772.725,1,6.09204,0.333051,0.601536,40.0676,10.7797,49.8489,0.192201,0.31704,0.669858,0.302783,0.987501,0.322813,0.0632197
127,774.056,1,6.38209,0.303045,0.557477,40.1378,10.7074,50.05,0.188182,0.320845,0.731611,0.316684,0.985491,0.321721,0.0620582
128,772.296,1,6.37861,0.312221,0.561075,40.0657,10.6456,50.1776,0.185786,0.319098,0.734639,0.317912,0.984977,0.319549,0.0618469
129,774.01,1,6.24913,0.345704,0.581333,39.6361,10.9769,49.4376,0.185393,0.331861,0.716038,0.33744,0.985631,0.320031,0.0621996
130,776.296,1,6.40061,0.33276,0.555145,39.4589,11.1305,49.4337,0.184886,0.323458,0.697907,0.328896,0.984967,0.322634,0.0628869
131,770.077,1,6.32061,0.328894,0.570707,39.3428,11.1862,49.4631,0.186433,0.31999,0.729707,0.320568,0.985441,0.321291,0.0612946
132,762.264,1,6.31774,0.323527,0.568545,39.27,10.8829,49.4326,0.182669,0.31659,0.742795,0.314435,0.987598,0.322089,0.0597425
133,765.899,1,6.41765,0.358829,0.54853,39.2975,10.7034,49.458,0.182717,0.329282,0.763542,0.316031,0.985914,0.323636,0.0589317
134,771.611,1,6.4336,0.360668,0.545765,38.9678,10.678,49.2991,0.178527,0.331943,0.759375,0.312163,0.982675,0.321774,0.0604446
135,769.998,1,6.3116,0.346846,0.569513,39.6008,10.5541,50.0565,0.189138,0.331232,0.740147,0.322862,0.98047,0.324987,0.0589141
136,774.148,1,6.21371,0.34899,0.573375,39.1683,10.5143,49.7158,0.185595,0.322845,0.73437,0.317624,0.977061,0.324937,0.0594928
137,769.636,1,6.26513,0.337279,0.574459,39.1043,10.872,49.3577,0.182441,0.317288,0.763238,0.312891,0.975856,0.323325,0.0582667
138,772.007,1,6.3323,0.345527,0.557943,38.9973,10.5401,49.0924,0.18456,0.317341,0.765022,0.310928,0.976983,0.324189,0.0589696
139,772.719,1,6.28346,0.34133,0.567383,39.1027,10.6065,49.7026,0.189016,0.321314,0.745651,0.305445,0.974038,0.326555,0.0585466
140,779.317,1,6.31882,0.335153,0.567417,39.2512,10.7152,50.0019,0.188545,0.325718,0.726771,0.310983,0.970942,0.324903,0.0603286
141,783.651,1,6.30752,0.356753,0.569546,39.2134,10.9987,49.4283,0.190435,0.325662,0.788024,0.313076,0.95309,0.326378,0.0588011
142,783.526,1,6.30321,0.390942,0.561717,39.7112,10.3864,49.4157,0.18782,0.317416,0.777034,0.319569,0.956117,0.324491,0.0593321
143,780.677,1,6.31647,0.367064,0.5627,40.4686,10.0971,50.3644,0.183909,0.309863,0.778391,0.312957,0.961174,0.318822,0.0604521
144,772.868,1,6.28394,0.334285,0.570083,40.1282,10.0094,49.4622,0.18665,0.320115,0.788211,0.305033,0.969166,0.322183,0.0589214
145,776.067,1,6.29072,0.364529,0.570369,39.5941,10.5919,48.8656,0.184125,0.314964,0.821681,0.306902,0.974229,0.319217,0.0602441
146,772.696,1,6.40449,0.376167,0.551915,39.1869,10.7163,49.0577,0.182538,0.32012,0.814079,0.307673,0.976719,0.319117,0.0596425
147,765.562,1,6.38332,0.334021,0.555758,39.2497,10.6444,49.6154,0.180326,0.312014,0.816039,0.305351,0.979209,0.319537,0.058239
148,768.304,1,6.38903,0.315563,0.551909,39.0638,10.6135,49.6684,0.180363,0.310896,0.802687,0.312563,0.976241,0.318657,0.0586294
149,768.618,1,6.48231,0.346364,0.536251,39.4375,10.3252,49.9554,0.182524,0.317051,0.782362,0.310305,0.975039,0.321646,0.0581212
150,770.197,1,6.34349,0.306783,0.556374,38.6671,10.6603,49.267,0.18642,0.31354,0.803872,0.304565,0.973477,0.327704,0.0569794
151,770.011,1,6.27658,0.304702,0.577692,39.1831,10.9429,50.2583,0.189881,0.315049,0.809598,0.298886,0.973954,0.324637,0.057441
152,769.235,1,6.39362,0.309622,0.553787,39.0028,10.8481,50.4796,0.18739,0.307337,0.807563,0.291318,0.972229,0.326429,0.0574072
153,775.475,1,6.33379,0.292951,0.566842,38.963,11.2268,49.956,0.182645,0.299555,0.84955,0.283942,0.965297,0.324235,0.0596688
154,779.169,1,6.3332,0.297516,0.566607,38.6111,11.2011,50.057,0.18373,0.291971,0.850901,0.276752,0.966797,0.325845,0.0605009
155,782.02,1,6.43687,0.311255,0.542086,38.6057,11.1143,50.4829,0.180603,0.29704,0.85755,0.293481,0.97535,0.328026,0.0613776
156,775.242,1,6.36159,0.348552,0.557731,38.1875,11.4205,49.3822,0.179982,0.299553,0.888488,0.28939,0.977904,0.32142,0.0607105
157,777.1,1,6.45234,0.320954,0.544571,38.5853,11.0908,49.5886,0.179427,0.300526,0.865991,0.282063,0.968906,0.318382,0.0611102
158,784.882,1,6.42167,0.328045,0.55061,38.5111,11.3043,49.1357,0.179693,0.292917,0.844064,0.27588,0.963973,0.320415,0.0633641
159,775.799,1,6.43284,0.305243,0.545572,38.378,11.5152,48.6981,0.176296,0.299674,0.837379,0.269706,0.975654,0.318487,0.0623692
160,774.396,1,6.42368,0.319799,0.547222,37.5352,11.5539,47.9326,0.184145,0.301245,0.863364,0.270799,0.972622,0.32542,0.06079
161,777.002,1,6.28445,0.328671,0.5706,37.8431,11.5661,47.9746,0.187199,0.299116,0.856964,0.269205,0.970772,0.326235,0.0597743
162,776.018,1,6.45099,0.292353,0.541848,38.03,11.5311,48.4392,0.188898,0.302095,0.840198,0.263625,0.969375,0.327432,0.0592407
163,772.982,1,6.40858,0.329866,0.547363,38.3679,10.9928,49.1779,0.184115,0.29824,0.853365,0.279347,0.973792,0.320603,0.059947
164,776.997,1,6.36255,0.28706,0.553632,38.415,10.9994,48.3148,0.183018,0.293632,0.831757,0.283908,0.978257,0.32508,0.0616205
165,773.36,1,6.34468,0.304383,0.557955,38.4326,10.6715,48.5639,0.182973,0.307982,0.85,0.289791,0.980417,0.324333,0.0600882
166,777.873,1,6.24801,0.285696,0.580619,39.0384,10.5412,49.3872,0.1839,0.334301,0.828478,0.303342,0.981799,0.32275,0.0612365
167,776.444,1,6.11336,0.320807,0.59894,39.1098,10.5158,49.2395,0.185571,0.329649,0.8075,0.304269,0.984438,0.324782,0.0613012
168,772.692,1,6.32523,0.292045,0.56175,38.6159,11.0261,48.7317,0.193458,0.326996,0.787082,0.299504,0.983187,0.324795,0.059828
169,765.227,1,6.3615,0.246338,0.560291,38.3689,11.8327,48.3084,0.188559,0.320002,0.829049,0.291921,0.986719,0.323288,0.0591852
170,761.384,1,6.37648,0.258189,0.562119,38.743,11.6101,49.0453,0.184705,0.32075,0.825923,0.289657,0.984563,0.320881,0.0578752
171,768.893,1,6.34617,0.29684,0.564366,39.1785,11.3266,49.7292,0.184858,0.315484,0.805011,0.290083,0.985751,0.322788,0.0606545
172,757.51,1,6.39616,0.289197,0.552236,38.8969,11.2175,50.006,0.183553,0.313766,0.786783,0.29599,0.986987,0.324237,0.0591187
173,759.642,1,6.38611,0.307185,0.549872,39.8216,10.6458,50.6304,0.181846,0.324228,0.766861,0.315354,0.987005,0.324133,0.0578786
174,768.779,1,6.27312,0.300374,0.574588,39.997,10.335,49.9609,0.190538,0.316338,0.756188,0.307369,0.982869,0.326359,0.0588436
175,770.834,1,6.26395,0.295374,0.576547,39.1015,10.4802,49.2956,0.186094,0.308329,0.781539,0.299586,0.97775,0.326422,0.0590173
176,772.708,1,6.23958,0.297769,0.580916,39.0313,11.2033,48.898,0.189714,0.30057,0.764035,0.292,0.970215,0.327652,0.0583716
177,774.396,1,6.277,0.308768,0.574986,39.2189,11.1049,48.9889,0.191908,0.317378,0.787774,0.316753,0.980104,0.326278,0.0591964
178,767.376,1,6.30606,0.349843,0.567348,38.2836,11.0336,48.3267,0.188055,0.314448,0.815859,0.323661,0.986371,0.323178,0.0589831
179,765.118,1,6.40993,0.349221,0.550094,38.1383,11.581,48.6039,0.185952,0.310879,0.837223,0.315466,0.987312,0.321544,0.0590905
180,765.296,1,6.33061,0.310708,0.563141,37.7717,11.414,48.3123,0.192387,0.304796,0.816024,0.307478,0.987139,0.330391,0.0578795
181,760.762,1,6.39226,0.328389,0.547421,37.7039,11.5619,47.9046,0.188327,0.312848,0.822978,0.307241,0.990297,0.327596,0.0580159
182,762.779,1,6.38562,0.349343,0.547863,37.6028,11.4667,47.94,0.192147,0.309199,0.826519,0.299462,0.990375,0.32987,0.058443
183,767.476,1,6.27891,0.377833,0.570821,37.6526,12.0226,47.938,0.192195,0.309609,0.868475,0.300042,0.9913,0.327166,0.0602851
184,757.315,1,6.40975,0.353772,0.550765,37.5758,12.0506,47.7284,0.187329,0.312033,0.868745,0.304498,0.99175,0.325168,0.0587587
185,761.792,1,6.36319,0.329465,0.558669,37.999,11.904,47.9627,0.183452,0.312606,0.883662,0.303581,0.989313,0.319707,0.0590723
186,759.112,1,6.46471,0.339599,0.542221,38.3798,11.6838,48.2233,0.182551,0.310719,0.861287,0.297845,0.991659,0.324806,0.0590625
187,762.529,1,6.32503,0.363738,0.563459,38.6205,11.4854,49.057,0.187056,0.310956,0.839479,0.294283,0.990535,0.322546,0.0600131
188,769.557,1,6.30044,0.376439,0.566282,38.3915,11.8202,49.1427,0.187265,0.310682,0.81907,0.286832,0.99105,0.328906,0.0616193
189,761.325,1,6.16996,0.359406,0.589295,38.3845,11.4407,49.3395,0.183901,0.311107,0.806777,0.299373,0.990621,0.321001,0.0601847
190,755.987,1,6.21101,0.363294,0.583296,38.3804,11.6196,49.3969,0.18496,0.303229,0.827,0.291792,0.990425,0.323058,0.0586608
191,754.897,1,6.32266,0.340971,0.568181,38.2326,11.604,48.9518,0.180277,0.303098,0.834051,0.291991,0.988892,0.321437,0.0577477
192,760.212,1,6.21832,0.336155,0.57589,38.4938,11.1603,49.5551,0.187811,0.298849,0.85103,0.295862,0.988053,0.32345,0.0581601
193,754.888,1,6.26002,0.322409,0.573696,38.6129,11.3933,49.3096,0.188652,0.299033,0.860892,0.291488,0.988815,0.325131,0.0566874
194,751.878,1,6.39922,0.314053,0.548493,38.5999,10.7114,49.2348,0.186012,0.300466,0.857539,0.285176,0.990229,0.325103,0.0564944
195,749.307,1,6.24597,0.336402,0.572775,39.0642,10.6353,50.1899,0.185011,0.293194,0.835825,0.277955,0.990768,0.32813,0.0562812
196,751.719,1,6.22236,0.354213,0.579136,39.1813,10.862,50.6814,0.180448,0.28577,0.846777,0.270917,0.990212,0.324809,0.0575202
197,747.966,1,6.17595,0.31323,0.588532,39.2821,10.8475,51.006,0.183148,0.278535,0.825336,0.264058,0.992324,0.326102,0.0579894
198,746.936,1,6.25831,0.341821,0.572214,39.092,10.6765,50.8008,0.179213,0.273973,0.849627,0.261325,0.992769,0.322297,0.0586693
199,745.886,1,6.42099,0.327506,0.54449,39.5945,10.7526,51.6438,0.180533,0.280018,0.845467,0.270456,0.993881,0.324019,0.0582476
200,742.009,1,6.39253,0.358848,0.553011,39.6141,10.5237,51.6156,0.183586,0.295477,0.82518,0.281915,0.995958,0.3215,0.0585379
201,741.15,1,6.424,0.334407,0.548851,39.4482,10.8155,51.4996,0.188805,0.30596,0.804286,0.290602,0.997231,0.326342,0.0584643
202,742.873,1,6.28548,0.32895,0.568022,38.9948,10.9026,51.0205,0.185783,0.316865,0.819954,0.301083,0.996664,0.324199,0.0579283
203,751.426,1,6.34822,0.295996,0.560449,39.1859,10.9657,51.1496,0.184491,0.309484,0.799192,0.296947,0.995203,0.327108,0.0594305
204,750.214,1,6.35394,0.324767,0.55826,39.3599,10.5908,51.1475,0.18311,0.315661,0.778956,0.302536,0.99598,0.324775,0.0601491
205,736.757,1,6.35955,0.339721,0.556664,39.891,9.92398,51.7426,0.185267,0.321191,0.759233,0.303766,0.996446,0.323313,0.0586261
206,731.942,1,6.37455,0.29935,0.551862,39.7148,9.98577,51.5005,0.187034,0.318967,0.740009,0.298841,0.99752,0.32597,0.0571416
207,738.078,1,6.35747,0.315442,0.556986,40.053,10.4509,51.9605,0.184583,0.318363,0.721271,0.302004,0.99707,0.324553,0.0583968
208,732.306,1,6.30239,0.323555,0.560595,39.6987,10.3753,51.7885,0.186427,0.314185,0.719001,0.297644,0.9969,0.32527,0.0569181
209,736.802,1,6.36938,0.295474,0.556646,39.643,10.4126,52.0131,0.187439,0.30623,0.75701,0.290108,0.996627,0.324756,0.0572202
210,736.825,1,6.44861,0.313303,0.537704,39.6578,10.3839,51.9813,0.189692,0.30383,0.737842,0.292215,0.997789,0.328123,0.0584722
211,736.676,1,6.50482,0.317293,0.532394,39.4647,10.5564,51.6969,0.184889,0.315992,0.776304,0.302841,0.997884,0.321834,0.0589521
212,736.516,1,6.51996,0.315713,0.530907,39.536,10.4122,51.5849,0.185873,0.32041,0.782412,0.312098,0.998569,0.321576,0.0600863
213,747.686,1,6.63537,0.339128,0.515717,39.6779,10.2595,51.6808,0.183255,0.319876,0.762601,0.310176,0.998138,0.32236,0.0627794
214,734.854,1,6.45742,0.348346,0.536675,39.843,10.4015,51.8664,0.187486,0.311776,0.769379,0.302322,0.998382,0.329628,0.0611898
215,729.611,1,6.41233,0.331626,0.546256,40.168,10.1364,52.408,0.189673,0.321436,0.778241,0.311226,0.998614,0.32703,0.0596404
216,728.159,1,6.27087,0.318482,0.564114,40.1895,10.179,52.5292,0.190831,0.32307,0.758536,0.315666,0.999,0.324982,0.058598
217,731.4,1,6.16856,0.339651,0.584107,40.3676,10.1944,52.8491,0.191177,0.322522,0.765666,0.313286,0.99891,0.32685,0.0585712
218,733.873,1,6.15778,0.355463,0.583128,40.0611,9.90307,52.6214,0.189697,0.319219,0.793973,0.309772,0.998842,0.329353,0.0585592
219,725.759,1,6.17801,0.324029,0.583044,39.774,9.75204,52.2438,0.185838,0.318031,0.773869,0.30866,0.999,0.325418,0.0582679
220,735.16,1,6.22527,0.32138,0.574101,39.6996,9.67604,52.197,0.190478,0.312882,0.771132,0.307964,0.998672,0.331156,0.0584848
221,737.583,1,6.18839,0.314473,0.577116,39.752,10.0857,51.929,0.190848,0.320136,0.751606,0.314941,0.998437,0.32617,0.05939
222,724.674,1,6.30324,0.336956,0.563901,40.0503,10.1588,52.2889,0.190379,0.320732,0.732575,0.316318,0.998572,0.326224,0.0578862
223,727.849,1,6.21591,0.358327,0.57843,39.911,10.1543,51.9742,0.189489,0.315183,0.742936,0.316582,0.998466,0.325742,0.0566979
224,727.05,1,6.26431,0.311612,0.568971,39.8959,10.166,51.8871,0.190446,0.312885,0.729544,0.317551,0.998784,0.329438,0.056927
225,719.792,1,6.23997,0.333715,0.574786,40.5088,10.0126,52.5333,0.189106,0.312865,0.711072,0.317781,0.998978,0.330812,0.0558686
226,726.472,1,6.27664,0.351831,0.572291,40.7127,9.8363,52.9517,0.1886,0.307304,0.699925,0.313111,0.998719,0.329028,0.0573035
227,735.652,1,6.274,0.375297,0.568255,40.5957,9.58091,52.7488,0.187105,0.305237,0.705902,0.311331,0.998553,0.327389,0.0599796
228,731.854,1,6.22916,0.38904,0.578596,40.7285,9.61218,52.7755,0.184818,0.306881,0.718479,0.312516,0.999,0.322131,0.061396
229,731.355,1,6.09899,0.344356,0.593178,40.6168,9.35488,52.6237,0.186451,0.303957,0.700519,0.313591,0.998786,0.322581,0.0603639
230,728.915,1,6.20858,0.331074,0.578654,40.7108,9.1611,52.7702,0.186882,0.303608,0.704942,0.313002,0.998904,0.326931,0.0592012
231,728.859,1,6.2719,0.334421,0.570432,41.0338,9.22698,53.1105,0.18732,0.305767,0.706592,0.319093,0.998724,0.324115,0.0587739
232,722.486,1,6.24021,0.336915,0.570491,41.1477,9.08317,53.159,0.184307,0.313504,0.6887,0.323384,0.998988,0.322461,0.0582236
233,730.738,1,6.30229,0.325048,0.561047,41.0595,9.08745,53.03,0.191183,0.315968,0.703485,0.326526,0.999,0.327098,0.0595488
234,721.922,1,6.39786,0.360946,0.548143,40.8278,9.33925,52.8093,0.189102,0.320528,0.71698,0.328106,0.999,0.327157,0.058041
235,726.672,1,6.38788,0.340728,0.548677,40.5534,9.37958,52.6,0.184314,0.33167,0.700893,0.336953,0.999,0.32268,0.0591091
236,726.529,1,6.49088,0.339991,0.531498,40.7556,9.41433,52.6167,0.185239,0.335617,0.705811,0.342006,0.999,0.321742,0.0589331
237,729.366,1,6.48258,0.346821,0.530477,41.3639,9.28856,53.3833,0.186195,0.335346,0.68794,0.340825,0.999,0.321458,0.0607811
238,737.982,1,6.46484,0.331729,0.535501,41.6565,9.15993,53.746,0.186601,0.344684,0.670521,0.347893,0.998884,0.322499,0.0612108
239,730.02,1,6.42166,0.306262,0.542452,41.8568,9.18897,53.8535,0.196276,0.338997,0.67284,0.339084,0.999,0.330485,0.0596609
240,729.369,1,6.5148,0.301781,0.527727,41.9584,9.05021,53.8339,0.191306,0.339791,0.655803,0.342728,0.999,0.322835,0.0608165
241,734.558,1,6.42114,0.290526,0.550022,41.4679,9.15504,53.1407,0.191555,0.335608,0.646513,0.338489,0.998828,0.324634,0.0600688
242,729.917,1,6.50369,0.314449,0.533079,41.2691,9.23471,52.8656,0.187922,0.341683,0.635992,0.34535,0.999,0.322516,0.0597497
243,722.035,1,6.47664,0.309047,0.538494,41.4955,9.31504,52.9804,0.187644,0.340814,0.639915,0.342923,0.999,0.31975,0.0589814
244,729.253,1,6.44402,0.293045,0.543836,41.6347,9.62903,53.2389,0.187765,0.344721,0.656435,0.341764,0.999,0.322093,0.0595825
245,725.577,1,6.50737,0.311029,0.530174,41.5167,9.56981,53.1254,0.187972,0.342828,0.660442,0.345497,0.999,0.326007,0.0580739
246,725.834,1,6.50981,0.308324,0.530596,41.4518,9.33633,52.9479,0.191768,0.344136,0.64372,0.34835,0.999,0.329634,0.0569829
247,720.555,1,6.40284,0.321567,0.547342,41.3137,9.39411,52.8173,0.186912,0.345052,0.653351,0.348621,0.999,0.325341,0.0568708
248,721.127,1,6.32966,0.298937,0.561963,41.138,9.43603,52.4667,0.187676,0.343741,0.636808,0.34767,0.998832,0.32434,0.0562027
249,733.813,1,6.33823,0.31681,0.559993,41.2459,9.38878,52.5676,0.190417,0.338722,0.638163,0.341832,0.998547,0.32179,0.0594249
250,738.375,1,6.44794,0.329103,0.540726,41.1362,9.43515,52.4828,0.191651,0.341151,0.633549,0.34452,0.997938,0.326777,0.0582956
251,741.417,1,6.30135,0.303772,0.572699,41.3272,10.0675,52.7034,0.193727,0.33794,0.617508,0.337331,0.997471,0.327266,0.0586851
252,736.866,1,6.4043,0.291026,0.548634,40.8143,9.83102,52.0766,0.190139,0.336918,0.614471,0.332037,0.996969,0.326401,0.0571992
253,738.606,1,6.48017,0.278579,0.539851,40.9576,9.64543,52.4113,0.189829,0.335666,0.615124,0.333964,0.997622,0.324508,0.0589055
254,739.581,1,6.44282,0.283339,0.544699,41.07,9.81129,52.36,0.190233,0.3372,0.599548,0.331726,0.998003,0.324778,0.0602317
255,742.236,1,6.27225,0.312647,0.571884,41.2373,9.49175,52.4446,0.188345,0.339475,0.63504,0.33394,0.998236,0.324536,0.06103
256,738.083,1,6.22088,0.29091,0.581972,41.0977,9.63819,52.3108,0.186501,0.340056,0.632817,0.329932,0.998195,0.326509,0.0594847
257,743.552,1,6.0985,0.30955,0.601801,40.9334,9.47942,52.4844,0.191173,0.341714,0.658255,0.329604,0.997567,0.329027,0.0588268
258,744.439,1,6.25485,0.287494,0.572525,40.6998,10.0058,52.17,0.186494,0.348441,0.684629,0.332833,0.997106,0.327402,0.058273
259,752.122,1,6.27786,0.311386,0.570211,40.8372,10.1316,52.0403,0.182309,0.344084,0.667294,0.325863,0.995645,0.322874,0.0606911
260,751.601,1,6.4269,0.310553,0.549521,40.7666,9.91416,51.875,0.178292,0.347581,0.650397,0.329129,0.996896,0.319104,0.0627874
261,750.414,1,6.31102,0.341009,0.570738,40.7775,10.0367,51.912,0.181859,0.346751,0.648331,0.326934,0.996607,0.318769,0.0619507
262,752.537,1,6.11625,0.352225,0.59925,40.7822,10.0541,52.0425,0.18169,0.3422,0.727605,0.324765,0.996331,0.320725,0.0610566
263,750.734,1,6.29764,0.312045,0.573234,40.7139,10.0022,52.055,0.178385,0.338051,0.740517,0.324689,0.996406,0.323279,0.0602145
264,745.809,1,6.3622,0.340572,0.563477,40.8067,10.1037,52.1739,0.182231,0.331258,0.737205,0.322204,0.996725,0.32402,0.0590477
265,745.538,1,6.26118,0.308854,0.570821,40.5978,9.89417,51.7717,0.180057,0.32287,0.718539,0.314046,0.997332,0.324924,0.0605267
266,747.86,1,6.28524,0.343889,0.567613,40.5361,9.57139,51.8316,0.185651,0.324764,0.715462,0.310054,0.996592,0.326893,0.0595877
267,747.295,1,6.35401,0.323853,0.55305,40.1877,9.5418,51.3626,0.18095,0.326455,0.734476,0.316141,0.996644,0.323627,0.0600281
268,744.364,1,6.28356,0.301026,0.566531,39.8535,9.66597,50.8052,0.180094,0.333465,0.715878,0.321925,0.997288,0.325309,0.0596826
269,745.314,1,6.31163,0.296014,0.562563,39.6213,10.0545,50.4648,0.175534,0.325022,0.738993,0.31923,0.997378,0.323139,0.0606003
270,742.811,1,6.2711,0.332751,0.564238,39.7735,10.1251,50.7268,0.18126,0.330282,0.738752,0.324428,0.997561,0.324211,0.0593537
271,741.602,1,6.29734,0.316117,0.568821,39.6368,10.4412,50.482,0.185069,0.32348,0.760329,0.321818,0.997663,0.323629,0.0590923
272,752.328,1,6.21947,0.295764,0.580626,39.4473,10.4832,50.4874,0.18281,0.325776,0.784689,0.317648,0.997463,0.324689,0.0617929
273,749.419,1,6.22643,0.304851,0.580847,39.6546,10.4143,50.6806,0.187124,0.331182,0.795694,0.325638,0.997748,0.325489,0.0605455
274,744.552,1,6.18788,0.348252,0.582434,39.5248,10.4246,50.5723,0.187501,0.330389,0.801366,0.320116,0.998281,0.32441,0.0604947
275,739.768,1,6.22824,0.308536,0.583847,39.5032,10.3064,50.6571,0.183294,0.33044,0.783692,0.317673,0.998533,0.32204,0.0605926
276,734.251,1,6.09378,0.343195,0.599283,39.7668,9.96353,50.844,0.185947,0.32898,0.763848,0.316998,0.998696,0.325295,0.059534
277,736.479,1,6.2796,0.322747,0.570325,39.581,10.468,50.8001,0.181239,0.33138,0.751806,0.32006,0.998555,0.319414,0.0608058
278,738.143,1,6.28504,0.288081,0.570687,39.5929,10.23,50.7436,0.180265,0.332618,0.73277,0.317583,0.99864,0.321813,0.0612824
279,733.686,1,6.44828,0.330656,0.53811,39.7541,10.2604,50.8335,0.186521,0.330878,0.73864,0.317534,0.998893,0.325324,0.0597307
280,722.481,1,6.47552,0.325813,0.535208,39.9332,9.9486,51.0388,0.184152,0.330642,0.722875,0.318331,0.998965,0.322889,0.0582183
281,729.733,1,6.44373,0.312732,0.539655,40.0476,9.73026,51.1096,0.18306,0.3284,0.738274,0.316878,0.999,0.321626,0.0598508
282,725.77,1,6.39195,0.348637,0.549316,39.7748,9.95982,50.8647,0.188754,0.330829,0.757594,0.317799,0.999,0.327019,0.0583354
283,727.514,1,6.32895,0.334064,0.554268,39.7601,10.0923,50.9107,0.188997,0.33307,0.738411,0.31563,0.999,0.327298,0.0588216
284,719.673,1,6.39365,0.302359,0.54886,39.931,10.1389,51.1592,0.186131,0.32777,0.762373,0.311552,0.999,0.325777,0.0573322
285,715.349,1,6.33082,0.337699,0.55629,39.969,9.87854,51.1297,0.189622,0.319482,0.743069,0.304605,0.999,0.328042,0.056594
286,724.376,1,6.28003,0.346005,0.567842,39.8815,10.1054,51.1098,0.19404,0.323738,0.730586,0.30636,0.999,0.331935,0.0569091
287,727.969,1,6.4007,0.336808,0.550865,39.7692,10.4784,50.8796,0.189127,0.321246,0.792841,0.306822,0.999,0.323633,0.0586956
288,726.698,1,6.4079,0.365142,0.548776,39.7735,10.394,50.9498,0.187282,0.319144,0.772766,0.306234,0.999,0.324413,0.0596503
289,734.144,1,6.40683,0.307543,0.547496,39.6681,10.6295,50.7517,0.185963,0.315645,0.783096,0.302531,0.998816,0.321771,0.06053
290,736.438,1,6.31195,0.318366,0.560465,39.8205,10.3243,50.7634,0.186566,0.316867,0.780235,0.302249,0.999,0.322375,0.0621957
291,738.601,1,6.29561,0.33836,0.567201,39.7904,10.7819,50.7568,0.189626,0.320301,0.772975,0.305162,0.999,0.326141,0.0616913
292,736.926,1,6.26408,0.360329,0.576971,40.0508,10.5312,51.1316,0.186702,0.317659,0.780297,0.302752,0.999,0.321975,0.0624057
293,735.501,1,6.15449,0.323758,0.593993,39.9969,10.4015,51.0894,0.193712,0.317053,0.779188,0.301481,0.998779,0.32566,0.0608255
294,731.702,1,6.20319,0.316036,0.583495,40.126,10.3999,51.3402,0.191973,0.319104,0.800514,0.302821,0.999,0.324702,0.0598547
295,730.16,1,6.33445,0.358305,0.560077,40.198,10.3347,51.4921,0.190433,0.318742,0.780244,0.304165,0.998979,0.321051,0.0599652
296,727.969,1,6.23276,0.333063,0.571887,40.0353,10.1003,51.2553,0.188626,0.313497,0.760488,0.299121,0.999,0.325381,0.0603593
297,727.482,1,6.45103,0.336685,0.541583,40.0612,9.86448,51.5328,0.18385,0.319266,0.741232,0.303891,0.999,0.322861,0.0602261
298,729.229,1,6.36739,0.338718,0.555048,39.9373,10.0795,51.5052,0.190084,0.312608,0.755463,0.296196,0.998711,0.324963,0.0587011
299,726.001,1,6.28896,0.354821,0.568799,39.9468,10.1155,51.5023,0.186614,0.314291,0.746683,0.298091,0.998969,0.32231,0.0590463
300,723.943,1,6.34298,0.380123,0.562452,39.6659,10.7596,51.2898,0.186121,0.309752,0.784847,0.294731,0.999,0.325367,0.0585146
301,734.095,1,6.24247,0.348811,0.575879,39.4207,10.7313,51.1229,0.188336,0.305654,0.779489,0.291967,0.998817,0.321767,0.0610487
302,726.736,1,6.32333,0.352592,0.56891,39.3563,10.9123,51.0439,0.183568,0.304832,0.775419,0.292531,0.998976,0.317623,0.060431
303,726.938,1,6.17616,0.37119,0.583889,39.1435,10.7779,50.8284,0.191185,0.306299,0.785026,0.289824,0.998528,0.327783,0.0589009
304,735.952,1,6.24151,0.373254,0.57527,39.5375,10.9149,51.3262,0.19288,0.304741,0.769473,0.28977,0.997959,0.327843,0.0581384
305,732.096,1,6.36344,0.365963,0.560295,39.5575,10.9727,51.4073,0.187996,0.303046,0.798834,0.294239,0.998247,0.321366,0.0586359
306,731.754,1,6.35866,0.354854,0.560495,39.692,10.4601,51.7042,0.18548,0.300246,0.778607,0.292795,0.998286,0.321619,0.0590241
307,727.146,1,6.24101,0.361934,0.577346,39.8643,10.3435,52.0237,0.190239,0.301486,0.789852,0.296401,0.999,0.325343,0.0588187
308,733.158,1,6.23744,0.351955,0.578209,39.6536,10.388,51.6272,0.189631,0.301385,0.807359,0.294543,0.998986,0.323733,0.0607386
309,724.789,1,6.26039,0.358719,0.571403,39.4833,10.9424,51.4551,0.192603,0.299189,0.817558,0.292981,0.999,0.329903,0.0592007
310,727.536,1,6.30358,0.360229,0.569622,39.3544,10.4736,51.4133,0.191135,0.296506,0.812579,0.292461,0.999,0.326395,0.0598247
311,732.48,1,6.12552,0.337359,0.591602,39.4337,10.2388,51.9064,0.188805,0.301364,0.800536,0.297259,0.998823,0.328,0.0591247
312,732.098,1,6.26915,0.359234,0.565236,39.3035,10.0206,51.7157,0.184024,0.295478,0.805942,0.293518,0.998845,0.326268,0.0598765
313,731.268,1,6.30277,0.343675,0.562307,39.3113,10.9374,51.861,0.184948,0.296057,0.85751,0.293783,0.999,0.325249,0.060299
314,731.717,1,6.23179,0.347398,0.575433,39.2236,10.5103,51.7329,0.180265,0.295149,0.835798,0.292363,0.999,0.323591,0.0624229
315,738.839,1,6.21282,0.386153,0.583192,39.1957,10.7169,51.6896,0.187752,0.299408,0.834343,0.297581,0.999,0.326952,0.0626708
316,753.811,1,6.17195,0.308104,0.590083,39.3654,10.6593,51.9027,0.182998,0.29541,0.837807,0.293547,0.998499,0.319212,0.0668766
317,744.437,1,6.23234,0.302004,0.577806,39.2942,10.4762,51.6954,0.179793,0.29425,0.816594,0.294424,0.998462,0.320197,0.0651832
318,745.777,1,6.22356,0.316008,0.575999,39.4038,10.369,51.8779,0.184418,0.294922,0.795917,0.293975,0.998143,0.325404,0.0635327
319,739.642,1,6.32985,0.334887,0.55745,39.5924,10.0036,52.0621,0.182863,0.295968,0.775764,0.295205,0.998181,0.324142,0.0619241
320,745.342,1,6.31827,0.327867,0.561105,39.5385,10.0334,51.9122,0.182589,0.294107,0.771924,0.290014,0.998376,0.32514,0.0633866
321,737.903,1,6.31871,0.315662,0.564062,39.4367,10.2133,51.8376,0.181484,0.286691,0.765894,0.28267,0.998752,0.32057,0.0635429
322,740.343,1,6.48142,0.351005,0.541492,39.471,10.6128,51.7797,0.181377,0.28304,0.817753,0.277682,0.99859,0.320847,0.063517
323,737.665,1,6.21937,0.336198,0.586376,39.4954,10.8428,51.7831,0.19048,0.28235,0.819667,0.279432,0.998842,0.321963,0.0628138
324,741.578,1,6.18771,0.353968,0.586565,39.4939,10.458,51.8268,0.188457,0.283335,0.807006,0.282067,0.998861,0.320015,0.0647
325,744.789,1,6.34103,0.331501,0.561879,39.0677,11.0222,51.2742,0.183685,0.287475,0.824859,0.285097,0.998861,0.323175,0.0650652
326,737.121,1,6.50322,0.349975,0.535021,38.9894,10.605,51.0633,0.179034,0.287168,0.87198,0.2858,0.999,0.320455,0.064961
327,734.317,1,6.37022,0.357054,0.555867,39.1524,10.5861,51.2835,0.183642,0.292594,0.849901,0.290199,0.999,0.321969,0.0633162
328,736.218,1,6.25499,0.317795,0.572945,39.1489,10.8738,51.3484,0.186961,0.295472,0.834021,0.29279,0.998978,0.323697,0.0617538
329,730.989,1,6.22183,0.348071,0.575582,39.3936,10.0646,51.5081,0.182227,0.296772,0.812904,0.297074,0.999,0.321483,0.0617503
330,733.028,1,6.26391,0.345842,0.565426,39.433,10.2109,51.4916,0.186375,0.297775,0.79232,0.300864,0.999,0.32592,0.0614739
331,734.29,1,6.32616,0.306541,0.560832,39.4341,10.6295,51.2812,0.186192,0.297959,0.772846,0.300259,0.999,0.327679,0.0609234
332,738.23,1,6.30656,0.324266,0.567602,39.4688,10.8123,51.1744,0.187108,0.301327,0.813133,0.303301,0.998753,0.320982,0.0617501
333,733.45,1,6.1887,0.321668,0.579725,39.6467,10.3787,51.5584,0.18905,0.300379,0.792544,0.301739,0.998535,0.320564,0.0601865
334,731.22,1,6.34131,0.320054,0.558289,39.9385,10.3581,52.2057,0.189198,0.30299,0.777722,0.306138,0.999,0.320916,0.0610017
335,736.664,1,6.41201,0.33183,0.545792,39.9242,10.3705,52.259,0.189385,0.306125,0.786107,0.307927,0.999,0.323156,0.0622614
336,735.788,1,6.40708,0.365466,0.542506,39.6695,10.788,51.8351,0.190114,0.303617,0.868582,0.308482,0.998861,0.322387,0.0606849
337,732.46,1,6.35375,0.352159,0.555612,39.8368,10.8329,52.1096,0.186957,0.305777,0.846589,0.30935,0.998718,0.321503,0.0591483
338,732.977,1,6.3433,0.336394,0.56213,39.924,10.856,52.0552,0.190951,0.312354,0.825153,0.3196,0.998918,0.320435,0.0600781
339,734.504,1,6.20399,0.34156,0.582582,39.7898,10.5384,51.845,0.189129,0.310877,0.85159,0.318181,0.998793,0.320278,0.059645
340,732.877,1,6.14298,0.32166,0.592639,39.6951,10.5224,51.6635,0.187628,0.304637,0.830027,0.310124,0.998781,0.322798,0.0596494
341,733.995,1,6.24336,0.274074,0.579323,39.5562,10.6876,51.598,0.186149,0.300036,0.809011,0.306882,0.998891,0.324069,0.0606767
342,734.897,1,6.1994,0.336817,0.587867,39.6823,10.7286,51.7388,0.186827,0.297835,0.788526,0.306476,0.998916,0.321444,0.0615719
343,735.85,1,6.21253,0.315247,0.584686,39.742,10.4463,51.8241,0.185378,0.294869,0.77264,0.304727,0.999,0.321671,0.0627491
344,734.925,1,6.23226,0.35279,0.582649,39.7063,10.9637,51.6071,0.190453,0.28863,0.835529,0.300019,0.999,0.323165,0.0624169
345,745.38,1,6.20867,0.303688,0.586309,39.8806,11.5598,51.9504,0.187576,0.29212,0.814373,0.301579,0.998909,0.320059,0.0652922
346,729.64,1,6.18883,0.311217,0.587207,39.5771,11.0272,51.607,0.190706,0.291102,0.804687,0.297554,0.999,0.322713,0.063639
347,733.711,1,6.26933,0.327604,0.577963,39.568,10.9864,51.4719,0.187851,0.292176,0.784312,0.29989,0.999,0.32212,0.0621275
348,727.791,1,6.27128,0.323912,0.575578,39.2852,11.5863,51.0589,0.191972,0.290891,0.822987,0.299025,0.999,0.321411,0.0610653
349,723.807,1,6.29148,0.317194,0.575913,39.6067,11.312,51.4656,0.189186,0.302559,0.828975,0.309959,0.999,0.322761,0.0595191
350,735.203,1,6.26985,0.303284,0.578334,39.6708,11.5802,51.7358,0.188364,0.300768,0.848661,0.31225,0.998782,0.321621,0.0600943
351,741.634,1,6.25741,0.334756,0.573084,39.7441,10.8914,51.779,0.187383,0.30051,0.833696,0.314316,0.998125,0.322461,0.0602126
352,738.366,1,6.2893,0.317275,0.564387,39.9679,10.3895,52.1819,0.19123,0.29953,0.812586,0.307756,0.998181,0.323873,0.0599958
353,747.827,2,6.35496,0.310686,0.556601,40.1026,10.4273,52.5655,0.19533,0.30427,0.792011,0.309776,0.997731,0.328047,0.0606182
354,752.159,2,6.39335,0.306368,0.551585,40.2556,10.1516,52.7959,0.19513,0.307295,0.775028,0.312346,0.997568,0.328547,0.0614023
355,749.594,2,6.344,0.306371,0.560727,40.3745,9.76249,52.8712,0.185788,0.309335,0.75831,0.315998,0.997199,0.322874,0.061491
356,743.67,2,6.45939,0.262291,0.541209,40.5086,9.84039,52.9099,0.18714,0.304362,0.760136,0.311023,0.99822,0.327267,0.0610438
357,733.44,2,6.36221,0.309989,0.554841,40.3587,10.0953,52.556,0.190739,0.307489,0.722761,0.316007,0.998406,0.324659,0.0589608
358,738.368,2,6.40152,0.30858,0.550516,40.315,10.2639,52.4977,0.189999,0.312997,0.701226,0.319111,0.997998,0.323757,0.059482
359,737.593,2,6.34116,0.323203,0.561032,40.4345,10.1867,52.645,0.187087,0.318229,0.712649,0.326958,0.998149,0.32209,0.0596402
360,742.754,2,6.42027,0.303758,0.552836,40.4144,10.3847,52.6131,0.184433,0.316448,0.73075,0.324042,0.998461,0.319313,0.0624461
361,742.729,2,6.51044,0.280606,0.540084,40.5883,10.437,52.9498,0.186287,0.321686,0.733948,0.326534,0.99855,0.320682,0.0622766
362,741.776,2,6.42163,0.289943,0.555731,40.6567,10.5638,53.0401,0.191876,0.322858,0.722801,0.327741,0.998674,0.324513,0.0615238
363,741.807,2,6.35049,0.287309,0.565703,40.5568,10.4534,52.9628,0.189651,0.317529,0.722145,0.32514,0.998655,0.325022,0.0616842
364,736.143,2,6.27626,0.330225,0.574279,40.2854,10.2062,52.588,0.195799,0.308974,0.74897,0.31622,0.99836,0.324824,0.0594445
365,738.764,2,6.3194,0.35575,0.567672,40.3535,10.4447,52.733,0.195945,0.308367,0.751167,0.316283,0.998339,0.325476,0.0594469
366,732.814,2,6.35996,0.352602,0.561541,40.3915,10.4843,52.7827,0.192581,0.306012,0.77092,0.3138,0.998431,0.323859,0.0588998
367,734.22,2,6.44971,0.350795,0.546775,40.1922,10.5145,52.6494,0.192005,0.307515,0.803646,0.314384,0.998344,0.323339,0.0582849
368,732.456,2,6.49985,0.340887,0.537109,40.1577,10.3574,52.5878,0.191093,0.309789,0.780739,0.316045,0.99845,0.324024,0.0582643
369,725.448,2,6.44006,0.320805,0.542394,40.1813,10.0596,52.5011,0.192884,0.313895,0.812532,0.320303,0.998797,0.325232,0.0572072
370,729.17,2,6.38665,0.322856,0.548971,40.3114,9.89651,52.6284,0.193194,0.314906,0.797613,0.322494,0.998691,0.325895,0.0568306
371,727.503,2,6.3661,0.326487,0.549727,40.1973,9.92569,52.4406,0.193915,0.314293,0.792217,0.321766,0.998695,0.327448,0.0563825
372,728.26,2,6.33388,0.316262,0.55492,39.9037,10.0671,52.0872,0.189004,0.312324,0.798509,0.320212,0.998793,0.327278,0.0569785
373,721.611,2,6.33433,0.312052,0.557623,39.6243,10.2565,51.6482,0.186972,0.310447,0.809495,0.318669,0.998802,0.32615,0.0563681
374,726.059,2,6.2993,0.315175,0.564767,39.4313,10.4466,51.422,0.187816,0.312239,0.832774,0.320058,0.9989,0.326311,0.0564465
375,723.268,2,6.2706,0.316155,0.570029,39.3434,10.3534,51.2551,0.186231,0.309618,0.828386,0.318617,0.998965,0.32538,0.056819
376,729.621,2,6.23478,0.317506,0.57477,39.2478,10.2923,51.1642,0.190238,0.308392,0.832364,0.317797,0.998958,0.327889,0.0567544
377,724.902,2,6.23545,0.316901,0.573453,39.3057,10.2665,51.2664,0.191387,0.309011,0.818447,0.317556,0.999,0.328595,0.0567625
378,719.505,2,6.23573,0.322433,0.574024,39.3299,10.2636,51.2467,0.189856,0.30867,0.803086,0.317826,0.998941,0.327912,0.056162
379,720.725,2,6.20344,0.328761,0.578529,39.367,10.2312,51.2516,0.18879,0.307401,0.796531,0.315135,0.998919,0.328021,0.056003
380,719.832,2,6.22933,0.324689,0.573735,39.3387,10.2281,51.2088,0.187861,0.307188,0.798207,0.314019,0.998965,0.328211,0.0559467
381,716.699,2,6.24473,0.325048,0.572936,39.3174,10.3442,51.2235,0.187527,0.306105,0.788338,0.312913,0.998957,0.327343,0.0557905
382,728.738,2,6.26502,0.324922,0.570206,39.3625,10.3822,51.2834,0.188169,0.303484,0.786174,0.310136,0.998865,0.327451,0.0562211
383,726.998,2,6.2645,0.323858,0.570247,39.3953,10.4496,51.2976,0.188089,0.301694,0.791572,0.308817,0.998883,0.326736,0.0567691
384,723.7,2,6.29554,0.32142,0.565907,39.4081,10.4883,51.3076,0.187515,0.302707,0.773257,0.309498,0.99888,0.325581,0.0571287
385,727.888,2,6.30876,0.324074,0.564352,39.5027,10.5417,51.4117,0.188188,0.30413,0.758495,0.310823,0.998861,0.325768,0.0573561
386,731.967,2,6.32117,0.321139,0.563377,39.5792,10.5671,51.4856,0.187767,0.30578,0.748421,0.311901,0.998806,0.324865,0.0578469
387,728.666,2,6.30124,0.314687,0.566163,39.5541,10.6174,51.4584,0.187507,0.305287,0.745343,0.311129,0.99875,0.325204,0.0578155
388,727.889,2,6.29461,0.31011,0.567652,39.4903,10.6357,51.3952,0.186823,0.304656,0.742483,0.310353,0.998735,0.324856,0.05799
389,718.238,2,6.27112,0.308209,0.571771,39.3948,10.6751,51.277,0.186518,0.303749,0.745423,0.309427,0.99878,0.324185,0.0578341
390,725.177,2,6.27136,0.308652,0.57158,39.344,10.7354,51.2048,0.186765,0.303649,0.750716,0.309149,0.998841,0.324538,0.0579156
391,721.694,2,6.26632,0.311,0.572941,39.3349,10.795,51.194,0.18764,0.30348,0.76219,0.308846,0.998914,0.324623,0.0578564
392,730.905,2,6.25855,0.313566,0.574892,39.3306,10.8145,51.1951,0.187949,0.303359,0.768519,0.30905,0.998918,0.324798,0.0580173
393,731.442,2,6.27175,0.315968,0.573683,39.3477,10.8288,51.2047,0.187506,0.303309,0.771872,0.30864,0.998927,0.324213,0.0583889
394,728.78,2,6.27015,0.319282,0.574491,39.3495,10.8512,51.2019,0.187754,0.302064,0.774108,0.307569,0.998909,0.324515,0.05838
395,735.319,2,6.27168,0.315767,0.574759,39.3494,10.8869,51.2178,0.187546,0.300952,0.776775,0.306454,0.998872,0.324593,0.0585735
396,725.469,2,6.25838,0.316468,0.576993,39.3574,10.8657,51.238,0.187275,0.298511,0.7845,0.304167,0.998884,0.324467,0.0586255
397,729.889,2,6.26148,0.318367,0.575679,39.3708,10.8274,51.257,0.18658,0.296873,0.787686,0.302516,0.998852,0.324471,0.0586686
398,734.743,2,6.26708,0.322344,0.574409,39.4323,10.7862,51.3527,0.186352,0.29569,0.792776,0.301561,0.998831,0.324646,0.0587816
399,726.024,2,6.2674,0.325788,0.574399,39.4924,10.763,51.4395,0.185859,0.295027,0.795413,0.300915,0.998856,0.324458,0.0588735
400,728.172,2,6.26565,0.328992,0.574316,39.5401,10.7044,51.4923,0.186024,0.294458,0.796259,0.300088,0.998835,0.324778,0.0587578
401,725.339,2,6.27193,0.327241,0.57308,39.574,10.6821,51.5297,0.186158,0.294235,0.798496,0.299972,0.998842,0.325197,0.058616
402,727.388,2,6.28822,0.326692,0.570368,39.5742,10.6925,51.5417,0.185961,0.293553,0.797802,0.299539,0.99882,0.325165,0.0585783
403,725.951,2,6.29638,0.327264,0.569107,39.5644,10.7192,51.5348,0.185782,0.293209,0.798326,0.299061,0.998833,0.324949,0.0586448
404,726.026,2,6.29821,0.327341,0.56883,39.5553,10.7299,51.5253,0.185871,0.293072,0.79908,0.298909,0.998831,0.325014,0.0586109
405,724.072,2,6.30014,0.326908,0.568483,39.5487,10.7333,51.5161,0.185917,0.292907,0.799249,0.298755,0.998834,0.325019,0.0586066
406,729.246,2,6.29925,0.326336,0.568518,39.5398,10.7346,51.5075,0.185957,0.292793,0.799555,0.298697,0.998827,0.325062,0.0585805
407,723.168,2,6.29978,0.326106,0.568328,39.5278,10.7445,51.4912,0.185977,0.292897,0.799178,0.298792,0.998827,0.32511,0.058542
408,718.875,2,6.29826,0.325565,0.568532,39.52,10.7427,51.4819,0.185954,0.292951,0.798124,0.298841,0.99883,0.32513,0.0585093
409,725.561,2,6.29741,0.325592,0.568668,39.5116,10.7398,51.471,0.185941,0.292987,0.797574,0.298899,0.998831,0.325118,0.0585092
410,726.312,2,6.29625,0.325847,0.568859,39.5039,10.7388,51.4579,0.185935,0.292971,0.796735,0.298879,0.998834,0.325104,0.0585239
411,721.933,2,6.29775,0.32592,0.568689,39.4968,10.7423,51.4497,0.185934,0.293,0.796107,0.298848,0.998835,0.325024,0.05852
412,729.681,2,6.29842,0.326705,0.56862,39.4909,10.7499,51.4398,0.18597,0.292984,0.796049,0.298788,0.998834,0.324964,0.0585421
413,718.718,2,6.30033,0.326809,0.56835,39.4869,10.7536,51.4314,0.186028,0.292891,0.79521,0.29873,0.998834,0.324958,0.058506
414,722.983,2,6.2996,0.326864,0.568474,39.4811,10.7612,51.4266,0.186076,0.292863,0.794967,0.298657,0.998836,0.324918,0.0585033
415,723.732,2,6.29925,0.326931,0.568464,39.4776,10.7639,51.4217,0.186123,0.292808,0.795177,0.298597,0.99884,0.32493,0.0584988
416,718.798,2,6.29986,0.32731,0.5683,39.4731,10.7709,51.4154,0.186149,0.292844,0.79513,0.298572,0.998843,0.324953,0.0584623
417,720.297,2,6.3014,0.328359,0.568003,39.4735,10.7803,51.4134,0.186258,0.292779,0.795699,0.298509,0.998844,0.324965,0.0584232
418,727.957,2,6.30191,0.329183,0.567933,39.4767,10.7858,51.4173,0.18635,0.292768,0.795787,0.29853,0.998842,0.324932,0.0584229
419,727.753,2,6.30288,0.329457,0.567746,39.4751,10.7909,51.4144,0.186454,0.292732,0.796146,0.298558,0.998843,0.324953,0.0584178
420,726.944,2,6.30345,0.329858,0.567594,39.474,10.7973,51.4128,0.186588,0.292683,0.796547,0.298528,0.998839,0.324976,0.0583894
421,728.42,2,6.3038,0.329979,0.567452,39.4739,10.7956,51.4131,0.186599,0.292487,0.796853,0.298346,0.998835,0.324975,0.058389
422,730.517,2,6.30303,0.329959,0.56751,39.4725,10.7944,51.4116,0.186651,0.292366,0.797212,0.298272,0.998829,0.324989,0.0583814
423,733.249,2,6.30217,0.329971,0.567607,39.4691,10.7963,51.4086,0.186668,0.292341,0.797336,0.29824,0.998829,0.325007,0.0584033
424,733.074,2,6.30196,0.329919,0.567621,39.4615,10.808,51.397,0.186771,0.292378,0.798125,0.298278,0.998826,0.32503,0.0583999
425,739.355,2,6.30181,0.329794,0.567609,39.4544,10.814,51.389,0.186802,0.292433,0.798752,0.298312,0.998822,0.325065,0.0584218
426,734.306,2,6.30274,0.329967,0.567483,39.4471,10.8214,51.3769,0.186846,0.292482,0.799644,0.298408,0.998821,0.325036,0.0584354
427,732.45,2,6.30462,0.330565,0.567101,39.4367,10.8266,51.3643,0.186887,0.292479,0.800352,0.298421,0.998822,0.325092,0.0584397
428,740.191,2,6.30698,0.33085,0.56661,39.4266,10.8309,51.3519,0.186895,0.292546,0.801507,0.298486,0.998817,0.32511,0.0584556
429,736.246,2,6.30746,0.331145,0.5664,39.4235,10.8313,51.349,0.186916,0.292568,0.802481,0.298512,0.998817,0.325132,0.0584733
430,725.838,2,6.30819,0.33109,0.566174,39.4204,10.8301,51.3452,0.186915,0.292659,0.803467,0.298629,0.998821,0.325152,0.0584595
431,732.066,2,6.31012,0.330342,0.565762,39.4157,10.8284,51.3399,0.186877,0.292767,0.80416,0.298738,0.998818,0.325194,0.0584482
432,732.461,2,6.30858,0.329594,0.565911,39.4106,10.8287,51.3345,0.186905,0.292858,0.805266,0.298806,0.998817,0.325259,0.0584316
433,725.342,2,6.30943,0.329286,0.565682,39.4092,10.8249,51.3322,0.18687,0.292919,0.806226,0.298856,0.998817,0.325227,0.0584175
434,729.086,2,6.3084,0.329387,0.565799,39.4083,10.8207,51.3305,0.186888,0.293008,0.806881,0.298985,0.998819,0.325186,0.0584197
435,723.712,2,6.30902,0.328809,0.565661,39.4059,10.8196,51.3261,0.18685,0.293107,0.80707,0.299084,0.998821,0.325115,0.0584205
436,723.706,2,6.31044,0.327985,0.565439,39.404,10.8169,51.3208,0.18682,0.293248,0.806986,0.299242,0.998822,0.325082,0.058406
437,731.898,2,6.31231,0.327868,0.565198,39.4047,10.8157,51.3208,0.18687,0.293425,0.807323,0.299426,0.99882,0.32507,0.0584007
438,724.531,2,6.31042,0.327662,0.5655,39.4063,10.8144,51.3215,0.186938,0.293537,0.8076,0.299518,0.998826,0.325114,0.0583903
439,728.003,2,6.30949,0.32718,0.5657,39.4102,10.8114,51.3272,0.186962,0.293654,0.807603,0.299665,0.998828,0.32507,0.0583999
440,730.146,2,6.30906,0.327087,0.565803,39.4131,10.811,51.3313,0.186999,0.293754,0.807701,0.299818,0.998826,0.325054,0.0583909
441,728.228,2,6.30854,0.327063,0.565898,39.4169,10.8055,51.3377,0.186964,0.293884,0.807987,0.299998,0.998826,0.325038,0.0583859
442,723.616,2,6.31023,0.326492,0.56569,39.4144,10.8043,51.3367,0.186933,0.294029,0.808666,0.300117,0.998829,0.325019,0.0583745
443,724.346,2,6.31076,0.326274,0.565579,39.4153,10.8048,51.3361,0.18694,0.294192,0.809034,0.30026,0.998831,0.325039,0.0583522
444,740.371,2,6.31146,0.326337,0.565508,39.4164,10.8013,51.3376,0.186916,0.294332,0.809362,0.300422,0.99883,0.32499,0.0583881
445,738.746,2,6.31268,0.326529,0.565355,39.4192,10.8009,51.3404,0.186974,0.294522,0.809915,0.300614,0.998831,0.325035,0.0584009
446,740.948,2,6.31396,0.326824,0.565152,39.4239,10.7965,51.3465,0.186997,0.294679,0.809939,0.300769,0.998825,0.325072,0.058406
447,730.142,2,6.31272,0.327037,0.565299,39.4278,10.7945,51.3505,0.187061,0.294764,0.810069,0.300879,0.998826,0.3251,0.0584002
448,718.992,2,6.31297,0.327261,0.565276,39.4311,10.7926,51.3558,0.18707,0.294836,0.810037,0.300952,0.99883,0.325078,0.0583855
449,726.129,2,6.3141,0.327299,0.565149,39.4382,10.7927,51.3659,0.187021,0.29495,0.810034,0.301067,0.99883,0.325045,0.0583818
450,735.998,2,6.31448,0.32696,0.565059,39.446,10.7869,51.3749,0.187007,0.295103,0.809956,0.301228,0.99883,0.325048,0.0583975
451,726.353,2,6.31537,0.32683,0.564892,39.4527,10.7838,51.3859,0.187002,0.295233,0.809898,0.301351,0.998831,0.325035,0.0583909
452,729.503,2,6.3158,0.326599,0.564832,39.4615,10.7792,51.3983,0.187045,0.295366,0.80958,0.301503,0.998832,0.325026,0.0583934
453,737.445,2,6.31642,0.326127,0.564782,39.4708,10.7789,51.4098,0.187024,0.295482,0.808914,0.301641,0.998827,0.324998,0.0584112
454,735.999,2,6.31732,0.325644,0.564652,39.4788,10.7775,51.4209,0.187034,0.295631,0.808473,0.301818,0.998829,0.324945,0.0584448
455,734.088,2,6.3178,0.325382,0.564584,39.4794,10.7798,51.4233,0.18707,0.295667,0.808241,0.301876,0.998824,0.324881,0.0584537
456,732.386,2,6.31948,0.325356,0.564341,39.485,10.774,51.4315,0.187115,0.295802,0.807916,0.302055,0.998824,0.324873,0.0584599
457,733.534,2,6.32007,0.325509,0.564236,39.4926,10.7705,51.4415,0.187154,0.295993,0.807776,0.302284,0.998825,0.324861,0.0584715
458,732.557,2,6.32167,0.325583,0.563983,39.4994,10.7656,51.4496,0.187141,0.296222,0.807608,0.302479,0.998828,0.324802,0.0584934
459,731.342,2,6.32357,0.325686,0.563693,39.5064,10.7621,51.4578,0.18713,0.296425,0.807263,0.302715,0.998829,0.324783,0.0585026
460,730.383,2,6.32504,0.325715,0.563426,39.5137,10.7573,51.4684,0.187131,0.296576,0.807246,0.302888,0.998833,0.324771,0.0585159
461,733.098,2,6.32514,0.326166,0.563399,39.5205,10.7519,51.4792,0.187121,0.296823,0.806772,0.30312,0.998833,0.324745,0.0585251
462,729.013,2,6.32455,0.326336,0.563451,39.5271,10.7475,51.4897,0.187149,0.297025,0.806225,0.303341,0.998836,0.324759,0.058525
463,735.178,2,6.32423,0.326218,0.563484,39.5366,10.7405,51.5028,0.187142,0.297313,0.805492,0.303638,0.998838,0.324715,0.0585503
464,729.098,2,6.32439,0.326228,0.563478,39.5445,10.7342,51.513,0.187128,0.297558,0.804761,0.3039,0.998839,0.324693,0.0585555
465,731.603,2,6.32562,0.326088,0.5633,39.5538,10.7264,51.5257,0.187088,0.297774,0.804222,0.304115,0.998838,0.324634,0.0585634
466,726.052,2,6.32549,0.326149,0.563308,39.5614,10.7206,51.5357,0.187039,0.297962,0.804008,0.304316,0.998841,0.324559,0.0585748
467,732.222,2,6.32422,0.325859,0.563503,39.5654,10.7155,51.5408,0.186997,0.298152,0.803402,0.304514,0.998839,0.3245,0.0585861
468,726.701,2,6.32384,0.325637,0.563576,39.5673,10.7156,51.5445,0.187005,0.29832,0.802893,0.304704,0.998839,0.324481,0.0585788
469,727.342,2,6.3233,0.325653,0.563665,39.5692,10.7163,51.5479,0.187019,0.298398,0.802401,0.304774,0.99884,0.324469,0.0585831
470,724.3,2,6.32275,0.325688,0.563794,39.5735,10.7148,51.5548,0.187024,0.298485,0.801863,0.304889,0.998843,0.324447,0.0585845
471,723.134,2,6.32248,0.325526,0.563866,39.5785,10.7113,51.56,0.187017,0.298554,0.801294,0.304987,0.998844,0.324441,0.0585751
472,723.5,2,6.32255,0.32578,0.563848,39.5823,10.7054,51.564,0.186978,0.29863,0.800746,0.30506,0.998843,0.324399,0.0585724
473,721.688,2,6.32237,0.325945,0.563856,39.5863,10.6987,51.569,0.186967,0.298679,0.799991,0.305114,0.998846,0.324392,0.0585711
474,733.1,2,6.32288,0.325918,0.563744,39.5865,10.6951,51.5688,0.186929,0.298708,0.799619,0.30512,0.998844,0.324406,0.0585772
475,730.826,2,6.32311,0.325516,0.56372,39.5885,10.6928,51.571,0.186884,0.298713,0.799548,0.305142,0.998844,0.324387,0.0585912
476,724.88,2,6.32285,0.325109,0.563757,39.5912,10.6897,51.5739,0.186836,0.298778,0.799046,0.305205,0.998848,0.324375,0.0586013
477,724.151,2,6.32294,0.324874,0.563748,39.5936,10.6886,51.5771,0.186815,0.298845,0.798562,0.305265,0.99885,0.324363,0.0586027
478,728.204,2,6.32224,0.324642,0.563895,39.596,10.6882,51.5796,0.186829,0.298959,0.797867,0.305368,0.99885,0.324384,0.0585978
479,724.807,2,6.3223,0.324411,0.563884,39.599,10.6848,51.5834,0.186852,0.299059,0.797203,0.305473,0.998853,0.324403,0.0585997
480,734.871,2,6.32182,0.323875,0.563958,39.602,10.6831,51.5859,0.18684,0.299151,0.796551,0.30556,0.998851,0.324404,0.0586098
481,726.028,2,6.32213,0.32375,0.563877,39.6063,10.6799,51.59,0.186853,0.299251,0.795868,0.305674,0.998851,0.324433,0.0585977
482,724.274,2,6.3225,0.323698,0.563794,39.6095,10.6779,51.5946,0.186862,0.29937,0.795419,0.305803,0.998853,0.324426,0.0585945
483,726.918,2,6.32404,0.323506,0.563544,39.6138,10.6733,51.6003,0.186877,0.299533,0.794855,0.305955,0.998857,0.324458,0.0585947
484,734.292,2,6.32373,0.323174,0.563595,39.6181,10.6681,51.6057,0.186867,0.299698,0.794102,0.306111,0.998858,0.324428,0.0586173
485,725.196,2,6.32388,0.323132,0.563525,39.6223,10.6651,51.6126,0.186913,0.299866,0.793404,0.306292,0.998861,0.324443,0.0586138
486,729.632,2,6.32528,0.323098,0.56329,39.6271,10.662,51.6191,0.186925,0.300025,0.792971,0.306459,0.998863,0.324454,0.0586175
487,729.311,2,6.32606,0.322952,0.563152,39.6312,10.6575,51.6251,0.186922,0.300177,0.792709,0.306649,0.998861,0.324432,0.0586108
488,723.587,2,6.3267,0.322866,0.563008,39.6353,10.6522,51.63,0.186932,0.300319,0.792427,0.306807,0.998864,0.32443,0.0586032
489,728.746,2,6.32708,0.322881,0.562914,39.6396,10.6472,51.636,0.186962,0.30047,0.792408,0.30696,0.998866,0.324439,0.0586017
490,725.733,2,6.32818,0.323023,0.562735,39.6437,10.6439,51.6413,0.186974,0.3006,0.792409,0.307083,0.99887,0.324402,0.0586102
491,734.888,2,6.32869,0.322935,0.562663,39.6474,10.6418,51.6466,0.187012,0.30074,0.792377,0.307215,0.99887,0.32441,0.0586133
492,731.173,2,6.32975,0.322982,0.562505,39.6512,10.6416,51.6518,0.186996,0.300907,0.792295,0.307374,0.998871,0.324401,0.0586192
493,732.039,2,6.33047,0.322849,0.56237,39.6522,10.6416,51.6536,0.187011,0.30108,0.79212,0.307562,0.998873,0.324408,0.0586229
494,739.939,2,6.33085,0.322569,0.562304,39.6544,10.6383,51.6572,0.187022,0.301233,0.792124,0.307727,0.998873,0.324413,0.0586376
495,725.373,2,6.33108,0.322511,0.562231,39.6571,10.6376,51.6622,0.187043,0.301363,0.791715,0.307847,0.998875,0.324418,0.0586349
496,727.681,2,6.33074,0.322463,0.562278,39.659,10.6351,51.6641,0.187046,0.301475,0.791374,0.307988,0.998877,0.324424,0.0586356
497,726.09,2,6.33107,0.322413,0.562209,39.662,10.6299,51.6685,0.187027,0.301632,0.790846,0.308161,0.998878,0.32442,0.0586327
498,722.191,2,6.33086,0.322794,0.562221,39.6646,10.6298,51.672,0.18701,0.30175,0.790532,0.308288,0.998881,0.32441,0.0586282
499,731.166,2,6.32995,0.322914,0.562338,39.6657,10.6286,51.6739,0.186999,0.301828,0.790193,0.308373,0.998883,0.3244,0.0586418
500,727.825,2,6.32928,0.323177,0.562438,39.6678,10.6273,51.6787,0.187009,0.301924,0.789965,0.308452,0.998884,0.324424,0.0586382
501,729.53,2,6.32911,0.323286,0.562455,39.6696,10.6262,51.6812,0.187027,0.301968,0.789721,0.308519,0.998883,0.324436,0.0586342
502,725.961,2,6.32861,0.323602,0.562525,39.6701,10.6256,51.6812,0.187035,0.302057,0.789506,0.308612,0.998884,0.324436,0.0586294
503,723.642,2,6.32855,0.323891,0.562527,39.6697,10.6259,51.6813,0.187041,0.30214,0.789177,0.308691,0.998886,0.32444,0.0586236
504,722.615,2,6.32851,0.323999,0.562523,39.6687,10.6227,51.68,0.187037,0.302211,0.788923,0.308768,0.998887,0.324456,0.058614
505,726.361,2,6.3286,0.324039,0.562462,39.6685,10.6222,51.6796,0.187043,0.302273,0.788769,0.308822,0.998889,0.324456,0.0586149
506,728.598,2,6.32927,0.324162,0.562305,39.6693,10.62,51.6801,0.187013,0.302294,0.788381,0.308828,0.998889,0.324435,0.0586228
507,726.504,2,6.32892,0.324438,0.562349,39.6699,10.617,51.6814,0.186989,0.302305,0.788004,0.308827,0.998889,0.32444,0.0586244
508,724.553,2,6.32868,0.324662,0.562367,39.6706,10.6157,51.6832,0.186998,0.302342,0.787675,0.308849,0.998891,0.324454,0.0586239
509,728.961,2,6.32819,0.324772,0.562415,39.6708,10.6134,51.6837,0.187,0.302315,0.787208,0.308836,0.998892,0.324442,0.0586341
510,724.971,2,6.32895,0.324962,0.562271,39.6729,10.6122,51.6862,0.187015,0.302299,0.787163,0.308821,0.998894,0.324446,0.0586352
511,723.634,2,6.32952,0.325005,0.562149,39.6747,10.6083,51.6888,0.18705,0.302283,0.78711,0.308809,0.998893,0.324469,0.0586188
512,722.969,2,6.33062,0.324986,0.561935,39.6758,10.6041,51.6903,0.187024,0.302218,0.787077,0.308737,0.998891,0.324452,0.0586107
513,733.853,2,6.33143,0.324725,0.561806,39.6753,10.6003,51.6891,0.186969,0.30218,0.786898,0.308697,0.998891,0.324439,0.0586279
514,727.194,2,6.33212,0.324697,0.561688,39.6744,10.5973,51.6881,0.186932,0.302118,0.78654,0.308654,0.998891,0.324418,0.0586379
515,732.663,2,6.33266,0.324599,0.561611,39.6751,10.596,51.6874,0.18689,0.302071,0.786486,0.308621,0.998888,0.324379,0.0586474
516,725.28,2,6.3336,0.324652,0.561481,39.6755,10.5966,51.6875,0.186879,0.302045,0.786219,0.308592,0.998889,0.324394,0.0586475
517,719.823,2,6.33434,0.32469,0.56138,39.677,10.597,51.6883,0.186854,0.30204,0.786046,0.308593,0.998891,0.324391,0.0586453
518,733.031,2,6.33486,0.324545,0.561293,39.6782,10.5963,51.6893,0.186841,0.302044,0.785803,0.308603,0.998891,0.324399,0.0586532
519,732.879,2,6.33383,0.324397,0.56143,39.6795,10.5926,51.6901,0.186817,0.302088,0.785659,0.308624,0.99889,0.324403,0.0586582
520,729.512,2,6.334,0.324322,0.561399,39.6794,10.5908,51.6901,0.186803,0.302218,0.785212,0.308748,0.99889,0.324404,0.0586581
521,724,2,6.33422,0.324346,0.561371,39.6788,10.5897,51.6891,0.186777,0.302328,0.784823,0.308847,0.998891,0.324397,0.058655
522,726.196,2,6.33389,0.324391,0.561395,39.6802,10.5894,51.6898,0.18679,0.302444,0.784376,0.308953,0.998891,0.324405,0.0586494
523,717.127,2,6.33389,0.324369,0.561408,39.6807,10.59,51.69,0.186799,0.302579,0.78376,0.30907,0.998894,0.324405,0.0586392
524,722.055,2,6.33411,0.324394,0.561375,39.681,10.5899,51.6898,0.186803,0.302707,0.783119,0.309186,0.998895,0.324425,0.0586279
525,722.97,2,6.33451,0.324195,0.561347,39.6816,10.5928,51.6902,0.186802,0.302836,0.782667,0.309309,0.998894,0.324428,0.0586132
526,732.681,2,6.33536,0.324028,0.561244,39.6817,10.5954,51.6893,0.186788,0.303009,0.782345,0.309496,0.998893,0.324425,0.0586132
527,734.495,2,6.33602,0.323884,0.561169,39.6811,10.5953,51.6884,0.186776,0.303181,0.782008,0.309674,0.998894,0.32443,0.0586209
528,728.969,2,6.33528,0.323824,0.561313,39.68,10.5971,51.6875,0.186777,0.303367,0.781557,0.309865,0.998896,0.32444,0.0586206
529,729.285,2,6.33531,0.324077,0.561308,39.6789,10.5967,51.686,0.186759,0.30354,0.781073,0.310042,0.998897,0.324448,0.0586221
530,725.701,2,6.3357,0.32421,0.561262,39.6781,10.5987,51.685,0.186737,0.303705,0.780795,0.310221,0.9989,0.324455,0.0586219
531,728.505,2,6.33547,0.324276,0.561312,39.6765,10.5984,51.6826,0.186708,0.303879,0.780451,0.310377,0.998901,0.324452,0.0586228
532,723.723,2,6.33577,0.324277,0.561266,39.6754,10.5993,51.6809,0.186693,0.304042,0.780166,0.310551,0.998903,0.324455,0.0586195
533,725.916,2,6.336,0.324319,0.561226,39.6726,10.5994,51.6772,0.186682,0.304207,0.779929,0.31071,0.998904,0.324462,0.0586123
534,728.751,2,6.33638,0.324122,0.561177,39.67,10.6005,51.6728,0.186653,0.304349,0.779756,0.310853,0.998905,0.324453,0.0586126
535,729.312,2,6.33696,0.323905,0.561053,39.6672,10.5995,51.6682,0.186632,0.304498,0.779442,0.311023,0.998907,0.324471,0.058613
536,728.489,2,6.33701,0.323622,0.561026,39.6643,10.5985,51.6649,0.186618,0.304653,0.779048,0.3112,0.998908,0.324476,0.0586125
537,725.015,2,6.33667,0.32351,0.561074,39.6615,10.5978,51.6619,0.186629,0.304827,0.778632,0.311351,0.998908,0.324499,0.0585998
538,725.347,2,6.33713,0.323512,0.560991,39.6577,10.5977,51.6565,0.186635,0.305038,0.778199,0.311558,0.998912,0.32452,0.0585994
539,733.52,2,6.33696,0.323706,0.561005,39.6533,10.5977,51.651,0.186609,0.30526,0.777775,0.311769,0.998913,0.324516,0.0586071
540,732.463,2,6.3372,0.323969,0.560955,39.6501,10.5991,51.6468,0.186577,0.305402,0.777707,0.311921,0.998915,0.324513,0.0586159
541,727.149,2,6.33727,0.32411,0.560932,39.6459,10.6003,51.6407,0.186539,0.305571,0.777526,0.312095,0.998916,0.324522,0.0586129
542,724.449,2,6.33783,0.324286,0.560856,39.6413,10.6018,51.6354,0.186499,0.305748,0.777348,0.312263,0.998918,0.324502,0.0586118
543,728.015,2,6.33787,0.324542,0.560831,39.6396,10.6023,51.6326,0.186501,0.305837,0.777271,0.312348,0.998921,0.324524,0.0586129
544,735.701,2,6.33804,0.324777,0.560781,39.6377,10.6002,51.63,0.186512,0.305915,0.777217,0.312423,0.998923,0.32453,0.0586273
545,732.142,2,6.3382,0.324995,0.560721,39.6354,10.5968,51.6265,0.186521,0.306008,0.77692,0.312502,0.998923,0.324537,0.0586308
546,728.027,2,6.33828,0.324995,0.560671,39.6326,10.5956,51.6229,0.186518,0.306097,0.776739,0.312588,0.998924,0.324555,0.0586319
547,724.913,2,6.33838,0.324947,0.560615,39.6302,10.5934,51.6191,0.186517,0.306197,0.776543,0.312668,0.998925,0.324584,0.0586225
548,727.198,2,6.33805,0.324956,0.560622,39.627,10.5897,51.6151,0.186506,0.306291,0.776347,0.312743,0.998925,0.324595,0.0586148
549,728.34,2,6.33809,0.324904,0.560584,39.6227,10.5889,51.6101,0.186483,0.306373,0.77624,0.312839,0.998925,0.324622,0.0586078
550,733.371,2,6.33759,0.324857,0.560614,39.6186,10.5872,51.6039,0.186438,0.306497,0.776187,0.312956,0.998926,0.324634,0.058612
551,733.528,2,6.33726,0.324793,0.560653,39.614,10.5876,51.5982,0.186424,0.306632,0.776068,0.313076,0.998926,0.324647,0.0586163
552,724.623,2,6.33761,0.324981,0.560567,39.6082,10.5882,51.5915,0.186401,0.306754,0.776061,0.313193,0.998927,0.324662,0.0586044
553,728.129,2,6.33795,0.325027,0.560493,39.6052,10.5893,51.5865,0.186396,0.306878,0.776119,0.31334,0.998928,0.324686,0.058597
554,732.332,2,6.33864,0.324935,0.560392,39.6018,10.5887,51.5817,0.186359,0.307024,0.776092,0.313487,0.998928,0.324677,0.058599
