rep,id,Cl,V1,Q,V2
1,1,4.51911796221317,15.4655268298727,3.02162401219092,208.553900759633
2,1,3.80940687590761,13.5810184961643,4.00795198482326,276.317429907139
3,1,4.68732215128637,13.601295560038,3.59310391080286,209.760118138344
4,1,4.32852759235453,14.2462659045313,3.18890253286241,256.685086961768
1,2,4.50362665950291,25.0040706044058,5.41369393939893,40.7180756151444
2,2,4.51865081977658,26.3345901922265,4.42013558590447,28.0588610734302
3,2,4.05272508197941,23.5712648236529,6.78364809200269,110.245979727204
4,2,4.39154025674627,26.9551759530036,6.9559682472216,77.1098903552976
1,3,2.44691404933966,16.2440255951296,5.14418790399863,43.8260457243913
2,3,2.41512460043674,17.1946647606122,5.56791244581737,44.4806752334539
3,3,2.55990237385605,16.9621739806575,4.54794385043916,30.0450130161281
4,3,2.53973110388729,16.9647584438315,7.26223648199809,46.6011352968706
1,4,4.68534754336548,13.1932222433737,3.56334443345805,168.720187472797
2,4,3.782264982357,13.4999975144653,4.09868045720117,318.702649671839
3,4,3.81811743627285,13.5974525400183,4.19955534517221,363.747780864523
4,4,3.44967972129195,12.1461815529249,3.89412301191986,373.749199405804
1,5,2.79333676767027,17.2378944323995,3.03044428317893,84.4180481298721
2,5,2.76674269196443,17.390620823104,3.009728643114,85.7231265269034
3,5,3.02124259212393,21.5360315426932,1.83270396589273,51.2628867373788
4,5,3.27841719564905,17.869869618645,4.00889315520926,71.0085154377203
1,6,4.62433166434057,23.1605035964393,2.87702368970472,259.814915708626
2,6,4.31555041762451,24.7632044710126,3.90257798889831,368.580822053629
3,6,5.19263672990231,26.292358638222,1.73972955037552,186.140683337135
4,6,3.98164009882557,24.341165031262,3.95367279507464,388.584240691114
1,7,4.74207939784389,23.3954463857804,5.37915076551846,253.699114593356
2,7,4.27886481782439,23.3531422775389,4.84558398699227,303.628890212307
3,7,3.82325743577542,23.3831771521283,7.07988030161205,364.246344364621
4,7,6.36224878764981,26.799870007107,4.86854379519885,85.7269118065703
1,8,4.18880671250753,23.7097572110756,3.21288403146049,347.642755044062
2,8,4.87625850470423,25.5156368477942,2.37640334775681,181.868218603161
3,8,3.99232116293132,24.4612243187912,3.26017582129717,422.025724528839
4,8,4.01837491929741,24.6908538037452,2.88429544913751,475.374274720208
1,9,5.96602342371149,27.9814678241135,3.28442199708573,64.3970915688728
2,9,4.3737491557703,25.4042069106855,6.22175563513442,233.942714834937
3,9,4.37502329460686,26.3059872869297,5.62130923202332,276.252591172515
4,9,5.52234884795144,23.3811531202638,3.99508751178632,104.349969250599
1,10,4.55610699430594,24.8710457024255,2.65445951053118,272.524537415349
2,10,4.66629191415546,25.7812958338291,3.05782769918886,233.707527672729
3,10,3.74402211297932,26.8233549933209,4.37271285617334,463.883957731976
4,10,4.81509649875389,22.38008296462,3.20623724960781,169.690443004773
1,11,2.3898239003303,17.0272218380509,4.32653518353487,126.909394358509
2,11,3.38562506905954,18.0610750131627,2.53033500581123,25.0659991883103
3,11,2.68701861501724,18.0324664612421,3.14797453035547,85.9300173344545
4,11,3.62252349937701,17.1839242414645,3.2924253008962,18.9308709574153
1,12,3.74063388248899,23.3170329865897,6.00161949286553,370.006151725758
2,12,5.28352500559488,21.5183473101793,4.07357015380547,163.426496438053
3,12,6.21783990471162,23.7989576373172,2.73265566294196,70.2611679545729
4,12,5.27535147336433,22.5620406253772,5.22898687142808,183.065940567411
1,13,4.80581971218696,26.5053103924088,5.89755682220964,194.55469566308
2,13,4.60248781362027,26.3116836398239,5.16092444713383,207.374014533824
3,13,4.99030601415236,24.5055984108165,6.39858629285571,173.120601354329
4,13,4.69381119520498,23.8869314012288,5.5743411733038,190.366878791557
1,14,4.20566794376558,20.8854455000503,4.18654814019236,102.858076815266
2,14,3.9461052351546,19.4288470109651,3.29136250588867,123.908407121604
3,14,3.79837444305304,19.5441329221914,2.77484990554159,136.839610036623
4,14,4.82246368544935,20.7269262482396,3.88767604785422,65.595904939819
