rep,id,Cl,V1,Q,V2
1,1,3.55449559112829,22.2077228475201,37.0500033691088,135.348041780915
2,1,3.11698681588882,49.9404701382323,2.67121629902664,1743.58182727556
3,1,3.48779866180484,100.337886565442,13.3734028553268,12.1828051125447
4,1,1.66369282699883,39.8873991188358,11.4296847412636,256.871676165244
5,1,5.27218746481105,41.2239210982335,37.1245677151191,51.8362388800138
6,1,1.57414645382441,29.3821143074212,12.5041211656342,488.647050531911
7,1,4.16310395720345,29.8670710861257,49.6416139054724,182.704765546243
8,1,1.41458300183707,75.8583937745599,5.05061235656108,729.129564718168
9,1,2.35239107441428,36.1152027134977,132.336276255958,273.633147141681
10,1,4.20720329885888,36.7747174700671,0.995948910565098,144.96068718402
1,2,13.8077890923789,55.6674666937377,32.6275465590515,39.9928023572663
2,2,13.8172337659078,32.3414317124957,24.2584110067161,65.2963180730391
3,2,13.8777286973139,53.8235267908114,14.8621690037024,249.986059907069
4,2,13.7077193610124,2.67638714886702,101.713775889362,154.53785207197
5,2,12.059262371701,58.9985481922385,9.90480107872867,355.231975123927
6,2,14.1637517090721,69.7634491497741,10.6313434394075,165.620002291824
7,2,14.4651683085355,49.5047588540808,14.750481932599,119.401021905447
8,2,8.47498873923587,67.4573521715293,7.78221206917493,1250.79927539635
9,2,13.3324250732092,34.5392385363423,130.271079446395,64.8065638970299
10,2,14.3992357191714,5.60950626217675,123.892364284992,67.0719906465716
1,3,12.3584550434963,61.4946598061706,12.094946351168,183.510067311033
2,3,8.01497436971946,61.7748714017303,24.7457913527788,638.227440836126
3,3,11.5377199772525,37.4940784624612,11.4320472556702,66.1703797187707
4,3,12.6845715083716,40.606411867758,116.764527099874,46.6919398454315
5,3,12.8528310945926,61.7946272342792,14.3346016852406,7.01599194910642
6,3,5.5730566552199,59.1815647088682,18.7635470173846,1838.86020259894
7,3,10.993016115661,72.7256615155089,26.9539753496071,337.9900457955
8,3,9.93212471015422,6.68278644809494,28.724322566488,35.2030547929287
9,3,11.8485202888427,47.5952117843137,24.4457169074042,251.667147351754
10,3,13.4564374683003,12.2814689296948,27.5120417981257,76.576152329587
1,4,9.33619205051869,44.7128000019564,3.80183407356788,133.333089826836
2,4,9.82080518563921,12.9491059100627,30.6796637940319,38.4608282539616
3,4,8.96660766990516,31.4230181682426,2.99705128168902,45.5847390152985
4,4,13.014647977839,29.4099772159919,53.2314965834109,31.7351686967782
5,4,10.8687748142186,29.0764249546706,16.1248418726161,49.7420168869068
6,4,9.22154361112746,49.2292364254719,6.70595091361375,276.547906645499
7,4,13.4077408679598,6.17010515344183,84.1452286093716,65.3113666843178
8,4,9.30525325545323,45.4464557907016,12.2891667694917,358.604517923314
9,4,10.3861850484186,37.2718685143694,8.47346459211676,26.5655016938675
10,4,10.8447050401031,18.7794747699622,21.4958850954152,26.4806390244943
1,5,6.79267688914958,41.5261893186789,12.8889841146638,256.270266487582
2,5,4.29053764604757,74.9319981966293,27.4757864526554,423.251971316326
3,5,10.5632859640549,2.72265425477073,140.786156708882,97.5028169739239
4,5,9.45464671823968,4.56059151787486,64.546463722485,143.961454673953
5,5,9.00384929212231,25.9830498861332,148.00614724351,197.620969394819
6,5,8.90759069621163,50.7763119192924,36.9066127627009,23.0346477528212
7,5,8.27192792615423,8.70176357099238,61.4880693792573,322.520904113095
8,5,9.5688370377813,53.5734673154174,108.618536582071,388.450259932985
9,5,10.4958198280695,7.58445280706346,300.723331673776,71.7026442834933
10,5,2.24725494991707,71.36072105594,9.44124733455403,1155.19437696578
1,6,13.0068936746918,53.2661725002669,159.34881200456,98.1952483638857
2,6,12.8454944356508,101.20109593896,7.97520291361015,14.7871874277996
3,6,11.8422278345687,37.0801151412793,92.1580895216177,61.5388729088899
4,6,7.26505649942585,41.8216875064359,95.2052497159353,763.447498359749
5,6,10.8210740549332,71.3160644210828,20.5866801575395,198.638449670766
6,6,9.10098505248108,57.3170694778526,25.558231302578,501.591236565427
7,6,13.7509129057695,64.945273432788,34.9881960005666,204.459491057682
8,6,12.1907833673425,6.67912587566498,485.310283816936,70.4231405627804
9,6,13.2426540149559,56.4778051461349,37.6946961400618,56.187982698301
10,6,10.7821031412948,74.6654581968459,370.654097847232,29.1430807758726
1,7,11.9485209132395,42.3669464339955,236.405266826394,12.3002428518636
2,7,11.7520787820361,4.53087177800723,571.529449028791,53.2263814554879
3,7,12.3972913457725,6.4552400113146,372.65498039654,42.0155163858954
4,7,13.0912958686214,43.0040070716553,15.5971520300461,24.2678172120739
5,7,10.6242181175143,53.7249266546026,1.13053292449782,435.930873343055
6,7,12.9472292067891,45.7222810736795,43.7153341170074,18.7804175448069
7,7,10.3939072413994,32.5707784359644,403.528185320946,22.8099490471888
8,7,11.6771268625287,30.2710299749868,301.289904730834,21.8119261791352
9,7,10.5456903312511,7.52368193719306,687.626040711231,50.7754569188004
10,7,11.5651554178909,13.5320429736212,179.483786103808,33.8372668283786
1,8,14.6754171577748,54.6975531142973,1.50511818385737,28.7601967767181
2,8,13.3229113608506,62.4824188013582,2.89790869940168,161.274987381714
3,8,13.5544979656848,24.682882433513,621.815223754894,46.225110914576
4,8,3.12579578660798,49.3259024329107,10.2637836517616,4614.71710558506
5,8,5.0204248327,49.7796325021796,16.6490020032867,1556.96348140278
6,8,13.8991920326747,41.897344640899,87.0358987489826,254.542354764395
7,8,11.8570943484428,62.3858348407935,1.8510250697019,1275.35254457787
8,8,2.15712573077214,34.2682691808689,13.6079703325436,2264.61370284727
9,8,13.1364888002211,5.27307356382267,372.04277958522,50.23009579043
10,8,16.8310774027701,71.8815321571957,18.0510226697968,183.693678785784
1,9,6.36632128387784,44.15420177272,9.39776527143476,505.367248304806
2,9,9.53616710037917,73.8455526695393,12.6043643000605,239.872336287569
3,9,9.3837915220613,57.1105783972133,13.6557745405893,227.768512224842
4,9,10.3096628094435,54.737118238379,28.2443766518411,91.2407343759725
5,9,10.1147117681366,80.5646709838224,11.5678571781199,256.445045085676
6,9,9.98930517752239,63.926767651417,33.1097804682498,223.747403967845
7,9,8.02504085065433,43.7590281003398,53.6563560673105,339.570365387184
8,9,9.10326934494511,11.7478988631567,25.451590249869,133.032631147666
9,9,10.4668176856029,36.8445201115484,20.5277226709617,135.154491678892
10,9,12.4755752310986,9.83934800394796,64.0113148240757,138.907212887172
1,10,7.07993988064511,37.0740511857666,69.37215092076,14.8088324310406
2,10,6.7943698369546,10.7134739434636,66.0503802870788,111.957125759142
3,10,6.73958182617299,38.9527224013243,4.36733430920696,86.6781318781769
4,10,7.43231422618551,62.6546214306626,3.32329786526394,16.433839548963
5,10,5.47308578082488,29.0321473746551,6.23424202892731,257.518074890712
6,10,4.45171504763131,32.9843533129229,6.14547353838624,265.967553227869
7,10,7.26120485210358,20.2725700582189,47.4599955510028,45.2252738738579
8,10,6.06987253413716,39.1205857998068,15.0934840688985,153.473812407221
9,10,7.84760251718731,49.048145574373,10.3845459290638,15.4455098299327
10,10,4.0616361343963,46.5338390667337,8.64009627691519,455.052117231312
1,11,9.61217677221959,33.3068234292977,12.9822115367858,226.440490943339
2,11,8.48309273728669,51.2351916950024,21.3670928634378,816.09721656116
3,11,13.6206362000411,60.727147760906,11.6780421736305,144.705546221537
4,11,4.07238972679276,82.8931913103117,12.9824910905285,2568.70910639535
5,11,14.6675363746658,63.4396375300391,11.7770496475441,46.0664588662749
6,11,15.5079199450202,65.7117604092586,10.9538672171469,84.5087861224602
7,11,6.40547947157632,59.8896820341645,25.0651795308035,1083.60189385791
8,11,1.67574360305218,52.0572906927487,20.4493482034751,2405.73152974403
9,11,13.7389993205776,48.4621678203523,97.4203022288731,56.572236748502
10,11,14.6459819998802,33.1652765675789,71.74224971166,58.1158993580995
1,12,5.86293192102303,71.2354718842986,15.6324546285018,372.343829394061
2,12,11.5251472486241,70.9489761258933,1.45182784228955,73.1841822291787
3,12,10.8379201098569,14.1152146473231,70.4394764791084,95.4140386523487
4,12,11.4322137811247,16.3643426303181,191.864966109104,90.3745548232629
5,12,7.94180830445588,35.8567694689558,14.5650895604937,20.3346453768201
6,12,5.37965948270395,74.2100702954787,13.6222090300052,681.083392620478
7,12,12.4878124965808,29.7137753507172,103.647565639887,170.565985489615
8,12,11.8900231278341,34.54354526867,47.6279079249731,187.89032239689
9,12,6.48266401573094,74.3942470974634,3.81336528743752,2194.17367669575
10,12,10.7526997174384,65.515827497159,50.6574907172439,64.9932533176455
1,13,12.6360866881673,38.6520550179612,52.3438471077461,191.042069197497
2,13,8.41033046073466,63.285305992592,10.596551410528,265.6905718216
3,13,4.32248973698878,63.8033584520151,18.0552033413728,1061.76279769237
4,13,10.806960450748,66.7429751853434,4.93669674099359,72.3345055699371
5,13,4.2013675070717,50.5676940388939,30.4287950397566,769.981162646573
6,13,6.72194619279642,81.8502059506418,27.4750915133468,445.17328002399
7,13,2.18732185274148,35.1858265009267,36.9049149692043,948.500160811577
8,13,7.95333213183694,65.5144065152444,2.06660223349213,5110.86375482121
9,13,0.207305387757777,57.3661775100989,26.2813117817954,1279.71863545818
10,13,8.01194346002245,30.445731831335,17.5607713404603,339.766599070962
1,14,12.7007065222225,44.357663751405,18.1690519747367,40.3678033385762
2,14,11.2517826333339,36.3095568614278,9.80298689004234,217.403116381423
3,14,14.2492924829405,61.6584110651819,16.1810179830037,194.763681472462
4,14,6.77124290208111,50.7431124662418,11.1175364604086,696.63321007021
5,14,14.5475546473992,48.5821683057248,18.6401071104857,52.1689258437106
6,14,13.5553475774654,39.347171651232,53.7303978019704,22.8355373125602
7,14,6.60584593959774,60.7717113784051,8.40667015040147,1840.18717015381
8,14,8.71579828707439,41.6763056273653,3.62283780428606,806.002789505217
9,14,12.9563687969337,12.857718665019,25.5768898723103,45.4246039073128
10,14,4.70058012385985,51.9921377245075,12.22869897099,2716.76258351144
