rep,id,Cl,V1,Q,V2
1,1,2.63032480935241,12.1729000273349,12.2944440928786,24.7197832905691
2,1,2.6375789030272,14.5014198331094,10.0202039332998,29.1611037073311
3,1,2.46295717208509,11.4907602016171,13.0617216861644,23.7170659758745
4,1,2.59981799703184,16.7228844195225,8.48597148011493,34.2052882533066
5,1,2.69282150921198,12.7307792911883,13.8949061977906,25.6592961396977
6,1,2.70106568162721,14.6569841348188,12.2411501956372,29.9090497192787
7,1,2.61072095637096,10.6714471064425,16.8188329641708,21.4771005946956
8,1,2.64378231927467,15.8372598337575,8.49889366984482,32.8893924669088
9,1,2.59471000779817,12.6026899892327,9.67328231399957,25.687395603443
10,1,2.69537763247326,14.2710411767762,9.35382007405536,29.2499257584667
1,2,6.7140855639332,14.1268589524491,18.6714744486699,28.351806647325
2,2,6.45889366481426,25.1896839893069,3.85692747010817,51.7061640050794
3,2,6.3391516751318,26.6316026506882,3.15289775954337,54.0895267858679
4,2,6.73678525480258,12.5331577995275,22.5085957492828,25.489744347747
5,2,6.70724459887514,13.6190309102295,33.3459408435816,27.6986297311802
6,2,6.33339031813425,27.8807044076698,5.37065151749843,58.783521755636
7,2,6.45984929444392,25.2630643274028,4.59776578109153,52.4094857885025
8,2,6.65285048811098,11.8567974577672,21.2018900039341,24.0065531017997
9,2,6.71815470596487,12.187521329742,25.5518614253249,24.5384798488963
10,2,6.62098594336444,26.6251311000955,4.26574988219331,54.1976850810672
1,3,6.07321750458534,23.0185018407115,6.17556868496425,47.0524262922647
2,3,6.38011869806471,24.4289226227372,6.32851494204677,50.1613137524594
3,3,6.11569489185898,23.8667042030682,5.52474680189632,48.6535182379756
4,3,5.99984969422493,22.6218379830416,5.32006180706533,46.9693876984956
5,3,6.10134882055285,21.816779106238,8.25680067214843,44.4274366850021
6,3,6.08603203997138,25.3738101411854,6.16438206841228,52.8530797339336
7,3,6.05803904521639,24.4792517372766,4.61105252735157,50.4062174118861
8,3,6.1097021253825,21.2346727074014,6.71747271867586,43.2735423187434
9,3,6.2201872452479,24.8281109606657,5.75014888549741,51.8016378969638
10,3,6.14781353297932,28.6518297080155,6.21330674403448,59.0167977588266
1,4,5.48955187358463,11.5589747466775,17.9440010556687,23.1507876456264
2,4,5.08751371327729,9.58792033228562,15.3346717862332,18.9349260119962
3,4,5.03327615145796,20.3647761165596,3.34408649767491,42.0060566827682
4,4,5.25091328827432,9.81704853789544,17.9739583851565,20.2571184272399
5,4,5.32363291084219,10.6163815254662,17.9471726880957,21.4348565413511
6,4,5.16351887121953,9.41974012370524,19.5360625172367,19.2487017055603
7,4,5.06130739682885,19.2709861239038,3.73897983131869,38.8980059444527
8,4,5.26261747616804,10.5185187699353,18.179232336274,21.6061294548986
9,4,5.47007591654458,9.99792801917651,25.7451712596285,20.0097421685098
10,4,5.2416993020944,9.58565943451731,23.2397843977073,19.4569040959038
1,5,4.43132761120132,24.632328247811,7.37390205382691,50.3223250862373
2,5,4.47778495869391,17.3881258867496,16.7361363171714,35.5832404226949
3,5,4.66843969818187,17.4436760163957,14.7585880053489,35.7656977304915
4,5,4.78638503897162,16.754647487611,14.3178515332546,34.0125794664306
5,5,4.55465666600994,12.6820761605103,28.4343212333799,25.6470754067434
6,5,4.35952394390491,23.191195904163,8.40595139165151,47.1211420515912
7,5,4.4949795941186,19.4977100036976,9.11361057461938,41.1885025595643
8,5,4.72516830335041,16.8243541026768,18.9472132387569,33.6258462430178
9,5,4.63728812345469,16.8319962986406,15.344354498478,34.5757170911832
10,5,4.71452320849352,14.0531323721705,18.1118441409568,28.3069436189603
1,6,6.11513878561901,20.7188845988204,37.5747658430958,44.0226216990012
2,6,6.03943520793348,23.3200904865932,40.4061448552472,48.2601260761348
3,6,5.91044028653252,21.5435802279622,41.2548152194915,44.0106222880547
4,6,5.81822551019617,25.3232679081014,16.5949988915078,52.9402490026474
5,6,5.9471036516053,26.1638411137326,19.9127922324524,54.016340364414
6,6,6.21410427774197,22.0864903983549,33.8888839894924,46.0323565503
7,6,5.74329621611873,33.8431218758845,12.6209251662057,70.9899161921417
8,6,6.14113816890053,23.0441145162977,30.934901626687,46.3992537521245
9,6,5.67512022120361,37.8434074702039,11.6119075807213,77.3258360398418
10,6,6.02671255228754,22.1173309765613,31.2532200227716,45.6060877573195
1,7,5.86180382983538,12.4359499805022,2.75019371298372,25.6025272456243
2,7,5.45417610891089,12.3376699171229,1.94275917145031,25.3064470526582
3,7,5.75288876302232,13.2884596627893,2.62471791574742,27.2501060528964
4,7,5.77729371552184,13.3482466313619,2.23093463701976,27.0659524063363
5,7,5.72424025827826,11.5682095391044,2.48264812063193,23.8424164483545
6,7,5.743242377945,11.9145644357372,2.53999298800071,24.4271268556971
7,7,5.76009980356207,14.1356050478335,1.96005700895296,28.697341280037
8,7,5.94558345188726,13.4438977802335,2.548439375908,27.2355968412373
9,7,5.93443483837185,13.0565818793736,2.61639885233299,27.1077328563038
10,7,5.74265363862529,11.1233359517429,2.91018048736679,22.634841248862
1,8,6.51742983065336,19.8953938320034,5.45898131434457,41.672143096707
2,8,7.02255659153246,13.0761584389785,24.7556708193311,26.4291912461532
3,8,6.68735879165282,26.1482548606761,3.65800202518084,53.8859213725373
4,8,6.78079610359253,11.5345429589884,20.0503820102494,23.7835777237807
5,8,6.50084574765573,18.8355247087428,5.24900595594069,37.5583978304317
6,8,7.1332004187507,14.006031802749,18.437363574995,28.1392278633692
7,8,6.808203403832,22.2465644448932,4.45254486199861,47.0489780683867
8,8,6.90055092095641,12.3576123109979,21.1309912430001,24.9504563378966
9,8,6.21135346532138,21.2023021754691,4.18832312511852,43.8349153476938
10,8,6.73971317166296,11.9878683719105,17.4956244212881,24.2403500437701
1,9,4.84832525560969,14.4465275773707,14.9468495732321,29.3379365262882
2,9,5.03628852956919,13.4939328511041,14.9694248327763,27.2360542995563
3,9,5.02393998448495,15.5380207632051,13.3121370658061,31.4837463654943
4,9,4.91801042970639,17.7081831214997,11.1137468339421,36.5197759975121
5,9,5.02623008342856,14.5341868323029,15.9578160478774,28.8071491306107
6,9,4.93707924771341,12.5995331430124,20.6849600368272,25.099453730475
7,9,5.07588892645376,15.3505235862875,17.7503031034224,31.3469390872774
8,9,5.06475069752005,19.9555948616602,11.647552034774,41.3546488246024
9,9,5.04869836119086,17.0389285407523,12.993842120752,35.6602445563626
10,9,4.88213444340163,20.7081809575104,9.87712619888738,42.7676702036478
1,10,3.26980483593665,16.5573893833276,2.92281735754555,33.8688851766555
2,10,3.33185623617165,18.5967209407945,3.11505427206237,38.3366277332942
3,10,3.35983706505069,18.5936891713249,3.17616391319526,37.9746565836498
4,10,3.26102938012161,17.5248609289109,3.72575591272741,35.7150586495753
5,10,3.26921895651933,16.9314263236755,2.50104048201439,34.3660488300703
6,10,3.393309367326,16.8290982613286,3.99071708596114,34.74836211777
7,10,3.29000756523179,19.4131909702677,2.59556806152229,39.2057439761352
8,10,3.41616689874801,17.3234301099019,3.80471269719229,35.9817178040757
9,10,3.34177225105127,19.1932202041944,2.54084303482757,39.9849617449479
10,10,3.43600695123423,18.2320133263902,2.79843612354733,37.1349949759232
1,11,6.28323227059909,25.0326839280498,5.22143679060154,51.912702581526
2,11,6.58915124341615,15.2373520803699,19.6522824821584,31.0513499251947
3,11,6.00129115753668,25.2264724932959,3.98279469794973,51.8716971251315
4,11,6.14288641384096,23.1354803822492,5.45233524147074,47.2210399758345
5,11,6.04892197113746,24.9564356474348,4.3409616287256,51.3042102231289
6,11,6.45461988734096,14.062952983282,23.4181880566027,27.9664599605079
7,11,6.96076043131722,15.2902544263559,18.6082194742357,31.6368023185445
8,11,6.17254948745478,24.7138713238956,4.14646027792882,50.0364757453537
9,11,6.29253757119593,25.1115353667309,5.36487562702132,51.569387966959
10,11,6.55320955133885,14.5762931999417,22.5368153033835,29.5497989797378
1,12,5.06247414304229,17.1463588339497,17.9229391190299,34.5837133883322
2,12,4.91829977926302,15.7706068409832,20.7270053058646,32.6783660626109
3,12,4.93647562704245,16.4991666925281,21.5879016161851,34.4302235148409
4,12,5.02927025480826,17.6579585102677,20.5599469736593,36.8020595551919
5,12,4.96627982669296,15.2030459335657,20.7756699026495,30.8039719764208
6,12,5.01899536651113,17.5485149885276,16.5994259131186,36.0364637283048
7,12,4.91880254211446,27.5819289687488,6.86377234784488,57.0077343217319
8,12,5.18237860638169,17.2753759164102,16.4770268382471,34.9012309472368
9,12,4.76104882778415,19.5325137218901,12.3969649379127,39.4767173740019
10,12,5.19472343890733,17.016366761412,17.9406040203794,35.1285934746686
1,13,5.72260743066708,14.819192160228,22.1813240373082,30.8706533389975
2,13,5.25119706399997,25.3512470299804,5.28896286943986,50.80035675622
3,13,5.37152275012304,11.765124528352,24.5732014868757,23.6841306646145
4,13,5.29978537970924,13.7929880487518,24.9899359187188,28.3432077192856
5,13,5.33457742190964,13.7674906417158,21.9549594636514,28.6445801754862
6,13,5.24381851944751,25.863965965269,4.78154020015203,53.2544137952918
7,13,5.13608957560566,11.5767538488296,35.7826813232772,23.7978103847073
8,13,5.37867422076163,13.116788846698,19.3360854327421,26.6188725256727
9,13,5.49565991376846,14.1977234964965,20.4614865687046,28.8490435500449
10,13,5.31799254465414,25.0094154652771,6.405936162922,51.5274235812492
1,14,5.94593390088921,23.4461202757845,2.2872212829162,48.1157490572198
2,14,6.3944929915344,10.1288266228383,36.9615113289126,20.4162794805578
3,14,5.91524893390613,9.1771716454931,66.2934715665998,18.220572236605
4,14,6.4076596820747,10.4271280976562,77.0732856055631,21.0112394119938
5,14,5.82871781966399,25.7468036186113,1.90708875162831,53.4424670486839
6,14,6.30334892708518,10.33204260878,36.8689647481295,20.4508321890467
7,14,6.02004065375714,9.00255505999798,59.7473498589865,18.1561499686467
8,14,6.50279362023712,9.82805396171382,51.0814553839107,20.4007509316543
9,14,5.95890087942273,24.9318163379234,2.50920761300213,51.5751038473777
10,14,6.17612330084457,10.1074985237947,31.9175335571936,20.4914562346716
