rep,id,Cl,V1,Q,V2
1,1,0.948513147998153,82.4389162347597,19.4736657075169,484.506825386502
2,1,5.30344265457889,32.0383817710268,5.49562726011464,38.2520763387605
3,1,2.74502677166612,38.9151725312026,3.29840776304892,1637.00496928554
4,1,1.24579610132177,41.8961403677381,31.8095191834675,312.680749119642
5,1,5.1560200175537,41.497016197091,4.25989764797809,29.7157448950828
6,1,2.53453090721742,12.1722443440247,7.6960921833231,300.631922458652
7,1,3.09180056015878,25.6746561612118,16.6405034679564,252.162313273554
8,1,4.55798288457221,7.50653994506189,38.2319939165193,90.5488686348191
9,1,1.48075978681242,120.196079649536,6.06493378767289,344.526495771928
10,1,5.18564763875465,32.3644727494648,2.12953230106715,228.444335350424
1,2,13.3891213259532,38.4208542122696,5.49591194270014,108.701677931739
2,2,11.0643805481846,60.773695986667,1.36592853747637,939.111589417485
3,2,16.3062574186104,52.7407100667078,37.8159992331356,93.000162143089
4,2,14.2102408392003,44.3008769479414,31.5437531978284,36.7471622561958
5,2,13.6433201861964,86.4613869568384,10.343442145447,46.7072628173606
6,2,15.5418955508012,44.29405856245,22.9472539603424,88.768858120037
7,2,11.1417348036961,44.0507779539202,6.00108820273733,239.272118474126
8,2,12.4683283211819,56.5293828363356,9.15497817347521,105.611045744548
9,2,13.7956270859441,18.5447450691647,312.423055833649,52.7745789920476
10,2,15.6168841653458,66.5170716218843,10.2192496249795,130.086714450819
1,3,14.6539000445864,36.6073977879121,25.1181905514123,108.066948985133
2,3,5.98351643071543,65.9234041775141,20.8822509769549,823.141775043395
3,3,9.78889476029456,48.7600284404698,9.19117028321202,307.29573175473
4,3,5.15598830515261,68.622240011437,19.0967668633772,1375.50984802299
5,3,13.625442545225,60.2621128737267,7.23489538950419,149.8571571642
6,3,10.7877044559027,78.1811926595564,0.652670590725594,512.443078951245
7,3,12.060184644335,27.8312785151188,11.6993854069823,95.3583851639915
8,3,12.0161386010855,47.8457983579294,9.5911164491824,97.2630012073453
9,3,6.45229366137636,41.4868894813374,33.4411584071242,1076.44366990294
10,3,5.6717503581068,79.3685261430478,9.64216812836871,1038.01431298879
1,4,8.07071200319374,53.6748640135346,1.92270177163933,353.503074819677
2,4,9.30783290681838,34.2996611342398,1.80272555931077,36.6716945738826
3,4,10.8063141031353,44.2752697052648,0.897978058964474,68.9750131371566
4,4,9.67805533120691,41.6703732040289,94.6761169741487,224.307337254591
5,4,8.28581790059613,29.3748041643354,5.45203379908005,251.35933725431
6,4,2.70410421978456,59.620037882981,13.0249325011279,1065.01981343709
7,4,11.1297408306306,11.9956592566892,47.150228619174,44.9028412723731
8,4,1.28253563022183,37.3801761379817,25.0602931374352,1064.54714992376
9,4,1.13719031662249,41.0613674985725,10.6284613534576,6174.92388669103
10,4,7.13660898496011,31.686966327635,9.98792342370215,465.534878401878
1,5,0.505681355786925,45.3885744269865,10.1886393015543,2450.98887439215
2,5,10.0179839107011,48.5537799207137,22.1282941223973,124.868355618918
3,5,9.08423290399325,134.439721230768,20.3702487970751,234.205765572911
4,5,7.06626797281726,72.3049229575056,7.42785350213154,301.026174165079
5,5,7.82531938995324,92.8019644016156,5.50001781044318,59.9942854845646
6,5,9.05897892212836,31.5799295693468,31.4160503570954,261.593453018526
7,5,3.57897026292238,46.6759613273902,19.5338822508827,600.767758627361
8,5,3.1352222275475,113.672867056925,6.60337394562618,1957.52515832776
9,5,9.89911776559412,17.4083539006786,67.0818296796834,286.618041546996
10,5,8.96663614950795,24.6151606007841,81.7494236281749,75.850921280513
1,6,9.14917755366893,97.0294062647945,3.98703685558389,479.953949123417
2,6,5.25439149812403,133.824135168009,39.78206835827,686.38956438152
3,6,11.9643222585987,148.946163152677,0.506189753741618,748.56219466413
4,6,10.8271058244364,61.7409423121178,0.864973636814686,2495.87269353173
5,6,10.4153204950012,32.0835601599403,72.7693703125314,369.996183184404
6,6,8.9219053530568,65.9336226413449,3.44782415030924,2142.20858151651
7,6,8.20208148377716,113.907295364351,8.24438376401273,402.37030653116
8,6,7.12224142072915,107.323910988293,17.1932914993778,718.11079047499
9,6,11.3052732591638,102.426768502171,7.62314933295962,81.7269868542156
10,6,10.8841909519748,68.2879151687456,1.48485999801872,20436.2574229585
1,7,10.045693872334,79.1031855783682,2.07543138594885,384.582525712802
2,7,5.52525010177156,26.8702583995429,5.21829928734224,1056.80643100315
3,7,11.3765511066954,52.4897251555401,6.15989974266874,78.7786004852743
4,7,8.79256092385619,37.2126767064983,4.28394308075849,574.251094675727
5,7,8.04400764269949,52.5570901917022,3.34112220972998,1358.91410056575
6,7,7.95892655280873,60.5889103943693,6.46951294126597,1266.84740396428
7,7,9.31562189989493,45.0626064451523,5.40509602405533,461.248381911811
8,7,10.5056557005903,56.274287241216,2.94649038781527,2304.76980045679
9,7,6.72925105538608,50.1406593897563,6.89073894482988,1129.83640383619
10,7,8.96921218909656,41.2399368020604,4.3791861036096,576.870144936312
1,8,15.4481939517998,55.9324181018587,11.2440911305081,174.885322341372
2,8,13.7508417764378,22.8247852035012,44.2104176398294,50.1107091206064
3,8,18.0592075599121,74.1266805430687,5.58209274121122,43.477906501941
4,8,9.30522824357293,71.6039973600564,6.66912825478339,1694.28706342107
5,8,11.988713220831,39.602203467035,29.1131335600579,46.4373151355801
6,8,8.0938213991122,59.6235685047324,15.1176412110715,709.958923413718
7,8,0.401403051835292,78.3607071875529,21.3791369539028,1988.39158261362
8,8,9.24812832972712,33.8838787330031,16.9649130289853,463.598422903563
9,8,14.9327772866415,59.9300225837245,8.13614286528655,92.2132719492106
10,8,3.8063420676202,30.1161958406709,53.6967384132399,904.777558278276
1,9,4.97833859521092,63.8069499540965,11.7241300922768,794.649295389989
2,9,10.4708374826535,75.3891935509787,0.758487907612741,477.265225477864
3,9,4.93219146152521,33.5000397839058,39.1176196865448,548.3255308786
4,9,11.014891466182,61.0890220878792,37.5361064051281,211.048285114006
5,9,5.96962368247111,59.8077608908555,13.8307884910098,343.369065089248
6,9,9.57098726791287,62.125976817162,6.35397185194281,128.233863264521
7,9,11.7034853561523,85.0024000478299,2.32455342572448,40.1852927533563
8,9,7.61314189718538,35.6565218176534,15.4563940675293,271.808698846145
9,9,11.5321945840827,19.3214317857178,82.757783006606,117.892857339677
10,9,9.98443965186901,71.89107855032,14.669433270725,89.7378798911283
1,10,4.53512536775708,25.8957893103175,2.07766611326383,230.570644883136
2,10,7.88329124069895,49.827907336355,22.1190159442818,74.0692513431975
3,10,4.93687500891532,42.6314819819491,3.28675726655883,365.546062705913
4,10,3.6043989669017,41.0950415748207,9.67886890841639,341.460642740824
5,10,3.71905580457698,43.012336450397,9.44785153482054,250.622311981995
6,10,1.64407953253235,38.7306425669095,4.99975062503907,1801.81788837379
7,10,3.10465193215361,36.5043280678123,17.4246030553604,377.361469248247
8,10,6.37546111735072,21.8546195783623,5.02103160779052,18.4709077752087
9,10,6.68475605253341,21.9305130365163,8.04272694202132,34.031229320839
10,10,7.18662997792173,35.2823090753015,10.3366617122037,29.1383155910997
1,11,13.9235718193972,59.1807829815891,14.7037095708459,49.9907944198842
2,11,14.5145204992895,17.8008010194797,40.4745778821143,66.370869637135
3,11,8.89616421030939,50.2084593903711,9.57100197670436,686.89533898043
4,11,11.9457029697629,75.0653763212486,1.02627666461067,939.15331503546
5,11,13.5737853325542,114.107300065825,34.2061816320342,46.9841159869677
6,11,2.19514259503791,42.0754786480694,17.8169574564228,2183.06826443598
7,11,10.0634693594446,89.2663769807855,2.72627249675388,606.242052244246
8,11,12.0982198544206,71.3278978590983,5.14789857596679,258.103032296588
9,11,13.6100257173003,49.1409518323541,16.9505702448726,53.6690249941795
10,11,11.386404994984,46.5077081181487,2.05840786424197,31.6860496737129
1,12,2.99508330730036,65.4128254890987,32.3959331889667,715.857093952027
2,12,10.2047423054091,32.0956892173801,12.6905473421396,30.4348604529575
3,12,12.73276380826,71.9033318446469,17.0333656684252,52.2097444548719
4,12,10.2519939721099,38.0781954850132,218.743384233557,45.0610611628067
5,12,10.949781724433,57.5425701041648,55.7697558458727,172.496401851966
6,12,3.45851842117689,46.3005702320302,13.4159407845001,1071.80199434191
7,12,9.74164224473304,100.66048137093,17.3188083390427,36.0700817407255
8,12,11.157014380411,63.8906895093773,29.0401706788248,134.992983050406
9,12,7.50587887354827,88.7516587149544,4.18539680531833,247.57523664019
10,12,6.70191354708603,43.5985401994572,2.44803545085368,1476.3294657191
1,13,10.3324127073251,53.8876238218988,11.9697967843999,179.213718757828
2,13,2.96053487832088,49.3945124892336,17.1890871837437,1053.38409258638
3,13,9.51467871088446,37.7503366503212,31.4570131306972,19.1965699720015
4,13,9.51458966736709,35.5827349315401,750.13436737869,7.53290404713498
5,13,12.6589171540124,79.8266548160313,10.1982777759033,84.8717784663893
6,13,6.57233281267203,51.7089274421135,5.84841522277576,1571.60607817166
7,13,10.2612741978801,46.6483834001013,7.34599470896656,58.1504768090235
8,13,1.86255993262465,54.3370364566543,14.6795935853284,1764.5700761792
9,13,12.1361843142427,68.8252385452528,6.29387063742687,52.7843853094867
10,13,11.6805467943685,43.9108184747451,37.2576205578186,19.4481183066957
1,14,14.0317665596499,80.5451636606311,2.83437147482671,153.793452510781
2,14,5.0066998833665,58.9045608041699,11.1488181036355,2000.95866837345
3,14,10.2053869854032,47.172573452045,12.8079329368516,251.515692000472
4,14,6.4513866452292,39.9141153749818,10.1326256554901,945.243644652426
5,14,4.60767753599654,60.9894999982277,13.9704853142708,1565.12096330214
6,14,3.390659779367,64.9339061031487,9.69740826990765,14709.2874734406
7,14,11.7643083566396,69.6767947542784,1.60577397367029,2346.39414968895
8,14,11.9331411043524,51.3507129911535,4.13797664468262,326.713559179145
9,14,8.58413712242911,86.4111994239932,9.23063248594299,1815.70307578809
10,14,8.12396562391986,45.7593894002735,5.39237440961221,819.103631659676
