rep,id,Cl,V1,Q,V2
1,1,4.1392374278887,28.4778865720296,147.179403146814,68.2859302288956
2,1,1.90929125801816,20.5974161527296,73.4355145818624,262.079632272048
3,1,2.85070621831436,186.67907474484,8.82185820938636,102.400518037661
4,1,0.676891818661554,129.065681498405,47.0827748325731,131.058069172029
5,1,5.91864137566769,15.5341891869628,17.5173207672489,19.9208549981617
6,1,5.90243017179369,27.4214220075782,9.468394338126,76.4435750338802
7,1,5.68605370900493,33.8706903540792,3.29637375655033,58.0741276832002
8,1,4.46266172860204,42.8573355909388,5.700054178495,116.996460213059
9,1,4.48411863425978,36.2806224355021,8.98236913080893,135.348083409754
10,1,1.841401551269,17.4768016071478,19.4998449801688,340.292374585421
1,2,12.3978350706611,29.2417927447116,13.011036133288,92.4415801259819
2,2,11.0217670050932,37.0045632504116,6.3376833502584,181.686069027095
3,2,13.000015492461,44.5314957749841,5.75641789606891,25.5349534824928
4,2,14.2056025074206,13.1291076076202,53.0425938662577,60.7258514119606
5,2,9.57082387860414,30.2355114024602,13.1105091175103,507.34941422619
6,2,12.6721254675475,45.9811372472472,4.8997240352802,28.4261152914283
7,2,14.1368942784746,23.8687952804691,49.0106437914394,50.2625386454575
8,2,14.0916873273725,53.1001372937644,11.4234635665664,26.5944883847615
9,2,13.7634376696788,71.0127490203423,12.5631167082755,5.67013375676514
10,2,12.7680235477154,35.4224738898166,34.4005569117219,65.3094743539919
1,3,6.02822703148463,34.4016003292243,20.354844179423,681.37588470198
2,3,13.4282319486998,41.2774353515585,11.7635449919338,120.61616773591
3,3,12.1459006166167,81.6660681138262,1.84557936923407,23.6496419675594
4,3,13.5138342510509,27.3027212504238,24.8234491183267,128.202975505075
5,3,13.9532515241116,35.8561499810053,57.8594310018664,81.7196281765812
6,3,9.07642777859876,42.1083123252142,5.09135631110982,299.312733916787
7,3,9.1750263807547,42.3054332695065,9.52455116187228,394.835296741634
8,3,15.0068064902314,20.1063835660748,76.8455803581389,201.288111310833
9,3,13.2368445798097,43.651841009877,12.0287397250821,191.583426110416
10,3,9.49928562135476,38.0225073210026,4.43660224694506,118.349636543062
1,4,10.1170842410527,42.0863156614164,4.89653920166611,23.9438800975475
2,4,9.26468143725986,30.684467929016,13.4971308517567,52.9919550062017
3,4,10.7105425607238,42.82327772838,5.43321696144904,8.57043231283969
4,4,1.03884126143518,50.6415586578358,12.2794383540171,3394.2649159147
5,4,11.1890481107303,29.8565038672119,21.2570379934942,62.7910065502685
6,4,9.53836932722643,34.6838236918208,3.34028554649839,18.5000629155626
7,4,4.96320361711291,53.9310654762902,15.3421681711085,786.854234306515
8,4,9.52968993685441,37.3700574198383,8.28648631117458,67.1182904315022
9,4,10.8859994798855,18.5586498715947,49.0071843769669,141.376193179827
10,4,9.48574312689145,30.2234187086857,5.20650248408494,16.5449663116362
1,5,5.38326877074528,44.8233544294241,4.35804602655529,586.877625966386
2,5,7.22484357629766,98.7941454639991,14.9728582238564,278.858923063131
3,5,8.55247462725832,117.827450923583,25.756703684923,85.5824125476388
4,5,8.65731703564064,2.011775280361,129.903354593363,62.4865646087272
5,5,10.6002671352925,65.9421627633733,7.41511171887492,24.2550626328589
6,5,10.4210173216851,43.0038043602092,14.8122895559499,126.068654102173
7,5,9.91489913276057,111.842033278166,28.5009228274779,65.424359880344
8,5,7.91200579220977,70.3313390422217,3.9458834990601,86.2275631016847
9,5,9.38070220471855,51.6731170249336,5.47286791586488,38.1919421357019
10,5,6.34140524567688,70.4833830826261,9.57593758468849,565.484877014907
1,6,9.19962784878543,139.94271199923,13.575327264753,334.103991309422
2,6,12.544389595031,84.4419923544514,3.47775281816224,114.246512443401
3,6,11.5299862950082,63.2236825825864,19.9667471532185,103.579228325744
4,6,11.087974486042,152.582648804753,2.0365592610164,51.3890954526245
5,6,8.6899619432191,64.7738349663666,7.29445369570556,298.397971752186
6,6,13.3542088244236,129.856948356264,32.8674000075625,148.113484786206
7,6,13.9039409746274,127.617297520454,16.9103126416776,63.3231082767279
8,6,10.2891914483312,247.658478042797,0.317317436683736,481.478957498299
9,6,12.889632501341,49.351551943682,38.1241480274937,16.8024312052944
10,6,13.5017367307711,27.6357192155888,89.9196494208064,112.770750872798
1,7,8.81189914306994,42.2844068173084,2.55967500557912,346.797356400531
2,7,9.33477495533936,57.0398173835677,2.11224324569837,85.0289354465475
3,7,12.3316422528234,59.7226742289104,0.202391902008513,47.691097662509
4,7,11.8702914774666,40.8162672924738,31.4924479474358,12.022148000739
5,7,12.1958657291889,10.3257704802813,52.5340995576274,51.7990716728688
6,7,8.62412201604545,37.1309339666591,0.879673772426644,495.68881631005
7,7,11.6210481784824,48.8222384121813,33.8654037665352,6.48951520109301
8,7,12.9993193816382,46.1314347967504,2.00233058624536,17.1262568894233
9,7,10.9086187139713,48.9352509565593,2.71345893499476,26.6482982799601
10,7,9.05231432287125,43.2650823115246,3.26511724506379,562.063245164394
1,8,14.6282085589348,44.6824116017067,49.6833953596064,19.7869855825372
2,8,13.7860761124127,33.3872038844176,38.4268496688584,56.3850614460123
3,8,13.3701094184952,57.1912512561696,2.26106954482054,44.7031815816421
4,8,13.411499827835,22.7241573303355,69.3164875187334,34.6519476554076
5,8,10.1683819422708,61.5498304727417,7.26781452570855,944.396282606116
6,8,14.3630295036692,53.8284432444918,4.83533807527493,62.1926659948444
7,8,15.3011640252886,51.6658568576008,8.49067362277626,95.9509391460796
8,8,15.2841763677011,60.1320779979785,7.70946503871191,7.47604862894792
9,8,13.1062189049103,20.9388281398434,22.3511961742361,49.2264430218724
10,8,14.1279591033255,13.3056188781062,42.8764942487609,80.0943697362629
1,9,9.35554177525073,61.6421757169316,177.15524867878,14.9915827013704
2,9,9.76828530894208,74.0354025772194,17.7596501075753,33.3629178824246
3,9,9.99456248387231,55.1078685853738,8.58536011456456,48.1178343170177
4,9,9.71264001552169,29.8623689427303,13.4577715598412,116.040594206268
5,9,9.63926031228819,46.2465654943546,2.22514725551407,20.0387561076361
6,9,9.35288022093302,22.4273145333527,43.236838621145,37.787154563852
7,9,5.14944213504992,31.5447238835435,33.7206702740281,715.98464404441
8,9,12.5547907307734,8.9031696699941,93.983201936514,126.83710875533
9,9,9.85692062406675,44.8449932827263,26.204783687172,20.141120201703
10,9,10.5370715802253,81.58506166097,3.37738587809642,33.8261635386745
1,10,8.36407684362931,15.616849864799,59.7842191412014,56.2974104058973
2,10,7.84162037735655,23.4444299407013,28.9948243748106,106.274728961604
3,10,6.60727991457531,21.6284462517851,28.7320599757131,52.4734497741897
4,10,7.14310136947779,21.4250477820742,18.2017788191971,30.0707163359387
5,10,6.38433156417018,10.6998280080183,31.5685821088875,27.3614675640612
6,10,8.01251394702611,40.3668399873122,9.14680132906808,49.1079416594289
7,10,7.58661821157905,8.31841006225971,38.2347230962277,64.6445634646023
8,10,6.87951710480555,40.4339465443063,19.6719039740783,10.9606047579408
9,10,8.86444283301585,50.7000448422888,18.3489936829297,94.6424204254603
10,10,2.37127609234375,44.9616652496617,4.25682789400877,1182.04162801282
1,11,10.3236540329225,65.1993176818556,8.15326227775618,523.781258540405
2,11,14.7707224955765,55.7187396858917,24.6860786799364,35.6480579557262
3,11,14.3422659705645,75.2613553602529,4.79412654775082,52.1983932684498
4,11,9.41557556057034,53.1258116342971,2.89044596730693,93.8082475800306
5,11,14.3170129600901,5.1715849011418,42.1240957109569,113.16260186748
6,11,12.0149717026639,38.9208929673097,7.35573011079388,42.6989638009598
7,11,13.436920123505,45.6973823770192,17.0164032192049,117.033314795029
8,11,10.1680431824223,37.9460734830988,1.07911586576463,48.0721905616018
9,11,13.3274402123745,66.7141456753233,32.2712108316821,18.7702877959718
10,11,9.00726947296984,28.561543318196,17.0204605149637,422.955028892691
1,12,9.77133619568098,36.3126060945682,16.7041926149432,25.9974003589136
2,12,11.2063070466703,88.8274027056076,22.5324636493934,50.5646998044404
3,12,9.1967224616292,30.6955715104398,45.1900483937288,352.209094708037
4,12,10.6275552236054,82.0976124328976,30.3866873030805,171.380682662986
5,12,9.06698113816165,87.4655214033162,61.435363611654,197.198745887764
6,12,9.13763468180374,37.0802413067247,41.94892806955,21.011023050456
7,12,11.2981436365123,77.6425785356095,16.5338923376618,21.1797633443809
8,12,11.1441435569619,57.802600594471,19.3360304810016,52.6041961328508
9,12,9.80089635866545,35.1909767606033,68.2469432924739,48.3994004579435
10,12,9.83303883757736,39.3603754450716,11.3952067688241,178.330590699252
1,13,12.4480575062388,68.649131084122,2.30372008737634,22.2441546326778
2,13,4.69593209278546,93.0537989498849,40.4105112646529,536.733714061665
3,13,11.791541973065,10.4224584742394,48.8265979122851,63.2549455609254
4,13,10.989106448184,78.0569136056362,3.27283474781894,251.057486214827
5,13,11.8819057302678,70.3402307451005,19.2934548775514,146.120735799089
6,13,5.6520724647586,59.96691632084,8.0056024246757,1054.61156429139
7,13,10.107319529994,36.3854325210602,26.4912032137274,25.5527848352923
8,13,10.281480046389,52.2519825791152,80.2228266730245,2.21279182654303
9,13,2.46041695281178,70.665555671525,21.2667819336472,1313.69380379487
10,13,9.991641719204,49.9396292657057,13.8426662116675,82.6761869461138
1,14,13.0816961469063,58.8273809153469,1.69645803331282,159.052718453612
2,14,12.6730489596764,55.9390689711161,1.50011461933444,12.0629820232522
3,14,13.7813597240999,52.2801040965185,4.00557100275128,85.4705937464754
4,14,10.9361117205974,35.1398613931415,8.06083779670784,6.67833508395895
5,14,11.8005918662824,51.0888325742504,0.94506447716754,534.28198898341
6,14,11.7529232272783,23.070535370639,450.785337131793,29.299922142675
7,14,12.0576827741216,39.8043385305496,30.345098977524,5.15996189588255
8,14,12.6572719529472,33.0611133053777,12.5651397274101,71.9498631842991
9,14,12.5909280196201,59.2729513888262,4.92494891343499,42.1277433764249
10,14,9.01760204009518,67.902183251611,4.75399379145564,2203.82787949052
