rep,id,eta_Cl,eta_V1,eta_Q,eta_V2
1,1,-0.833624997400805,-0.00453857707618771,-1.04278562611772,-1.19753887828563
2,1,-0.784843794425848,0.307395191522107,-1.76890079187218,0.0421329161718134
3,1,-1.53393540572131,0.197438733356692,0.682200480987003,-0.0648261085968304
4,1,-0.821476138078842,-2.49647974779952,1.51414159582376,-1.25885997004816
5,1,-2.00635137590167,-0.339921840429963,2.79168528164815,-0.35328989539487
6,1,-1.59319903366018,-0.981299046533799,0.346728038424906,-0.24783754170206
7,1,-2.30968056965096,0.339523307792418,0.167505629077335,0.455774433967077
8,1,-0.850235344269479,-0.426821314059626,1.37312069102645,-0.90359157346296
9,1,-1.09074643574499,-0.279568255326395,0.464004664472251,-0.801831993061687
10,1,-0.48625426894552,-0.973958454233224,0.358908971200058,-1.48727787999299
1,2,0.283642268743197,0.438263809245286,-0.0138908686157687,-2.31707921832006
2,2,0.146541719544879,-0.441302606846754,0.0304937257845296,-0.399343254179785
3,2,-0.189974828369146,0.00590145524881033,0.14530941534205,0.725914098943371
4,2,0.320587930117728,-0.13941711358768,0.379565148753269,-1.75536385005296
5,2,0.0338974182584591,-0.337873303023873,0.46373759657136,0.466981374888596
6,2,0.243086619187387,0.351165274330434,-0.621940356340918,0.163420181883157
7,2,0.0533106288093718,0.128520888011971,0.292346655088476,0.660043459940825
8,2,0.328343896456179,0.0593675148774145,0.669282364922997,-0.415732019657657
9,2,-0.9378757621093,0.0204044765075676,0.866951337239707,1.45198931080874
10,2,0.0322395671933124,-0.361148890470359,-1.72413845622167,-1.24388670895886
1,3,-0.195774906509818,-0.366481339373765,0.379243802429906,0.716806463395717
2,3,-0.0926462192577816,-0.124885654062224,-3.0241270849886,-0.0277275890109225
3,3,0.311912256558489,-0.210890479932574,0.317346725314836,-0.975734336237034
4,3,0.0252127524142811,0.194758448524111,-0.318053657715539,-0.0726640845409727
5,3,-0.378947157828513,-0.486855307139446,0.920558255780763,1.11246647621923
6,3,-0.556966788198298,0.486926468783271,0.253089670623487,1.15039600478686
7,3,0.191390839377604,0.349248326882075,-0.745040278664535,-0.155676592693245
8,3,-0.447393805994829,-0.179637886178863,1.04852395375244,0.707286385576045
9,3,-0.978392466515574,0.238619884668068,0.36338165199618,1.83410288534651
10,3,-0.477256603297993,0.149538124203862,-0.195431164251162,1.1899188213464
1,4,0.046480995843082,-0.585477514431458,1.02474981633693,-1.67289291181932
2,4,-0.388622507130689,0.0597732391456895,-1.13234028884006,0.806271405441682
3,4,0.190127238424281,-1.14571152891597,1.20781870318204,-1.82279272191592
4,4,-0.0265481581480668,-0.0935045641780308,-2.02760523629715,0.822031629472565
5,4,-0.778962103532315,0.0503935105633384,-0.315097953649158,2.21727128155346
6,4,0.0721265710925065,-0.755049883986368,1.07740619333198,-2.37704457270618
7,4,-0.854933905018712,-0.201196351796719,0.116027615882372,0.900816351989433
8,4,-0.305397303122415,0.334786327924888,-0.978445954416911,0.528567439460497
9,4,-0.149237394396826,-0.522166527550708,-0.822470808344352,-0.551084276190315
10,4,-0.420208711657467,-0.179776516646328,-1.05095984235467,0.973960635490735
1,5,-0.569627866695584,-0.188413605915747,0.26834350841828,0.228432026750761
2,5,-0.31504634087847,0.168707478451817,0.501939880415117,0.264992405263903
3,5,-2.28524080544844,0.148278531113873,0.260207051286959,1.69639413024728
4,5,-1.11006661630717,-0.121781722113881,-0.104162498034254,1.21358918437576
5,5,-0.73552355394003,-0.545641772314642,1.04141908098486,0.546427075863245
6,5,0.0897759836249745,0.278865903619669,1.15144957917838,-2.26174393878493
7,5,-1.68406795034526,-0.48457653894696,-0.744348223970537,2.50018487461906
8,5,-0.547925106812235,0.166044282996772,-0.682841563292451,3.70491703353865
9,5,-0.206743228032995,-1.41556698089857,1.42124309278702,-0.443951112103743
10,5,-0.398256487360364,-0.154571403460066,-1.78807120188239,-0.278095303940084
1,6,0.184428134781412,-1.41790599088624,2.34646268352955,0.197902089713838
2,6,-1.71015937097272,-0.200285548350249,0.841824001526086,1.1830767718712
3,6,-0.0235401686020039,0.897352509414066,-0.949087900184701,0.599025632007294
4,6,-0.380532798620607,0.36433324829674,0.304382155874194,0.896044571359796
5,6,-1.96917218835077,0.655006582786919,0.225247980820914,1.70739958565195
6,6,-0.19583058219289,0.0365006208515957,-1.89176376037177,5.08108619528279
7,6,0.228180380391286,0.526153113779325,-0.463529662404969,-0.940397114171048
8,6,-0.696578501852217,1.23868890935542,0.0619696428388159,1.58610455612069
9,6,0.343318759686713,0.279542060706394,2.18257178721905,-1.51742432044507
10,6,-0.603466420904129,0.260513633674592,-0.0983167732235579,0.728132588011326
1,7,-0.323363311339186,-0.314723377719569,-1.17252042135382,1.16289650883645
2,7,-0.0183932490152874,-0.389605878223798,-3.36315952706823,0.950956159620122
3,7,-0.0977562879909942,-0.0194518914310942,-0.742652667576944,1.51566398186356
4,7,-0.710692199828892,-0.252944054139929,-0.408692878511091,1.81399270641604
5,7,-0.417805374318114,-0.178902257260601,-0.550932556114382,1.16482814350697
6,7,-0.262271521613797,-0.648257795235439,-0.526976979215526,0.219024249443343
7,7,-0.38774402103076,-0.533788709649981,-0.647014074469631,-0.239355628659606
8,7,-0.132915266247256,-0.265632921016452,-0.980985186112796,1.38149765435245
9,7,0.0579457730293992,-0.0676271402166302,-0.753707740993216,-0.0839538455834385
10,7,-0.182245500356941,-0.126807246035407,-0.505248933203614,1.14013517333402
1,8,0.226533166870795,-1.53723399668125,1.2185768216997,-1.69435444491495
2,8,0.0481311099982697,-1.18558880305096,-0.342874255872369,-1.60082802080626
3,8,-0.305778771344271,0.836034100388331,0.284125238389819,0.71702882263203
4,8,-0.29279130232984,-0.871282215113067,0.055771281713378,0.689728921378678
5,8,0.196682954438584,-0.16585359609566,-0.976536553389985,-1.19551348425317
6,8,-0.477219809430397,-0.75251425289797,-0.886837405320421,0.523035597888865
7,8,-0.282000282724108,-0.267759532774368,-0.24305532298043,0.432968474675559
8,8,0.300035106335304,-0.266518824129607,0.00410922218413906,-2.57631466421562
9,8,0.421027099178525,-0.658343976309385,1.27926682152543,-0.986353275608248
10,8,-0.186817764323284,0.202621807467246,0.497949447118735,0.824792100016241
1,9,0.0201688393239557,0.141621116529834,0.445967347046445,-2.49076223607305
2,9,-0.0230963808245802,-0.365621986098656,0.334615389261771,-0.758086584183177
3,9,-1.98048657218552,0.200354105672077,0.494907074030955,1.80866596664609
4,9,-0.348870426774142,-0.00977589129499724,-0.325394603305063,-0.196124927484413
5,9,0.220302834278714,0.0306094981241571,1.0468001164567,-1.01179255504857
6,9,-0.131985101646945,-0.0808845697270255,-0.328797385133594,-1.2352562457681
7,9,0.0238474129116303,0.0139893878618729,0.586560924339845,-2.50354145330135
8,9,-3.03369808152576,-1.48201544942868,0.898029384427499,1.07682063833354
9,9,-0.976364165181462,0.0331799498742732,-0.0823383739922732,1.22540434058755
10,9,-0.0213203430385256,-0.0506324346783258,0.285258344727671,-0.383423397040216
1,10,-0.497117431763777,-0.319206735377977,-0.196651260734293,-0.767122367295887
2,10,-1.5963947611238,-0.538634366548648,-0.764290580315093,1.39701571255737
3,10,-1.98053995216614,-0.333475621256596,0.562557362372721,0.656564811960532
4,10,-1.31804480148341,-0.209359181609717,-0.664195191658501,2.98738224681104
5,10,-0.495332909039206,-0.204835036147737,-1.5678171342596,-0.786314338310251
6,10,-0.263815681357621,-0.0567808242705168,0.0767615609591684,-1.3265899925091
7,10,-0.739347614206083,-0.414839265837164,-0.745934956787432,-0.339148023696105
8,10,-0.362396236273404,-0.842652012177037,0.950669177275414,-2.70723733020172
9,10,-1.00346653451302,-0.786624686378637,-1.13939280365154,0.536332318558502
10,10,-0.283196821155484,-2.33645246773905,2.03262347443137,-1.95066954093833
1,11,0.36754811356315,0.0913840922066634,1.2946453392661,-2.05509821866499
2,11,-0.710021581983015,-0.247900280292669,0.680865708950446,1.4479989685219
3,11,0.213532199836279,-0.894609530496716,0.817193585745973,-0.495118078549434
4,11,0.149004096269976,0.349023421708482,-3.91136358515705,-0.365657881685396
5,11,0.220928627639017,0.0027846253857832,-0.0661885513420422,-1.0117944832747
6,11,0.173445446275912,-0.122612332995549,-1.05494335678425,-2.43632708595667
7,11,-1.54198909169198,0.0960265767559228,1.03154255547306,1.43179848585302
8,11,0.321001512249632,-3.22421750897503,2.43420319880057,-0.848536311622422
9,11,0.298301853307501,-1.24618122979324,1.35690156344785,-1.27737610107992
10,11,-0.125762055129353,0.0942503851750817,-1.32268024182503,5.12280721316568
1,12,-0.155901138226277,-0.255898803254641,1.50435047321679,-0.890374300693219
2,12,-0.299740666365686,0.366947587151683,-1.04245696753286,1.64139226458979
3,12,-0.101978217819292,-0.0901073406059122,1.51454522301251,-1.19264033256935
4,12,0.0281799798008804,0.134267161049406,1.2559798955131,-0.621819818866082
5,12,-0.961538230978776,0.493965548457551,0.834637704389597,0.837067412597603
6,12,0.038267696449298,0.243699488722856,-2.75689906332428,0.34561501630332
7,12,-0.0282169800886233,-0.952134065227768,2.28280437297159,-0.977309751324281
8,12,-0.198926397751651,0.275805027066722,0.16475120408126,0.255677929428543
9,12,-0.391956046044558,0.000712578092322391,0.211915141766983,-0.538520411773346
10,12,0.0834156717533457,0.688482598347125,-3.60181238162598,-0.169109775854878
1,13,-0.0621372802833842,0.425750980499651,0.0682710271670928,0.0227573253246276
2,13,0.0114845491251655,-0.033909092783042,-0.0325975190954469,-0.490149097458794
3,13,0.00342265748551091,-0.0448889538008259,-0.65146656173402,-1.6198253813886
4,13,-0.134315651771047,0.0276194266191339,-1.40699880188344,0.862506221182807
5,13,0.041505538713792,-0.169118432097012,-0.89325612474756,-2.19960877715783
6,13,0.0549488618060471,-0.56115572864952,1.38703620223349,-0.515319834451667
7,13,0.00438787689386066,-0.0780223475112203,0.282891710090854,-0.595210856137499
8,13,0.140875521977041,0.479022217779992,-1.53694071015428,-0.0769979347018934
9,13,0.110081982523868,-0.12454724541596,1.20157561072724,-0.292525334637623
10,13,-0.222886945101022,0.0195293344145375,-1.08253614095882,0.115505582594161
1,14,-0.029265051709011,-0.298822786339748,-1.940635010968,0.815209112922147
2,14,-0.168386688363544,0.178449840397681,-0.78870037160751,2.10763131096302
3,14,0.0988659320618824,0.131303718064817,-0.433588289060566,0.905570713136745
4,14,0.0899357614122671,0.130156681935862,-1.23377826547809,0.072738100236756
5,14,-0.725906619284442,0.349183557921748,0.402866272544927,1.63206912147899
6,14,-1.82471598363094,-0.0794820066042007,0.522894408631012,1.45322919186955
7,14,0.0887512807440558,-0.244304868946141,-0.322409946560574,-0.233100804412287
8,14,0.118638254259891,-0.0827198448662899,-0.821666108783591,-0.0424488014489682
9,14,0.0786987089918434,-0.155763920272177,-0.755314141493684,-1.8333682495972
10,14,-0.244208893176092,0.440859732813283,-0.281378402698205,2.96553027208115
