rep,id,eta_Cl,eta_V1,eta_Q,eta_V2
1,1,-0.67546431646314,-0.248095624399718,-0.0950327804010399,-0.263964802617453
2,1,-0.665981510249323,-0.304849730161474,0.282717353033028,-0.323607498522163
3,1,-0.676043634506296,-0.257625767117531,0.204619427687307,-0.255324192013632
4,1,-0.611526837871936,-0.544547349467286,0.269843625493972,-0.579014379223317
5,1,-0.648930515060743,-0.217181782176175,-0.385939558960576,-0.267531914132313
6,1,-0.674866039646833,-0.246075586630569,-0.0245941629409021,-0.277440024820301
7,1,-0.687120767192584,-0.275707188495242,-0.0783526546750752,-0.266344425413838
8,1,-0.677580074610157,-0.276201857390999,-0.0610239537706795,-0.301516002780875
9,1,-0.66468088305832,-0.10345234272407,-0.122061231647193,-0.13033606829082
10,1,-0.65726032729689,-0.477282219995639,0.543415083624567,-0.483344334946583
1,2,0.313918867363648,0.202998286985247,0.192444549734851,0.233365029634563
2,2,0.238091520634277,0.00947746659071939,0.584732751449166,0.011884926916749
3,2,0.287231915865191,0.0261656606909256,0.454170259268237,0.0346358975825981
4,2,0.240887306746273,0.272483996831113,-0.399859502277533,0.297729664355021
5,2,0.206711869160088,0.158651637710076,-0.0609737939907002,0.186258641624692
6,2,0.234677013457547,-0.00217078085891253,0.165595405352755,0.0156034175432215
7,2,0.296239961741638,-0.0544577688677302,0.693262910126459,-0.0609390485951495
8,2,0.273071964112292,0.325535003674263,-0.389629660771003,0.347801041220358
9,2,0.241078336332455,0.211630246809042,-0.0293104995559891,0.228781926761568
10,2,0.232391879948976,0.12398015521814,-0.0431911116930976,0.137236724783132
1,3,0.240929773693792,0.267950229293142,0.127837511462294,0.312322971431474
2,3,0.147928112320181,0.259064392098453,-0.618267053087446,0.26624559703437
3,3,0.192984489975335,0.224877187399668,-0.235457433285572,0.26181647373162
4,3,0.172891194430457,0.135216157528401,0.0473890737674191,0.152831119642663
5,3,0.153344430191149,0.204206420931173,-0.0341639895568047,0.230861418367634
6,3,0.148878749087554,0.307895231465324,-0.32255154855454,0.354533650560125
7,3,0.178964716516023,0.243484057606511,-0.0915012653129993,0.280021951598122
8,3,0.179169486386461,0.105824444678533,0.16132049295892,0.118170734650406
9,3,0.137025052894646,0.0517779251272881,-0.141450440700256,0.0818490087353156
10,3,0.191651024576742,0.208618524137954,-0.0143216592427571,0.224790051576951
1,4,-0.0122171366499976,-0.202130508019601,-0.269277153821468,-0.19876991393076
2,4,-0.00190710661104697,-0.437125749814042,0.489385568531293,-0.487637274050555
3,4,-0.000845226340981211,-0.0721807931269552,-0.257247867700024,-0.0653876809303667
4,4,-0.0361958604587864,-0.530663097359175,0.642582346959214,-0.569633527614365
5,4,-0.0163876911512655,-0.479149362550665,1.00337399526927,-0.518754650162348
6,4,-0.0277179260506943,-0.0969973986170127,-0.344390650167981,-0.0993935088697546
7,4,-0.0642349715286605,-0.0363646304296474,-0.743290720947895,-0.0320807231194971
8,4,0.0031692235849514,-0.479914519222303,1.05835360590056,-0.501592177993655
9,4,-0.0071377479121461,-0.502735292898426,0.503088807455434,-0.550097826828516
10,4,-0.0241620979088278,-0.19605970494053,-0.336687848066271,-0.218603784591706
1,5,-0.09744835668037,0.204858791418718,0.0769025692318019,0.241388187247781
2,5,-0.147848781533957,0.0152031033960818,0.0138701583703677,-0.0173471095080762
3,5,-0.0844328521184676,0.0548320228415838,0.706808115879612,0.071581694229104
4,5,-0.14166606899046,-0.0467587842751293,0.270796163446879,-0.0388164358058556
5,5,-0.133889292179353,0.0470254114508164,0.286578910466265,0.0599973106381586
6,5,-0.100692860720357,-0.215804835800785,1.13937169466621,-0.236157392756521
7,5,-0.179546555301684,-0.134767470338401,0.574874518613403,-0.140857538324865
8,5,-0.124414846627065,-0.0166229935141812,0.814224941867556,-0.0096652888677558
9,5,-0.131311835931319,0.102542260127347,0.284271122125438,0.11002143109894
10,5,-0.163723599141447,-0.238359291211541,0.658141928074475,-0.231147969770752
1,6,0.172140476731423,0.279478698796242,0.967315292449048,0.312863370919162
2,6,0.122460536503327,0.530004447410275,0.60153050935393,0.583981524707298
3,6,0.166840505936253,0.305649384305083,1.53601412686071,0.333707568601244
4,6,0.132965894676616,0.44655326326897,0.951601139809257,0.479149350991452
5,6,0.155478075240985,0.362296877683352,0.755693590027287,0.383827137277408
6,6,0.13857315138965,0.763615142532085,0.124232358738396,0.811176281297782
7,6,0.100777311268453,0.469821920665007,0.330008891356066,0.476936428893604
8,6,0.117726131757967,0.561486034916003,0.382247387344024,0.60549396285797
9,6,0.152509569994398,0.53391457614304,0.780993296389856,0.562142375218462
10,6,0.129710436708562,0.330790301169965,0.91554395288779,0.348186028690445
1,7,0.0984450518047486,-0.605307364443108,-0.911427669276227,-0.64823549546507
2,7,0.10747611369012,-0.482282184591868,-0.909675569204636,-0.481508505904711
3,7,0.091906734808567,-0.521758729966034,-0.925414152340384,-0.54639185011566
4,7,0.1119030527156,-0.579377876186858,-0.744072988143753,-0.614367000696308
5,7,0.107809253800915,-0.542210929536068,-0.859000211249512,-0.619311117475063
6,7,0.11964780340935,-0.503453926459927,-0.960163258409718,-0.543498882394431
7,7,0.100108479245444,-0.576955701011066,-0.810251576320076,-0.623935276343057
8,7,0.0595565780793878,-0.651121731189057,-0.915961430021031,-0.70605975012785
9,7,0.125535527148754,-0.396294242760733,-0.954158953379421,-0.429677872107781
10,7,0.127586716187169,-0.505288527019621,-0.78208285863127,-0.549322279266973
1,8,0.244165616043765,-0.0675420929097662,0.126951990983152,-0.0718765706810954
2,8,0.205282024036521,-0.0141471704251608,-0.366661280068029,-0.00337717791750884
3,8,0.214421545302078,0.0378960542919336,-0.349622451797616,0.0222561630004976
4,8,0.219929192772177,-0.0155992792744113,-0.00613435932591436,-0.0189575434093601
5,8,0.221530358002333,-0.174864728902669,0.00350096066959751,-0.179443752289659
6,8,0.226384065582795,-0.0255893659899024,0.153833161076226,-0.0498456391180686
7,8,0.22093373293734,0.0972131751138863,-0.312311360823404,0.104360477005319
8,8,0.251251728655824,-0.165043991072442,0.263116927956001,-0.190029593584076
9,8,0.302857767958276,-0.0640326070407587,0.367439311526965,-0.0497854118397673
10,8,0.232449428091102,0.030923706031317,-0.450250451329288,0.0381586053705555
1,9,-0.0159221026820176,-0.0581198370796793,0.41596486768738,-0.0631901900602128
2,9,-0.0508723191887689,-0.103569539312457,0.409688522281186,-0.116213698119551
3,9,-0.0134146974441881,0.10487076029091,0.0580788201604028,0.13689720123415
4,9,-0.0432767762828174,0.0410542995653466,0.322511514678449,0.056096258360769
5,9,-0.0508792155820256,0.0935689933157344,0.309138033975273,0.100160161493261
6,9,-0.0436047544777249,-0.0402912067306656,0.248591603395677,-0.0561463788273803
7,9,-0.0436878595142233,0.143247203148655,-0.212602055121185,0.154247679188115
8,9,-0.0498890800116638,0.0135722520682269,0.124826506186697,0.045060299097037
9,9,-0.030125184681225,0.21438275018325,0.026267195500313,0.224297513514407
10,9,-0.032171065188384,-0.0161545064545356,0.16257677938789,-0.0378842169674592
1,10,-0.401738939168332,-0.126654118858959,-0.828940266784512,-0.171669658049151
2,10,-0.384419410566425,-0.423950619844361,0.334293247047688,-0.467076485377772
3,10,-0.41239152392838,-0.552879390597326,0.486565691433977,-0.616891819074222
4,10,-0.353837322278073,-0.336254737346916,0.12637689196902,-0.373105505327297
5,10,-0.429449366880238,-0.333762871367944,-0.630562835864759,-0.367781894484227
6,10,-0.398708392970542,-0.491013319887324,0.420804880275072,-0.53002892293158
7,10,-0.40083820152654,-0.467682201507995,0.772998198817783,-0.524117239557587
8,10,-0.35027795530947,-0.326740927060693,0.0946752597716848,-0.337475193954803
9,10,-0.411223592120388,-0.3179156351683,-0.323199751440937,-0.350128221021478
10,10,-0.376612056754872,-0.438407758167175,0.385363688232494,-0.502967056886375
1,11,0.266264997632624,0.234914190338662,0.100019987342241,0.238393852140234
2,11,0.201536938097633,0.289650181138273,-0.189971499835599,0.340695371953411
3,11,0.180138637530366,0.173124012251248,-0.237083099059095,0.166461416438946
4,11,0.177958001704325,0.0551116539368502,-0.00130655297903907,0.0522062192380413
5,11,0.189693576626687,0.104750748527889,0.0231446954616781,0.113624890391398
6,11,0.224407314097243,0.212825020499477,-0.251460439640288,0.221599529025776
7,11,0.200387793028955,0.246713055620091,-0.206130563212632,0.286998925861444
8,11,0.26498459892994,0.365579461039124,-0.100325526485829,0.415868704553972
9,11,0.168200313159548,0.20025733926696,-0.438865740310227,0.214403357625491
10,11,0.192743160396413,0.369334720656676,-0.625464980803304,0.412241785566197
1,12,-0.0393722907503767,0.259060117711356,0.376613931416634,0.304241562961138
2,12,-0.0399609910246986,0.192036239083789,0.0644175231947539,0.219137221024833
3,12,-0.0437089628671576,0.197361965555183,0.114537269522389,0.215180623774288
4,12,-0.0476252675343205,0.301006289984123,0.424481187204793,0.320415819999876
5,12,-0.0649306455415084,0.239985369025638,0.240054138275903,0.256046679476392
6,12,0.00776773106806053,0.247319387667572,0.529866172844292,0.28349883623869
7,12,-0.0184363407470521,0.136463779291447,0.838533818229058,0.156372159206054
8,12,-0.0129744760829089,0.28953097968935,0.290983016132191,0.317769597943572
9,12,-0.0949125936947732,0.17340082954269,0.148969929468382,0.195028306679759
10,12,-0.0620065015952641,0.302855606332548,-0.214855207340178,0.32130932634355
1,13,0.00643600124242686,0.187921320280878,-0.363819816589536,0.18145470261806
2,13,0.0167493859480959,0.199777243903251,-0.172208954182135,0.235405011258262
3,13,0.0631560730443618,-0.123976667794343,1.11297860236565,-0.128816442392063
4,13,0.0498462281964847,0.125019794055439,-0.194481542363763,0.159830761815421
5,13,0.0418151597762285,0.237954965537504,-0.510592293114214,0.245101059964948
6,13,0.046285349453778,0.206179963659345,0.0355541661856615,0.21275572006892
7,13,0.0381632381375396,0.313666145711816,-0.217451023940375,0.353328041280228
8,13,0.0377744666489268,-0.0596268818707966,0.78190922386029,-0.0891741765535474
9,13,0.0347548156272696,0.132053543825682,0.357482829193758,0.16954337974788
10,13,0.089018062304526,-0.0384731071213299,0.87087552685623,-0.0383793853496775
1,14,0.168451948314996,0.240698960154934,-1.33462860698436,0.264446020423812
2,14,0.136552107329151,0.131222168536683,-1.18923301540364,0.149981524075342
3,14,0.197311137522346,0.254464769153562,-1.10334531018789,0.273727438870329
4,14,0.204785132168778,0.233639578038374,-1.35630742019045,0.233013878021378
5,14,0.176773614548152,0.266799319082893,-1.17584845492972,0.299307650025476
6,14,0.165667645166228,0.153273538159335,-1.03045504236679,0.156688972681381
7,14,0.157524676188541,0.171972962782866,-1.14081410107613,0.191155748926005
8,14,0.140063663842502,0.0742838389510894,-1.19294055630743,0.0834313237758049
9,14,0.176680042460961,0.216984289758376,-1.10806647906463,0.245142395500669
10,14,0.124161169083572,0.167217937952978,-1.4690352688414,0.200047680193342
