rep,id,eta_Cl,eta_V1,eta_Q,eta_V2
1,1,-1.35840140984946,-0.608557732374681,0.863913565729265,1.20310954678927
2,1,-0.575884631750546,-0.354200102662331,-0.0499562240647999,0.0728658556312078
3,1,-0.587063711804485,-0.24382965261733,-0.439843876694194,-0.0261599262675068
4,1,-0.654697903465921,-0.443685556567075,-0.245785244556675,0.754578601865378
5,1,-0.806617522931589,-2.32439196502981,1.16678358292631,0.917000395861113
6,1,-0.79409041156967,-0.154404205117894,-0.0884192363104138,-0.795212493595587
7,1,-1.23947363351163,0.75596599481108,0.266648547926958,0.705679251802017
8,1,-0.703348094033872,-1.69907052579935,-0.141233429137209,0.104626467418141
9,1,-0.908052283137319,0.376382734740779,-0.0749192130208486,0.145792170403529
10,1,-1.01707255534352,-0.21838137772245,-0.349023676087311,0.750872757871862
1,2,0.486677564418593,0.233956772292496,-0.141197315127026,-0.330600077036279
2,2,0.232479092439101,0.498272155387628,-1.25014613847123,1.25895092949385
3,2,-0.659118296159092,0.0876958450868103,6.1663175278448e-5,2.80653320114707
4,2,0.226141077904723,-0.0639421824672179,0.120847496845121,-1.03177262430906
5,2,0.275150843832028,0.588555467181448,-0.109416137839875,-2.03584638905819
6,2,0.417346219879803,-0.107720747472324,0.616604063466388,-0.0415060506927152
7,2,-0.0594007715435272,-0.366488052976238,-0.107223763256564,1.7363208203179
8,2,0.0687899665385,0.369233930204977,-0.0844439929752231,1.90780693770264
9,2,-0.136549677960948,-0.0923371647827212,1.01351870958224,2.15013490064173
10,2,-0.0231417838209585,-0.154336197346152,-0.0523057904301203,2.14095773431549
1,3,0.240398803976436,-0.222532973293215,0.458681902108338,-0.0790472311669931
2,3,0.247911917412264,0.6186039602982,0.201836520150606,1.72544606553321
3,3,-0.176277303808942,0.275287037672445,-0.229148756398491,2.1907704489222
4,3,0.189854057763858,-0.290815725401034,0.356892141273814,0.677216869119824
5,3,0.094652086642809,0.191895116973293,0.174046217198922,1.7075998836081
6,3,0.0533268384470106,-0.164968452443819,-0.309539481882774,0.83676833079993
7,3,0.276310720194061,0.178504987540255,-0.0774296736557878,0.813882987489913
8,3,0.0505910847963184,0.192983159468832,-0.0967634135338993,1.20215877807933
9,3,0.230042235152956,-0.254866927210996,0.587363024259431,1.47454836041332
10,3,-0.185253408916159,0.304199197005721,0.419580540713679,1.967098821993
1,4,0.00730000309066708,0.0862059766243056,-0.198184778087784,1.07733401448812
2,4,-0.0154220510862473,-0.115626464810601,-0.702049269277402,-2.17401328838826
3,4,0.139481059754149,-0.282032956159047,0.209429946548272,0.227192763732658
4,4,-0.0541946890651193,-0.17250264928292,0.732313156385696,0.883953876064914
5,4,-0.328465423981729,-0.358883619660458,0.269227415395431,1.86230350114696
6,4,-0.0894140297956972,0.195815732455562,-0.74098882645718,1.21313151155891
7,4,0.050839234657868,-0.0883683865404107,0.153073137873131,0.470667635159135
8,4,0.128097356208362,0.0710139926054784,-0.306503611961524,-0.757129981298297
9,4,-0.0470690413313093,-0.0219757990490583,-0.484437631151378,-0.844311057727261
10,4,0.120258184138429,-0.312038027142521,0.449729650479857,-0.634774513201808
1,5,-0.0907047740057599,0.452706404222935,-0.20607931773832,0.636276398687016
2,5,-0.0171833522390434,0.538470266529093,-0.172118518918973,0.805320535189709
3,5,0.0450435479980111,1.04312236952598,0.0383080008087771,0.15522847885764
4,5,-0.272327342709869,0.482982604552353,-0.540211601332936,-1.82004226205677
5,5,-0.382856842513064,0.156710093252666,-0.471454152208136,1.17615425999733
6,5,-1.26986012045382,-0.198961035971099,0.685279576105735,2.38615188467897
7,5,0.0275494204065001,0.277995303749564,0.54755420951816,0.602733613580992
8,5,-0.706626388621757,0.64614792954987,0.0649739135274894,2.55576508026208
9,5,-0.0357837136025496,1.14911508537981,0.0838080074742318,-0.297851603190307
10,5,-0.315428546773266,0.13019415331941,0.481922152956121,1.72256115503711
1,6,-0.321361622030177,0.462731184541194,-0.443064228942519,2.36183547624288
2,6,0.356174638693324,1.20759690290179,0.647466817193236,1.20190316833544
3,6,-0.362548782537682,0.946775235945834,-0.250350561603756,2.49171145533031
4,6,0.0833241571136396,0.942913763811081,-1.18939910198467,0.581553555201526
5,6,0.20720692902724,-0.114816288857378,1.18525428618332,1.16597168334087
6,6,0.222987511857971,0.416400358502843,0.389596160199049,-0.622226723476757
7,6,-0.0275240066791053,0.689207369157399,0.0801238611625385,1.76348177891438
8,6,-0.055265275287029,-0.371661006075603,0.277987387883534,1.11446683270071
9,6,-0.195830239730643,0.777522376208751,0.00392699779969516,2.15048732299523
10,6,0.232626267215251,0.504218578513879,-0.247306405851717,-0.0273117265518241
1,7,0.108135531483743,0.346623637123829,-1.36972773959232,-0.550808295826261
2,7,0.0407830715396279,-0.233669111050424,-0.590763312198046,-0.847277850304241
3,7,0.0882211675526079,0.283266473049728,-0.665299877122477,1.46498207554609
4,7,0.211133496535668,-0.0692742988797159,-0.328665510914798,-1.45921201689596
5,7,0.0682020673113399,-0.090001271944752,-0.144550647998173,-1.93361129932467
6,7,-0.289413823873211,-0.571524494940137,-1.14340496751625,1.12161166670801
7,7,0.12564844742225,-0.381644526561639,-0.425082442458268,-1.31951798063506
8,7,0.0723386015604226,-0.184406905333598,-0.0431411021236084,-2.4605486676556
9,7,-1.3126069860896,-0.00891587233506004,0.0594789459566437,3.26511941958277
10,7,-0.332358295421541,0.190357134245919,-0.242156104513378,2.88080510655075
1,8,-0.169186202447289,0.533170127543416,-0.107899476402844,2.83578219857796
2,8,0.183843884700585,0.0870076230222895,-0.337317064923948,1.5252209035045
3,8,0.268888847947383,0.209769364599528,0.145427977247304,1.3582066504233
4,8,0.321025248399782,0.309610448245801,-0.501401401253378,-1.46933692499864
5,8,0.213082259643618,-0.36981213466228,0.217936802933707,-0.705678018801626
6,8,-0.266627299517937,-0.347290988143402,0.0691159489992878,2.43596424151449
7,8,0.515596115501365,0.963799324646598,-0.253904397144717,-1.83214556098317
8,8,0.238223943414563,-0.202069253154149,0.284344300787547,-0.10641546676192
9,8,-0.128998397014477,-0.394445864994571,0.157498625970335,1.93128501190908
10,8,0.0254852542428332,-0.733990204750547,-0.616298338600056,-1.02515501947422
1,9,-0.112296172902348,0.211994082205027,-0.601065733334593,-0.832726246219656
2,9,0.00656392476985286,-0.295979367717433,0.153621402461265,-0.735652821653393
3,9,-1.05672438669465,-0.0321779138023769,0.849359906482729,2.56347768241812
4,9,0.0436762062414688,0.225209434945747,0.362417947977069,0.640161644893862
5,9,-0.0980976748314937,0.411670976466541,0.0330287928820358,-1.13011894397466
6,9,0.0230868419067676,0.577132389382326,-0.117268441079155,-1.49113594710703
7,9,-1.26587784551936,-0.0420912387925029,-0.224508120699585,3.28896483861913
8,9,-0.265675611742993,0.156901275974127,-0.475108018834613,1.93574935831365
9,9,-0.0996358167357813,0.239993015816826,0.306329031789688,0.642807732463147
10,9,-0.169111096633428,0.119237342839923,-0.196559459894277,0.505556798784674
1,10,-0.687230658586311,-1.30142748396188,0.0849355323054816,-1.92210033715226
2,10,-0.188389364360844,0.0158967123312664,-0.0814228275140004,-1.07499396694154
3,10,-0.419725079288107,-0.951887347212094,0.267212662560418,-0.769262013081041
4,10,-0.522763492833045,-0.136015734486247,1.03976194930634,-2.16342266708421
5,10,-0.353759992149686,0.0765665989300103,0.49057806879198,0.710358752352069
6,10,-0.774741016061049,-0.301201455079302,-0.0349705887372039,1.82070575245234
7,10,-1.69063115423556,0.0281169444174201,0.228645408158624,2.06981926809244
8,10,-0.269519002036374,0.190197584774598,-0.24820948084612,-0.260659896822072
9,10,-0.265170290602423,-0.584752099348267,0.245279833820454,-0.530722969617143
10,10,-0.366807643458385,-0.215911190865297,0.356590103151487,-1.38805548482832
1,11,0.0528243657605005,-1.79112339461402,0.598833550077546,0.150480621316832
2,11,0.161073343196858,-0.0572759780689406,-0.164421696817293,-0.809271584534871
3,11,0.223592488078689,-1.02941068383285,1.04201173272605,-0.0220629015292786
4,11,0.112711507726821,0.289290671760119,-1.17569963245261,0.192384091077859
5,11,0.271412987812396,1.04352759526021,0.120016482912128,-1.12514100895235
6,11,-0.1139562744049,-0.278150693676933,0.282901574812599,1.7503426479169
7,11,0.168910191090063,0.609153545270777,-0.395057080442846,-0.924552625050899
8,11,-0.138946273886404,0.0306762557892839,-0.498463926726229,1.90904792566735
9,11,0.175286868358684,-0.18661483929781,-0.0875712450465812,-0.0486253780148717
10,11,0.211478981328169,-0.0550774816097469,-0.569185195800478,-0.628718916182522
1,12,0.0692710918415858,0.394012331670229,1.13152993789506,1.21097760504045
2,12,-0.0898302000735043,0.12439140441639,0.467570619536047,-2.0043496450727
3,12,0.115886129946389,0.640759743097277,-0.0848319167717786,-1.35625633463299
4,12,-0.0348675314296793,0.292619689987312,-0.525399317915235,0.630596280843509
5,12,-0.648837691889771,0.462602758665809,-0.396357833419506,3.17689166411014
6,12,-0.0774667271274113,0.186735924745705,-0.458820192918978,0.689393609087632
7,12,0.150569204032762,0.933044861211898,0.69099672890871,-1.39530623154069
8,12,0.045822063752642,0.382094732033295,0.954956089194881,0.408493651539884
9,12,-0.0104409549943193,0.160509875485199,-0.226469750254867,-0.934754054323792
10,12,-0.0489264175084243,0.505190900010877,-0.377598595641889,1.40275179660826
1,13,-0.0148786283249967,-0.0770153893874009,0.00156877484194687,-1.16887277464166
2,13,-0.0421403653234939,0.0176370587893416,-0.293797809343951,0.881644934730151
3,13,0.0168406142980404,-0.106117220406644,0.396313277900759,-0.598325482785159
4,13,0.0480373241560219,0.491858330435522,0.434629148770459,-4.07803821809222
5,13,0.129602128337482,0.628830312723438,0.202173336048245,-0.201132235654641
6,13,0.0822985821290869,-0.218406199171619,0.0348921632797812,0.751763582991427
7,13,0.00896393545979164,-0.0398925741112837,-0.190418171681885,-1.0200568597586
8,13,-0.0667317653180331,-0.257550070413106,-0.883447883559669,0.421759910110095
9,13,0.209909877526664,0.951542720309393,-0.986773214947318,-1.61454936131732
10,13,0.179019501654457,0.295502058551668,0.135014836522368,-0.28835666092923
1,14,0.197653821310762,0.68655879173228,-0.906098739920861,1.50799258888188
2,14,0.363290362397219,0.224340284367113,0.705033642473344,-0.645491993753257
3,14,0.270444940249769,0.0958353794187808,0.705988117073618,-1.78237122561259
4,14,0.13207106847571,-0.1961487830167,0.140156582570261,-1.56310238568079
5,14,0.311995796612617,0.366882435316179,-0.137932333001565,0.200569151026472
6,14,0.162418103841192,0.00968661074664756,-0.410509462249492,0.610621403103969
7,14,0.204711792838176,0.0649986605995113,-0.16472049805943,0.723126080819601
8,14,0.0655374356238321,0.0133027863002782,-0.497884300476647,1.90131876925354
9,14,0.181506402752102,0.796319468983298,0.0753598083451618,1.67453038624959
10,14,0.0463376974430582,-0.448830595657751,0.781694052049486,-1.21277323312373
