rep,id,Cl,V1,Q,V2
1,1,4.97561142368669,27.2858384578733,15.1457965820968,9.94009070396117
2,1,4.96965157446006,32.1626395657266,7.72767640904721,17.9187759901527
3,1,4.76406128436867,24.7147534363316,29.9434292855496,179.256691810999
4,1,2.92537508406562,56.7326912172601,5.36856265493155,306.518919689363
5,1,4.39255058900477,17.1423161190353,196.117480396439,68.7520562813549
6,1,4.72283065796938,39.1898553364597,2.24785696883554,182.773627354863
7,1,4.44209864472499,60.7831252863174,33.4421847185046,30.1715521754799
8,1,6.68617508131446,31.0331744713691,19.7608354032197,8.87555286962666
9,1,5.02493077764488,12.1149357920261,19.9210913835291,12.053467507229
10,1,2.60706909743919,11.2370887989691,47.7913877931988,223.635645374941
1,2,11.5100738011824,40.8785439229653,9.42751810052387,8.57115218006494
2,2,15.393727953037,82.8115952999259,6.83362503149436,102.166106609616
3,2,15.0762998068367,58.6086788217172,28.287670255991,142.9683325955
4,2,15.658813256441,55.6996948136004,9.5338994102418,96.3192111305868
5,2,12.6121618839576,45.2090420209461,15.1270755696174,18.1250838803469
6,2,12.9006101075461,35.0765600199452,32.9156273656126,31.0081129610286
7,2,14.067489714065,42.0028306490985,6.78194463277535,36.199890781168
8,2,13.3556308185401,60.244885640645,6.37028075636977,36.8537691511256
9,2,13.8725676641224,63.5768051767197,24.4084448656399,24.887455782709
10,2,12.5522702518621,27.1757461269751,123.901800967366,50.0278674774521
1,3,3.70205227247295,35.2093427333546,21.7802280485768,1175.90672156775
2,3,12.3259377721702,53.9445227322773,18.1523827909177,272.421130748256
3,3,15.5335561159642,22.60787576572,65.5908653373996,116.134718454095
4,3,11.7552658033951,42.2781770270867,4.51564600392585,14.8402088427946
5,3,12.8954420375505,42.916524377762,12.0083492264646,108.808998506239
6,3,12.2333154238699,62.6773916865498,14.5582121928111,155.638434284875
7,3,10.0069695608032,13.4589219450683,30.6163375213332,67.1102006545159
8,3,13.9369107986934,57.0258337594229,15.1551335982865,36.9388973585352
9,3,11.3015913340424,32.6095926080199,10.602834448222,212.658426978355
10,3,12.3831363297584,68.9021745903253,2.73074089326105,62.2378035235967
1,4,6.05997085771246,47.7960704288246,7.33920141387034,621.666292385191
2,4,11.7618366960747,30.8862329854698,21.5991146291151,153.48686891272
3,4,11.6577813645522,51.1794280037733,21.1106872657385,5.55194336399842
4,4,9.08150998989088,43.3058737702553,6.55193242096583,246.160562895839
5,4,10.3133711547531,1.69522667498709,71.2374237351271,47.4916707335287
6,4,10.9247919820854,38.4616714650824,4.71842297633133,102.487739519164
7,4,3.8458593680375,28.1574126397008,72.6915307071589,568.461830500698
8,4,11.1430036835439,35.3135411547632,6.13059764675853,24.918474404706
9,4,12.4472209004282,3.04326143153908,51.0162191152898,65.5874330538125
10,4,10.7325247373089,25.6067753787238,29.9352160911252,30.0592765212532
1,5,7.83439997379508,32.4008392780768,2.60763334149654,24.8368352729299
2,5,9.90411803928074,91.5911533786806,25.0006235523091,3.27009514773107
3,5,6.44370572337461,37.7897715825459,7.26003575019546,278.864418403261
4,5,8.36417813542663,26.7240541779924,20.9145903824259,28.4799312262578
5,5,9.91492922061426,11.0178875528372,119.517113400489,70.2652589959466
6,5,7.6511013888906,17.9655420822886,18.3858917135385,64.9318252494606
7,5,9.32478955634016,5.55991050289104,58.4920654774663,121.340772424499
8,5,9.48403067733927,34.6779373069714,14.5619825929963,57.1769315246823
9,5,10.3196784156648,47.4574664262346,29.7700294521073,70.715554168369
10,5,2.31898843218671,74.2783488483773,8.57323788041756,1393.93464368242
1,6,11.055740895739,92.1221994579412,8.52945564254355,13.1884084692956
2,6,7.16375331153199,73.8901102367852,4.88894349447121,813.26376497697
3,6,13.1580350514145,69.5278985722362,9.26163725118126,3.97693029447974
4,6,12.6742044324457,45.7842601014887,115.638886873287,129.195553818913
5,6,11.4292504106132,8.21798824703205,172.508941518136,84.7758262797032
6,6,14.4748886565573,173.676070230268,8.45326523990559,87.0720565823948
7,6,13.7888993383024,20.1024272187699,77.8805675471394,86.8136902584701
8,6,12.2309663622683,149.339113388841,20.3794571892926,140.74547552952
9,6,11.3071537383408,1.42795343917781,144.981202501257,356.173753110942
10,6,11.4331805754062,94.788538861216,38.9491318261992,64.5547576044548
1,7,11.4952457583635,51.6141928479692,81.7401859176012,12.4158139875106
2,7,10.2418763211021,15.9985677039554,49.1122009758193,32.5265187581643
3,7,12.5092797060773,39.4409452196706,5.74516703388798,19.8943997616683
4,7,8.49335357934515,37.9378510212715,1.21075061541484,233.561750329606
5,7,7.53440336123658,26.7822181751507,1.52484621930039,207.970259906178
6,7,11.0851203664713,48.0387863479983,1.35820500651427,12.4100777789816
7,7,10.4137414014901,41.7070766006549,5.84225676547663,32.0021408751131
8,7,14.5278985747301,62.825078958013,75.8072786584163,8.87585655762602
9,7,8.83855980797838,33.8488346726072,2.09166886561691,201.768504182452
10,7,11.4192360544643,72.9633946635474,2.68097869888557,16.3988590717734
1,8,15.6488924921414,33.5451198420393,51.0820095690313,78.517090393916
2,8,11.8028388540484,60.4341025478818,10.464595043397,468.576000205352
3,8,12.7859701124874,36.9053405526955,8.28601350013,59.4919616645087
4,8,10.5618445831915,44.3430738013386,1.68150056869542,138.259781418163
5,8,11.2395844981578,25.1472230313787,17.9132908909815,43.3088737101789
6,8,9.13312771782272,56.0618621442393,6.77372885851555,521.439816331845
7,8,12.7580677651532,38.5655282386686,7.5771787206762,108.46333180159
8,8,7.03041422252692,58.4444438908345,20.5801824864672,846.326781978161
9,8,14.8594581563548,70.7219702343624,5.59157659925141,28.27075121747
10,8,15.215681772234,40.1273497614663,15.0972089855801,67.6059078167865
1,9,8.20590181873015,76.9127505510087,4.37565201541275,154.80703610105
2,9,10.2389867465641,81.3747712674241,42.4625495890434,40.2260959935104
3,9,10.2188099842653,75.8586008322877,20.7887260393328,52.4934172591443
4,9,10.2205783730198,34.9698593656438,101.225063589234,58.8404628492504
5,9,9.87455822273819,22.5055308776231,18.7874029072259,114.959552141518
6,9,6.56655046643181,38.4781552751639,17.3206118645913,542.845424745485
7,9,7.09699715641127,25.4075739486838,8.83082955758769,105.197666390529
8,9,10.0061783194753,67.9003494079985,10.3042658735695,79.9807636965389
9,9,7.78083982910604,88.7894107028256,9.49592564934805,167.680806320093
10,9,10.6952646449593,49.678207399019,29.2814899545207,32.6761635959554
1,10,6.94391011838668,57.7887084256116,4.26655781588369,83.5333920975317
2,10,8.02817172648351,20.5325890014009,29.2092572272764,38.6649298962768
3,10,7.8439718283014,53.9608447372507,14.8021356155185,38.1602288675568
4,10,6.6583263164354,28.6752533055956,10.9231466079724,27.1486667926068
5,10,8.8076712339319,25.268955874094,25.3621663279787,51.0372028624998
6,10,7.50607507957229,5.93121351482911,31.9779082908445,134.417726486593
7,10,9.487305925193,58.2607610512607,26.629456648806,83.2304420814133
8,10,5.52483030090009,32.1357913423424,2.47292267342513,135.020607599431
9,10,6.62018597895597,24.3962841165819,8.51590523012308,115.852411118161
10,10,6.30237446160873,43.8264632059658,0.768338747168452,75.9944191142019
1,11,15.3390093836781,90.7483913862904,7.07541771319089,47.4543532268786
2,11,14.5877354186946,30.3150820615238,36.301641332233,59.2783585597714
3,11,14.0779649572218,31.2838267967939,36.0466363317005,65.9187771416461
4,11,13.1873073465569,50.3138884381746,5.61905805103049,68.9701673090504
5,11,15.3169832927057,20.4166918165594,33.8824027346047,62.992527479285
6,11,15.6896167312266,65.5511948605651,39.8725280180716,82.2821578777369
7,11,12.6267132434698,77.2091523415848,0.752496018036983,198.40151672807
8,11,11.8830929528578,38.0446141777301,8.46358396768072,136.350103814292
9,11,14.0552770743065,15.3233516744751,92.2572572889743,98.1186075296748
10,11,15.0594137971117,27.7143148119716,104.92517028103,59.0236396391446
1,12,10.0953454051272,8.15291997362036,121.903552890196,62.6782207066248
2,12,9.98185680193354,47.8090526129717,13.7855473478704,51.2758532796882
3,12,11.7498707222329,1.6246716182158,76.8037176450414,147.053062107246
4,12,7.94667260997897,46.6305103650904,32.1111853057449,116.630311209499
5,12,11.2437843366095,17.0601756585831,144.730859057621,122.595254236948
6,12,8.25283198804828,62.6231975156853,9.37771127750828,239.089104831659
7,12,10.7523752971703,56.7163414731842,19.8217989106606,197.153941494343
8,12,10.6077870950747,80.537583008635,128.448209506426,14.8965996856765
9,12,9.58901522614039,91.9531041861999,1.95805602023483,216.588722937503
10,12,11.7950182565543,52.6073329607927,22.2403585259138,44.3616937789373
1,13,11.707566585799,1.2575212238117,43.1540481018194,134.222392486932
2,13,7.36137726333286,83.3295886860279,10.2672273012868,610.263115790399
3,13,11.2293435868056,47.9325489702409,27.4388803061004,23.1480279032114
4,13,7.29083624044472,56.42577944637,19.2872780171267,565.964901361001
5,13,10.6905097181978,74.9867847907,39.5635455573313,107.69222018294
6,13,11.0198238419586,74.465432173653,7.23341608684336,80.3060586015938
7,13,9.27770447874054,42.4438021931845,3.22083331097626,104.990929288491
8,13,9.04361055690276,53.6651118529365,8.46262123433867,403.877588326129
9,13,10.1503710856086,1.78710396004986,170.801177095725,84.2920025896824
10,13,10.5733336101454,42.4731174410762,5.64066558349756,79.7460615925723
1,14,11.443958548984,35.6985394543824,43.9747612347826,9.04758441057871
2,14,13.1710415835988,57.5837781165796,5.61327927537074,37.1688923191428
3,14,13.454498581252,52.0780220122553,5.65162270188996,10.0063844626833
4,14,12.6848158362434,65.8090984630645,0.873091151504067,39.8246057621923
5,14,12.1778350266158,62.8482179246214,4.13829617224797,364.082797932517
6,14,14.6029248290215,62.6820390880762,18.1677102317892,14.4488757540165
7,14,12.2634251300629,52.07933460904,4.99052916642225,2.57954297424274
8,14,12.2891342606176,35.6849037561615,11.4916173350815,15.734209930643
9,14,11.4449593354732,50.2597159603918,1.67639626522102,16.321977645024
10,14,9.64189886163712,5.70071790010046,128.193277216643,27.7784426682112
