rep,id,eta_Cl,eta_V1,eta_Q,eta_V2
1,1,-0.621404787252984,-1.30461234977807,-1.44965903276028,-1.53830271991999
2,1,-0.623515986010853,-1.28802825092187,-0.0446114884219294,-1.50348570805343
3,1,-0.66531624181524,-0.966900189883203,-0.322319289893066,-1.14797539952253
4,1,-0.677338001815102,-1.11245772595096,-0.196156511546306,-1.33057064580112
5,1,-0.66860998097649,-1.24580493356248,-0.831404043345259,-1.49191537055916
6,1,-0.691008755436472,-1.18391353639478,0.0335114238187846,-1.40023349785935
7,1,-0.65812700915681,-1.09325524799825,0.0295351398535256,-1.2720865664156
8,1,-0.657738585141181,-1.10283936417607,-0.505849658033715,-1.32118386552543
9,1,-0.650811632160212,-1.26412047680212,-0.144666088641288,-1.4987503738039
10,1,-0.657141882922616,-1.09147579131162,-1.53947309164704,-1.2872315040025
1,2,0.23878893021135,-0.821179604500619,-1.22692039302732,-0.964959853075099
2,2,0.235003409350756,-0.885609164247464,-0.725231767521426,-1.07001984799381
3,2,0.216200978199236,-0.845058283742491,-1.13157884382129,-0.975886503122093
4,2,0.230426365647077,-0.823734547230929,-0.358330139029268,-0.97080502533079
5,2,0.238632364048205,-0.833159961315536,0.059932913715878,-0.971503494756029
6,2,0.224526386401277,-0.844645209794347,-1.04859812420208,-1.02040398665535
7,2,0.260231916463511,-0.732692114140017,-1.32975025783782,-0.866980709680541
8,2,0.258653157044732,-0.863393622282576,-0.449168786050066,-0.994622836049663
9,2,0.236586942033006,-0.802829961623229,-0.986425297268769,-0.961124904887564
10,2,0.221313178358105,-0.913031227684669,-0.336398424673642,-1.09958024931172
1,3,0.207254567807556,-0.783153933750405,-0.372681307110816,-0.941303049951117
2,3,0.146670570057534,-0.788458738981859,-0.733972878149948,-0.949445146557068
3,3,0.168245581638475,-0.867011677244942,-0.271669634742485,-1.05405758757931
4,3,0.182285912717798,-0.773667030819241,-0.69367088541436,-0.899171449747773
5,3,0.218246248792052,-0.667790610535539,-0.456151052375585,-0.778468074848084
6,3,0.150828565466554,-0.894892768300079,-0.808997907345401,-1.06476369935458
7,3,0.127226554844804,-0.908448991962076,-0.627263346749795,-1.0633604234946
8,3,0.20182470860395,-0.766199725511152,-0.688038170931212,-0.89899049689448
9,3,0.18631246820937,-0.794794583430623,-0.463146036921568,-0.940250806181343
10,3,0.15571313199149,-0.895388306000751,-0.594226425843452,-1.06856289318031
1,4,0.0289269179717492,-1.18097954997154,-0.600232203943558,-1.42118489002819
2,4,-0.00893400519155015,-1.20832623352543,-1.25008764930606,-1.41443236078242
3,4,-0.0444346086337809,-1.20676932191278,-1.20098056680246,-1.4197982475748
4,4,-0.0308609035967626,-1.22535400047224,-0.598749812902339,-1.449992537791
5,4,-0.0177365651980846,-1.22309501712069,-1.17390350187212,-1.46086738211956
6,4,-0.0412498858979154,-1.21693684829945,-0.039794576184975,-1.4376008356511
7,4,-0.0554531122934019,-1.25057653699028,-0.96854438968641,-1.46317814177543
8,4,-0.0400633749797356,-1.19009839733941,-1.06983012306505,-1.42538716175906
9,4,-0.0439778696153363,-1.18700797283714,-0.634106288580466,-1.39243774553461
10,4,-0.0389820485593015,-1.257319272774,-0.917109673812687,-1.48967563918054
1,5,-0.19871997070729,-0.869008036055849,-0.777512805499173,-1.04165366898339
2,5,-0.136375581137038,-0.796778598534768,-0.133327658362266,-0.954820130094644
3,5,-0.163903883088868,-0.813398941606637,-0.69605972353856,-0.940820064180078
4,5,-0.0937060279025239,-0.798837650844511,-0.734533130246339,-0.952330761231596
5,5,-0.134921674089912,-0.775055079439533,-0.706346805599994,-0.92759505615373
6,5,-0.120285499387393,-0.893072962021188,-0.645622393076635,-1.06686834508221
7,5,-0.133637530521966,-0.741992581423813,-0.987836152494937,-0.855424447122652
8,5,-0.140145388563424,-0.787463592477989,0.045057431978257,-0.939023345807654
9,5,-0.128462006277747,-0.849553308256834,-0.411471841357545,-1.01023861373229
10,5,-0.143676128554438,-0.925244090309175,-0.986059598134886,-1.09659699040653
1,6,0.157502354166875,-0.433212870620023,-0.251675450103505,-0.494549791919729
2,6,0.160164837454741,-0.335471850107695,-0.132481736513357,-0.439957330684236
3,6,0.15449026894619,-0.500780548199171,0.800420112107045,-0.610875139124495
4,6,0.165319722107563,-0.282837162976473,-0.301851102802099,-0.315380735220728
5,6,0.179757067980925,-0.46628202202213,-0.279531308086763,-0.545691477605382
6,6,0.155440846792867,-0.37864237589863,0.0522230273296506,-0.430094967622413
7,6,0.127163072926669,-0.397133646797146,-1.18321391704337,-0.461478997093698
8,6,0.157293405666298,-0.349199835691193,0.784518466078695,-0.410850967108513
9,6,0.145822979328517,-0.439111431920146,0.530532142370505,-0.529195997407655
10,6,0.146402390470167,-0.460720698198691,-0.150423030225828,-0.567796601006833
1,7,0.11404226243862,-1.44407519049359,-1.67934979961472,-1.72335378240059
2,7,0.0832590545437604,-1.50092170234093,-1.6955276521169,-1.77844779725883
3,7,0.0934080224312146,-1.46417006549942,-2.02989553997613,-1.77546656724953
4,7,0.102533203818325,-1.44552062366928,-1.71669623769463,-1.73162880337063
5,7,0.0797603718500181,-1.47145680368539,-1.8908524926369,-1.718245791673
6,7,0.0800610439202495,-1.47378505864045,-1.64528407936572,-1.75258022614075
7,7,0.107233473259866,-1.48910448061898,-1.23645317693906,-1.76490362334288
8,7,0.094520602117551,-1.49258152668576,-2.00087742967855,-1.77351082375253
9,7,0.102133193614706,-1.46216629978345,-1.4690103099169,-1.73652905393127
10,7,0.126484599039689,-1.43345137117992,-1.61371982805724,-1.7049009136457
1,8,0.243445471207631,-0.942023951579657,-1.26888453292313,-1.12919688846819
2,8,0.227000180929038,-0.968904908979436,-0.992139320411564,-1.12421187557549
3,8,0.217737347066552,-0.960429248574954,-1.04990855829637,-1.15310488021384
4,8,0.164833470177004,-1.03001311672748,-1.18649429678294,-1.24098523211816
5,8,0.252475019190635,-0.885349884125826,-1.20228887999565,-1.05514620516101
6,8,0.253596453227818,-0.907213591986792,-0.549528333456452,-1.056607835585
7,8,0.204234963803571,-1.00135847466102,-0.579710313708396,-1.15893036831447
8,8,0.206832871049475,-1.0452142649417,-1.34362833830893,-1.23527155887321
9,8,0.250782593893245,-0.865593848023752,-0.832841853180428,-1.02156048844528
10,8,0.217452404792803,-1.00691298511531,-0.94968191671121,-1.22168407762195
1,9,-0.117401369623791,-0.933165887802046,-1.20132837793067,-1.0958840550883
2,9,-0.0882060114855809,-0.929683213246927,-0.791167656065074,-1.1097832578667
3,9,-0.0771990934408944,-0.815424817273091,-0.961098960618193,-1.01304472651738
4,9,-0.0261402609511319,-0.829541673056224,0.0714138108071779,-0.973108753319465
5,9,-0.087526585905606,-0.955683199200243,-0.41305761667409,-1.11271084475539
6,9,-0.060708302145154,-0.826067722377726,-0.542207744293757,-0.977083201920015
7,9,-0.0368066444910311,-0.868474825560926,-0.969797146913313,-1.04528802266498
8,9,-0.029657775744859,-0.811796017341882,-0.615462017187083,-0.9650151222608
9,9,-0.0429484598368676,-0.847744531729493,-0.979131624354538,-1.01972271133281
10,9,-0.0532030783222269,-0.895417119275178,-0.262093499983618,-1.05198872800463
1,10,-0.440187906113501,-1.3137927505481,-0.945522958888339,-1.5650005486153
2,10,-0.407252857665422,-1.27704617517201,-0.356800498878441,-1.51311126224696
3,10,-0.379939623729809,-1.27675945539295,-1.28014130787015,-1.49573871088884
4,10,-0.452063274361246,-1.33755447453968,0.11800945976469,-1.60052394582081
5,10,-0.397305749800588,-1.28457720662939,-1.39126789075694,-1.54275155593184
6,10,-0.383098708498331,-1.22395910087472,-0.934571563643142,-1.41123640274142
7,10,-0.369765209519704,-1.17215862467118,-0.711068220665697,-1.40826549329157
8,10,-0.383056006780147,-1.19546845542443,-0.775622004631589,-1.41862064017193
9,10,-0.405092445023049,-1.2571685431223,-0.838276984138036,-1.49168459526299
10,10,-0.454982438366585,-1.24549720801287,-2.18239044117587,-1.4581629501263
1,11,0.184538409363149,-0.751597083537498,-0.982992216625079,-0.875155646706874
2,11,0.198935373545871,-0.859902163920462,-0.043903425697418,-1.02260496322769
3,11,0.20154815889017,-0.79670427438281,-0.50098966694059,-0.968870947242842
4,11,0.221437558246591,-0.803277022769028,-0.552622646537501,-0.949253076739983
5,11,0.219956010300873,-0.754883472624107,-0.73904781295321,-0.86801130240649
6,11,0.184368395409251,-0.832596012474182,-0.451041919872813,-0.996760642078683
7,11,0.20852072268569,-0.773587596326535,-1.01121457257975,-0.903162601706904
8,11,0.202934450621913,-0.803349792149475,-0.717182876589053,-0.931467676928069
9,11,0.205658535074601,-0.847486700907336,-0.607113063059596,-1.01809727962199
10,11,0.21850503789438,-0.822453859229498,-0.586533733204419,-0.957468847310821
1,12,-0.0390694477286008,-0.610178624788786,-0.925785797869884,-0.72485987006721
2,12,-0.0573738258418655,-0.719403551109413,-0.686917828215786,-0.845338725099357
3,12,-0.0438457930118661,-0.682746594230696,-0.738601175035313,-0.802048358528821
4,12,-0.0254710415104717,-0.732235047742247,-0.891941212183119,-0.890399290119978
5,12,-0.0762137048083466,-0.834505115234219,-0.579831737398038,-0.999571928834644
6,12,-0.0758778054493248,-0.902295982169091,-0.269255165643568,-1.0721372908855
7,12,-0.0654506363324358,-0.773614121394162,-0.273452676141689,-0.928516785940137
8,12,-0.0328624343560913,-0.691146213182563,0.0856449843906165,-0.840134464643359
9,12,-0.043593520826899,-0.666374434639274,-0.375845850803158,-0.774731297504077
10,12,-0.062479122656512,-0.872835337808006,-0.200957572437778,-1.05184044497195
1,13,-0.0148750685363058,-0.932289248937816,-0.54327570767871,-1.1004350334006
2,13,0.0179695682370548,-0.818119212957702,-0.34069329494935,-0.971183930804476
3,13,0.0192851168768332,-0.862923055967625,-0.54055508363433,-1.01024176780296
4,13,0.0452902732818921,-0.780602075498932,-0.840067077227008,-0.964559393298199
5,13,-0.0415540387155826,-0.909998568461367,-0.365744324591734,-1.09044818595847
6,13,-0.0338280112167951,-0.923902366967888,-0.85154675079021,-1.08115851663549
7,13,-0.018411690773526,-0.889262127644769,-1.17439896054495,-1.06102529745418
8,13,0.011031555438702,-0.861248684092982,-1.19858933391159,-1.01418417592447
9,13,0.0269234575125451,-0.890763270027233,-0.50756064714408,-1.05398250807087
10,13,0.000964924394408921,-0.828771423714757,-0.886158418689494,-0.986524553120637
1,14,0.192108592701786,-1.04635719853371,-0.489288921807068,-1.22646567166665
2,14,0.187646770532441,-1.02166712083507,-0.553239787020645,-1.22516112146164
3,14,0.161021872924667,-1.12042041449918,-0.684374776490721,-1.32100852202341
4,14,0.167822787566021,-1.05945387435312,-1.03925685364628,-1.25575929693468
5,14,0.187870198489538,-1.03427862582368,-0.255097067404726,-1.24571296279461
6,14,0.204864671853927,-0.995793026328609,-1.50334074562091,-1.16894770028421
7,14,0.172710507247958,-1.03370882450589,-0.398593790345398,-1.24362252998471
8,14,0.174331592786018,-1.02821187855217,-1.29116125555041,-1.24597932897364
9,14,0.203102830707574,-1.00555326980858,-1.08033906262611,-1.17691545854841
10,14,0.199312791664497,-1.00249497089397,-0.111414583881191,-1.18810927001585
