rep,id,Cl,V1,Q,V2
1,1,4.76000551569355,151.028306238118,6.73394274074838,15.2339448408812
2,1,4.38123434258892,40.8271833082087,22.3604095207666,94.7133572324062
3,1,1.10145918775365,4.54890207371045,23.3910557482304,383.253259441084
4,1,3.77164179675892,28.0355828935891,5.74549366348939,88.1132941719737
5,1,6.49562629454619,27.7442328117847,32.5029540531976,12.1651432670105
6,1,5.16796957502014,7.98877527487302,130.684004968618,155.352273163801
7,1,3.75821235403137,110.714663471889,27.5227815530005,5.28841853179296
8,1,1.92285063879335,18.4553625831484,16.4732729566486,171.62903535841
9,1,6.20512492543976,27.7944203382243,33.0155792109918,56.9072816214735
10,1,3.49848874947732,49.9977886188953,15.3572694709441,222.925529791923
1,2,14.2805556789131,34.2737710921704,180.667216761642,45.1602376366531
2,2,14.5462061010553,65.4657710752881,8.18582242014803,173.385068905744
3,2,14.0379626643734,5.93450743738102,417.038088960964,65.9987280338875
4,2,15.5067788633488,43.7135741610285,18.3307782096398,85.0332780284384
5,2,12.9740612492537,71.5311864355551,75.7965439459581,11.0049029928137
6,2,11.0902367930705,28.8822611808847,88.8803372425695,13.5017096408813
7,2,14.3691936424569,53.8235267908114,16.2627922605957,177.49836873428
8,2,13.2350318572279,37.3411947666772,46.3170630258632,51.799804780873
9,2,14.0231584162489,24.6084669412339,51.9133835088755,42.6162043297073
10,2,14.3293444326474,52.9209641672354,5.98023862467527,71.4257898734751
1,3,14.3230338538432,15.1182938223411,58.9152999724039,137.41096686157
2,3,8.15469490108146,58.2592886846264,36.9156807113418,579.892595612771
3,3,12.8002071161904,42.9081792628486,28.299526361115,279.959913901819
4,3,13.4212126884893,3.84070740815652,93.3506375072246,121.958554403418
5,3,13.4446078890361,20.5684688698671,71.3324080290521,278.720276840788
6,3,12.620705246991,62.6934414598188,17.4673117073158,78.9423976306501
7,3,13.5632751126064,37.2168443416259,15.467856190786,61.5701693447488
8,3,12.42727955709,45.3265607143918,30.3701442116729,78.3025459209425
9,3,13.3644526187011,74.3585290161157,3.36707645727423,2.45729130203198
10,3,12.3648061248466,33.2628030526365,73.3174568986306,130.264881578697
1,4,10.069809162702,54.1013294478241,4.39141025406149,31.9325544265239
2,4,11.672431149973,12.4984452844887,81.2162038606223,43.1951149164082
3,4,10.2135165945262,12.1135116175878,22.4586377624551,100.099231882297
4,4,9.36309059703593,41.3748447226694,4.19704595557671,88.4924955674388
5,4,10.512798128938,45.3732342425314,4.7043798054729,17.9554190775364
6,4,10.059925732536,15.5739026338992,41.3186712759476,34.2831628486238
7,4,9.07670821840725,38.2294893583719,2.66550585688856,16.3279527055532
8,4,12.39326694955,40.2682549075778,106.186448162017,20.9054676274203
9,4,9.72502059628288,6.86200762250403,24.7517175388972,37.8839459701358
10,4,8.89524668205592,4.91751548853337,33.7590724484865,41.3767087134746
1,5,10.8518256814612,16.1837009649447,202.26064968274,104.226857749277
2,5,11.0824064688754,35.0091292753528,49.0522646788664,64.1796854505188
3,5,2.39088742254877,43.569929394174,32.4295688417896,771.922882445439
4,5,9.85010684798325,85.119698472451,34.1956794525785,138.175097813858
5,5,2.89370640354052,13.8938807115886,93.4998085245091,507.998693237382
6,5,7.84981279327581,28.869692102206,28.4486753237062,229.843883735754
7,5,9.44660147262664,6.16909323050481,91.7171941605429,112.454983527781
8,5,8.25222286796737,36.9440046815231,8.16561714935452,173.63157787138
9,5,9.05658950877192,3.91517297107369,91.5503493647393,165.517073328399
10,5,1.35414226413368,14.4224197995343,67.3422983148126,755.578493502855
1,6,11.9592357322635,110.688769940657,33.6687351759483,73.8007466247633
2,6,11.863090340593,50.4085156592183,20.306293059787,120.003948926948
3,6,10.7733693402111,111.692692847406,10.3256164950787,156.927284271612
4,6,11.4477639285164,107.716422797382,9.02632679289002,172.371815567168
5,6,14.2945899869143,84.8258917771185,194.521959550742,126.634962986735
6,6,12.7141872612748,103.512195892308,6.38110392285991,6.00985712797518
7,6,10.2516414366678,83.7450642896429,4.65302526204485,165.692918849333
8,6,7.21375318914879,28.4212467575011,234.617733579595,613.102677466904
9,6,11.3439627400662,42.0384433693507,30.1631287762126,46.9768979437986
10,6,11.3281449265876,21.7755850477414,13.5543600027856,96.1451442959828
1,7,11.5472444642371,37.6018660471322,79.8863907922017,17.113501287209
2,7,11.8239653668361,24.9090971583638,162.618406413466,36.4857823811804
3,7,12.2170144323905,54.6139435611152,1.3393228732725,121.970654090486
4,7,11.4609881777328,46.3446473604861,4.82571144920283,7.9014623673005
5,7,10.839128439459,29.5110586112333,93.4304246165089,20.871813845188
6,7,12.8588674541802,45.6350228686962,141.154481809212,27.9884106303763
7,7,11.8181028989775,18.7899188555601,293.217581932352,36.5925408779523
8,7,12.7544624576751,59.6889056387898,58.9173726104239,6.9096652585382
9,7,7.80920508406578,43.8236727009715,8.30431268401077,1047.75952660719
10,7,13.4184821602334,51.5324343915179,13.5475327614914,12.6000423304265
1,8,10.5031860217171,59.2387411218521,21.5151154944095,534.779943419859
2,8,12.3167414029489,41.1002269517861,55.1062592738135,36.7516958570288
3,8,11.8218740523742,38.6124552485639,47.1309550478093,17.4855890160632
4,8,12.3123367060341,49.7434492298925,4.24091769475366,9.69694373099293
5,8,17.2592088166024,18.0823843558547,70.5682517975359,77.9232228880379
6,8,11.9077614373501,55.3670504161149,3.44412989302212,82.8093213367245
7,8,15.7211982557244,61.6110974762957,12.8811948869611,41.0908262192698
8,8,14.9915263581343,7.63644971007032,54.2743935833894,95.1100825329371
9,8,12.8739897640985,19.0834066646039,23.3677765327432,109.654606631069
10,8,10.4252285062133,60.1908129184864,13.6443333250973,452.14841665229
1,9,10.626674184797,26.46907745206,88.8240492459767,163.750486525722
2,9,9.97472119895842,49.0577967466653,37.6190274914291,66.0156684512523
3,9,7.7090319214093,41.3917734534951,2.2932119645855,94.3655156725093
4,9,12.5003570661364,3.9505271172963,97.6832539112284,115.277792839961
5,9,10.4462306143736,35.676927361795,120.440812668412,19.6627133359045
6,9,9.46424551148718,72.625827083312,6.47510748830639,152.796158566658
7,9,10.3291077071379,22.1464442085222,33.4529085935462,98.413349947345
8,9,9.10481965612639,34.8082783729587,23.3842073977854,125.986365715246
9,9,11.1102184619435,58.5659462821805,14.215195424809,92.0343901640208
10,9,8.98620814106538,5.7644772149398,172.660078695941,40.2247338908518
1,10,7.80047374917505,11.216783847656,73.8220480373567,45.1434159692419
2,10,7.30677638767878,8.54302564283403,95.6084918976144,83.7396698170467
3,10,6.64414615355043,12.9397784387007,261.626420062152,24.0232723131466
4,10,5.78836693170235,24.7218024559266,5.69694790856137,177.797474045962
5,10,7.94549507344867,19.6181272134715,750.670178075353,35.3559732134081
6,10,6.75357446001203,72.1399563787192,6.90591238079899,82.3708376396964
7,10,7.81824437935444,29.0120987098529,11.0446953288502,55.0576811788743
8,10,8.06085097775248,46.5692484883177,4.68694551219266,1.5443179697685
9,10,7.96092144032921,26.9691695573877,17.4824097675978,14.3830133008322
10,10,5.91848001394144,22.1200857075567,8.48302883788971,117.020109120535
1,11,13.7018011081292,27.8899608418343,74.9295727135844,51.1980400201109
2,11,12.6863570106917,27.7547491018651,15.0532280792156,49.3272970282277
3,11,13.409845555514,26.1684828709274,19.3510182550139,45.6598131664906
4,11,15.29623835433,5.31957886417944,125.947993715661,106.003852141125
5,11,12.6517569689751,6.15868465615148,76.2981328590344,113.741728979797
6,11,13.4730484071511,70.8809120762893,8.04472358622285,288.727143914957
7,11,10.3624847329258,60.9154157819129,16.5315649750157,427.516268796013
8,11,12.2305290681028,91.7645303100285,2.15735328347038,355.07143692298
9,11,14.3461744200976,55.879410918371,20.8550838982996,64.5496298310308
10,11,12.2558599624101,66.0261019209104,6.84910726974815,137.615319696647
1,12,7.55608264366238,45.4187115370243,56.9057460903145,289.003448444231
2,12,9.76777295652973,71.4199570850385,9.50679267676902,133.159278963506
3,12,10.281980041425,94.0536749664188,16.5934125199467,223.175032845495
4,12,11.5214942954404,33.0847752508128,64.9737755491612,47.6949908772224
5,12,2.52589179369102,92.0859169684275,16.3810147298711,791.868944102286
6,12,12.2483446313398,49.3800570435462,38.9734280059324,64.6987964367683
7,12,9.34005714283664,28.3247576606567,79.3512455055055,204.456212616463
8,12,10.9109201050776,39.0944161724498,120.533257537592,21.9495896278872
9,12,7.04255824060494,55.080147840549,11.4785826506643,13.7210640483179
10,12,10.4916720382069,56.9988537415927,13.9310487536721,138.982040568964
1,13,11.4957154754163,85.8768775381305,1.32958035882731,26.8035138130262
2,13,11.9162691619922,45.2395131615429,8.88812125062957,22.2603010923783
3,13,11.4113881480597,72.5839696975307,400.424980894894,7.0990198085204
4,13,11.7170790096942,110.397167840064,81.7135246269941,11.4291725288165
5,13,11.4480464355499,43.8516144732437,66.6007413957704,134.31423312269
6,13,11.4392809797171,28.4219345289873,320.445688115415,49.8378059015857
7,13,12.9278891467321,40.040938460034,51.6202021571146,91.9211298348837
8,13,9.75183774090939,76.9895025368942,5.74855039642927,113.156473578183
9,13,10.0334366154576,29.2943525846634,183.521573676386,101.047880155425
10,13,10.5704189350105,28.9408548008348,130.383985286486,79.8975575529983
1,14,10.4526930518705,59.5516758579524,12.9234129728717,629.12036862404
2,14,11.7333345942546,35.3197442448293,7.29917823422456,16.8873872225465
3,14,11.9862277443928,45.8160740586787,16.8234697143976,26.589002965161
4,14,12.3257158209713,45.3018349108399,310.523354734336,3.63581355900288
5,14,13.0179610620817,62.7862455896138,7.58071391871771,29.6206433511238
6,14,11.3430922010715,25.7424760909498,118.781702710136,22.1693945845455
7,14,12.3832061954082,29.1088216495883,46.1656823932356,16.5245375230589
8,14,12.211989667805,41.1823229922116,16.7577759763452,15.5405866484705
9,14,11.2485723060649,62.1773687925206,6.3294128043006,262.912400132183
10,14,15.4952814523535,47.5155259749237,22.7428557468547,25.4100569424989
