rep,id,eta_Cl,eta_V1,eta_Q,eta_V2
1,1,-0.0285904158044668,-2.05879875814219e-7,-0.227203110278632,-2.19468716178284e-6
2,1,-0.0149246929534033,1.43832874055505e-7,0.0339015213059826,2.46574687201573e-6
3,1,-0.120841716664703,3.36589986549285e-7,-0.443546602199012,-2.70563459148221e-6
4,1,-0.0268961082411177,-3.43082913190074e-8,0.200812800588825,3.00453392565458e-6
1,2,-0.0609930750625165,2.65890154338422e-9,0.624884453375474,-1.41436350054036e-6
2,2,-0.0370664118014044,-1.16089205359771e-7,0.732562675265162,-9.77540551616585e-7
3,2,-0.107188648328205,1.84139272718653e-7,0.308374669276366,-3.69444529502161e-6
4,2,-0.0820371019615829,-2.13786551572781e-7,0.329887692036625,6.66595400167225e-6
1,3,0.201469823164218,-8.69617577947679e-9,0.376725152411928,-5.62419930583147e-6
2,3,0.18811405487003,-3.33010361508457e-8,0.366065470973704,5.50014702316304e-6
3,3,0.1929144976524,-7.75327961832772e-8,0.415156588737167,-3.18250494846239e-7
4,3,0.206018031905914,-3.55017470532459e-7,0.592143460963218,-2.0200031736195e-7
1,4,-0.0781500502218,5.32289594623592e-8,0.306214978349786,1.02315238059703e-6
2,4,-0.098835719689669,7.54255862212005e-8,0.374953263585783,-3.85524622403821e-6
3,4,-0.0133055787195078,2.19014088198577e-7,0.697703114479927,-4.96679389039301e-6
4,4,-0.0849754935630123,3.58497578289985e-8,0.155010792930137,-2.31607362177755e-6
1,5,-0.11706528303907,2.97435607254926e-7,0.591586153631358,1.89672049399903e-6
2,5,-0.0807286042527688,2.42709386810702e-7,0.566899470529563,-2.32114692355623e-6
3,5,-0.120846052159282,2.04935250991412e-8,-0.0231800422999431,-2.87552695477089e-6
4,5,-0.117558581038281,-1.03132504758463e-7,0.311654167295752,3.42026749544644e-6
1,6,-0.10177472856381,-6.44856630316326e-8,0.556811047617777,-6.02702165153346e-6
2,6,-0.0691070112358494,-1.52333397895887e-7,0.454208756785453,2.98392055286811e-6
3,6,-0.0307812753513907,-2.73001036443787e-7,0.764963256476412,3.37391856408686e-6
4,6,-0.0946365767819635,-1.51239758938715e-7,0.660205208551411,-9.35820901215578e-7
1,7,-0.0721895141330271,9.65211004455568e-8,-1.10053876732364,-7.37335516864945e-6
2,7,-0.0463267980196966,-6.93044408528465e-8,-0.631703916747594,1.25089640334863e-6
3,7,-0.0312541217861346,-6.27850584855594e-8,-0.383107254309417,-3.00193284896721e-6
4,7,-0.0228234760711401,-3.85079994558168e-8,-0.626068839129415,-8.57033224255233e-6
1,8,9.34124916858181e-5,1.61538104226366e-7,0.483044391815625,4.26700160094384e-7
2,8,-0.00404714891186053,-2.66212617283657e-7,0.0918598434045617,7.00773055894999e-6
3,8,0.00738026221637389,2.22080757339427e-7,0.338357515838237,-5.0513540017505e-7
4,8,-0.0207359295755039,-5.58891888324808e-8,0.0400994985545133,-1.5818580845206e-7
1,9,-0.42243278348567,-3.84869761838047e-7,-0.794960363771158,5.24824022729575e-6
2,9,-0.399859619423688,-2.58384689644231e-7,-0.371202410655295,1.63179954970616e-6
3,9,-0.36446236473204,-2.99106608370181e-7,-0.525579831374509,-2.42044242071415e-6
4,9,-0.413038045567063,-5.72397449438711e-8,-0.486748378005786,1.09445329421476e-6
1,10,0.121133505375427,4.10788528082406e-7,-0.704349945566091,4.56983662866506e-6
2,10,0.0563156658298856,1.66832267112227e-7,-1.27634391231769,3.29583445335402e-6
3,10,0.102933935281548,-1.63682126963494e-7,-0.875565312445331,-3.45417678726534e-6
4,10,0.0723601522835882,5.50120291542555e-8,-0.953390877370186,-4.65683433503727e-6
1,11,-0.0582541866398256,-5.25655645677858e-7,-0.884617982744546,-2.36220787863672e-6
2,11,-0.0285164653770855,-1.40463490616582e-7,-0.62914175991198,3.68555849084018e-6
3,11,-0.00522826616980643,-1.27515241477028e-7,-0.658686944753258,7.20289809130747e-7
4,11,-0.0296585299141574,1.1493550688968e-7,-0.335322860705434,2.60632123882942e-7
1,12,0.111370198308352,-3.24251433703182e-7,-0.0179050750924281,1.54289290454912e-6
2,12,0.130650894984635,-3.09012149202204e-8,0.215717237758981,6.11286121721122e-7
3,12,0.12568369797533,5.8306838335298e-7,0.158638135712055,-3.61005352722543e-6
4,12,0.0939980959468985,-1.43075654435165e-7,0.221714537397372,3.82645347052346e-6
1,13,0.198786667450169,1.13685235003658e-7,-0.27839383603619,-3.54971410088112e-6
2,13,0.208953668276526,-3.64393506924188e-7,-0.147551522396747,2.7578940655637e-6
3,13,0.237480733580752,4.96490879520195e-8,0.231166145523574,5.37858597882135e-6
4,13,0.154556782671055,1.62072975928851e-7,-0.218162817067129,1.10569906430769e-6
1,14,0.183192455370472,-1.6417097858934e-7,-0.238815761019247,-7.1819164260134e-7
2,14,0.150990539317319,-1.57994071159351e-8,-0.194843658696342,-3.84877349857149e-6
3,14,0.189393122310174,5.54689741694148e-7,0.007319454623814,8.29374244837311e-7
4,14,0.206570312914334,4.6837758560514e-8,0.14000180788698,1.08436461188077e-6
