rep,id,Cl,V1,Q,V2
1,1,11.4775320289417,55.8743933374768,8.3007467364974,176.101915399974
2,1,12.6960933396368,51.5133507887364,9.61067978148715,61.0133988895559
3,1,12.6224714625867,38.1494494959734,28.9546892278213,40.1845137685077
4,1,12.4902636461325,45.4297614795901,18.3949989312517,30.2570675745693
1,2,6.8166588285385,40.2608336195334,5.23700282264357,28.1060396717028
2,2,6.84990119984327,39.677171416267,5.97501248281489,65.4182565486703
3,2,7.35386489064527,32.4654640383079,13.141131721237,31.76068126361
4,2,6.31109226621679,36.8257083352584,5.1471511487607,89.5699974747166
1,3,11.316693703246,63.5995680936343,19.2392520869835,165.519703991285
2,3,10.9328160481838,64.9650945431007,18.35692958862,108.622398792929
3,3,11.470873717223,52.2430437142702,23.5029396730583,58.7834587218467
4,3,12.1868093863218,65.0996135726227,25.8281040587368,99.756993324531
1,4,10.2827635837616,34.3295396073639,17.5909358108024,22.2450708328831
2,4,10.5753031109987,35.398536333592,18.8718574534228,34.5493072417253
3,4,9.73551759057919,41.069327961276,7.51000266454298,83.1794375834541
4,4,9.76810612089063,29.135371738045,17.4944497291778,25.7048981677836
1,5,9.92703910082024,49.8463241870641,13.6839303437176,68.9802200963157
2,5,9.83168628278231,49.4441940072527,13.9033209020931,47.2274601279508
3,5,10.0108264155747,53.8284854309202,13.5905883143348,41.4732476173594
4,5,10.3048295247328,37.678360995852,32.6242565331613,82.3504560548211
1,6,12.9746866387327,49.2723068600013,13.1038159210119,44.9129013428063
2,6,13.0170603230459,51.0604358276637,12.0166299150435,41.7254655185472
3,6,13.0998679297131,50.44658129149,9.92081496121355,32.0666504956619
4,6,13.4783464511502,54.0507893969338,8.81345958820375,57.174501270916
1,7,9.70993548920651,40.6916394717088,12.6721777356162,56.7176796206535
2,7,10.0286327799426,31.2333938243391,32.837790726766,68.4853775481084
3,7,10.4061209966644,44.6681779368875,18.9100081041683,52.4062407056959
4,7,9.93290945954264,40.9699569238798,18.0406709561027,49.4843067363686
1,8,11.5263927802193,46.365075407496,4.90574854199947,145.893822441521
2,8,12.1378734540377,46.8131413321374,4.52193812315384,27.161879509204
3,8,12.4089444846396,51.0136547870379,3.13069578507085,45.9974804241616
4,8,12.3254702432299,44.9495295089734,7.87233929165111,12.4537150423935
1,9,9.93751276650772,38.2533078652659,6.69113742790772,30.5816275028389
2,9,10.1948172849331,35.1255546269707,18.860262247815,18.5642737938851
3,9,9.71390544540312,40.7443633184712,8.27021914556035,116.714449798428
4,9,10.2026712235572,40.2136073116533,8.74320229208325,74.4978310439343
1,10,6.39693156083693,38.7223124104492,5.36417044854335,66.6309868741647
2,10,6.92198156731473,40.3744650701489,6.87963877870798,38.7325904436251
3,10,7.1613143035557,45.767282108537,7.51987231427602,54.4814549824487
4,10,6.63054318007338,34.8724176004214,3.65766155088661,36.3551777010738
1,11,10.1553145201727,44.0717607693649,15.9067466422738,64.5645021378485
2,11,10.2370208840358,44.4204169111375,20.7506938540135,64.3153794236861
3,11,9.98737198594264,45.2589796591935,15.7743978987684,81.4908896162973
4,11,10.6904980414436,47.7462569384232,21.6683943243549,87.4301171404715
1,12,12.8098934439795,50.282252565621,12.3423776061992,95.0851991839422
2,12,12.2977055527325,46.5438157154596,12.0176762106191,85.5458442998435
3,12,12.751694581767,52.0099624447856,11.4941932439154,90.5536816110336
4,12,12.1749877572171,53.0205666893675,11.6241999226112,151.827645733291
1,13,9.38237351369273,44.6262294798761,21.3702537683077,43.1924005545239
2,13,9.63951409791273,50.4600071166747,11.550758746637,69.3402101661437
3,13,9.22968284730067,49.198780665742,12.5499026787458,105.00239232568
4,13,9.40150398832612,47.9662426578405,12.538667500983,56.3935110094935
1,14,10.107689853009,44.6708677314514,7.18858508590975,25.863002136729
2,14,10.1816596392319,36.9939002883656,8.83971460271469,69.2555149205929
3,14,9.99488675319232,41.1808234634742,7.20711828142649,50.9396851738402
4,14,10.2308342863654,35.238087041931,9.8685942744097,45.3104151956311
