iteration,convergenceIndicator,phase,Cl_pop,beta_Cl_logtCLCR,V1_pop,Q_pop,V2_pop,omega_Cl,omega_V1,omega_Q,corr_V1_Cl,b
1,805.149,1,5.2,0.62,21.22,4.99,28.28,1.5,1.5,1,0.62,0.3
2,798.613,1,5.33532,0.226979,28.5637,6.07963,28.28,1.46202,1.46202,0.974679,0.62,0.285
3,789.254,1,5.62665,0.486087,28.5291,7.68755,27.6614,1.425,1.425,1.01644,0.62,0.27075
4,784.425,1,5.1116,1.03434,27.7681,7.17852,33.7123,1.38892,1.38892,0.9907,0.62,0.257212
5,761.4,1,5.39542,1.20382,23.8947,6.70544,37.7156,1.35375,1.35375,0.965615,0.62,0.244352
6,756.923,1,5.62237,0.994988,30.655,7.43714,45.7302,1.31947,1.31947,0.976894,0.62,0.232134
7,742.682,1,5.67149,1.2128,27.0563,8.14616,50.8749,1.28606,1.28606,0.952158,0.62,0.220528
8,728.844,1,5.63701,0.637564,23.2211,8.71783,53.5776,1.2535,1.2535,0.928049,0.62,0.209501
9,728.023,1,5.44238,1.05731,17.779,9.327,50.229,1.22176,1.22176,0.911283,0.62,0.199026
10,714.161,1,5.26038,0.639416,15.9336,10.5527,30.9222,1.19082,1.19082,0.906682,0.62,0.189075
11,701.343,1,5.40683,0.510802,15.2153,11.2143,30.4874,1.16067,1.16067,0.921356,0.62,0.179621
12,682.323,1,5.45529,0.801939,14.1707,12.5833,30.2016,1.13128,1.13128,0.898027,0.62,0.17064
13,676.437,1,5.54511,0.71604,11.8915,15.919,28.5027,1.10264,1.10264,0.875288,0.62,0.162108
14,670.171,1,5.26035,0.481455,10.7591,17.1307,25.5188,1.07472,1.07472,0.853125,0.62,0.154003
15,646.785,1,5.22774,0.382879,10.4279,16.4438,24.5619,1.04751,1.04751,0.831524,0.62,0.146302
16,651.885,1,5.13712,0.385695,10.953,19.5182,24.4851,1.02098,1.02098,0.846927,0.62,0.138987
17,634.195,1,5.0898,0.369504,9.03511,20.2347,24.026,0.995131,0.995131,0.825483,0.62,0.132038
18,624.013,1,5.14295,0.319983,8.97791,20.5898,23.5755,0.969933,0.969933,0.804581,0.62,0.125436
19,612.388,1,5.15364,0.725804,9.26453,19.0311,24.2018,0.945374,0.945374,0.784209,0.62,0.119164
20,598.169,1,5.23879,0.456656,10.4405,18.7891,24.9014,0.921437,0.921437,0.764352,0.62,0.113206
21,590.777,1,5.19285,0.430171,9.84952,19.3492,24.7652,0.898105,0.898105,0.744998,0.62,0.107546
22,586.144,1,5.20349,0.3058,10.352,18.8794,24.088,0.875365,0.875365,0.726134,0.62,0.102168
23,572.397,1,5.11626,0.554936,10.1916,19.0786,22.4508,0.8532,0.8532,0.766691,0.62,0.0970601
24,564.083,1,5.19231,0.660986,11.0398,15.8856,23.2576,0.831597,0.831597,0.747278,0.62,0.0922071
25,557.367,1,5.21129,0.490871,9.38531,18.1677,24.5477,0.81054,0.81054,0.728357,0.62,0.0875967
26,546.471,1,5.20397,0.43746,8.95596,17.8748,24.7203,0.790017,0.790017,0.709914,0.62,0.0832169
27,540.242,1,5.14425,0.533622,9.26261,18.4114,24.0636,0.770013,0.770013,0.707181,0.62,0.079056
28,525.711,1,5.15451,0.522802,9.83578,18.0709,23.1236,0.750516,0.750516,0.689275,0.62,0.0751032
29,514.228,1,5.11923,0.465621,10.6185,16.8499,22.4552,0.731512,0.731512,0.671822,0.62,0.0713481
30,510.934,1,5.1808,0.670866,11.4596,17.0766,21.0869,0.71299,0.71299,0.699172,0.62,0.0677807
31,501.429,1,5.14771,0.595855,10.8438,17.8235,21.0374,0.694937,0.694937,0.681468,0.62,0.0643916
32,495.384,1,5.10494,0.592041,11.1766,16.9157,20.2485,0.677341,0.677341,0.664213,0.62,0.061172
33,484.783,1,5.12107,0.673999,10.9366,18.0569,20.4937,0.66019,0.66019,0.647395,0.62,0.0581134
34,480.519,1,5.12903,0.599187,10.7592,16.5589,20.7339,0.643474,0.643474,0.631003,0.62,0.0552078
35,468.451,1,5.08243,0.570066,10.5481,18.1151,20.6043,0.627181,0.627181,0.615025,0.62,0.0524474
36,460.651,1,5.0806,0.624901,10.5071,18.1141,20.3065,0.6113,0.6113,0.599453,0.62,0.049825
37,458.673,1,5.06662,0.551238,10.7972,16.5749,20.6873,0.595821,0.595821,0.60712,0.62,0.0473338
38,452.383,1,5.11581,0.528549,11.3646,16.0484,20.6792,0.580735,0.580735,0.606526,0.62,0.0449671
39,435.644,1,5.1612,0.595723,12.2189,15.8596,20.4207,0.56603,0.572865,0.591168,0.62,0.0427187
40,430.629,1,5.1701,0.670323,12.3188,13.7269,20.5244,0.551698,0.582092,0.5762,0.62,0.0405828
41,427.545,1,5.15017,0.591255,12.7236,12.931,20.0914,0.537729,0.567354,0.56161,0.62,0.0396568
42,424.959,1,5.14656,0.593135,13.0905,12.892,19.699,0.524113,0.552988,0.54739,0.62,0.0393622
43,425.134,1,5.14702,0.612396,13.29,12.7126,19.449,0.510842,0.582547,0.563973,0.62,0.0386761
44,421.787,1,5.13826,0.66346,13.0048,12.6724,19.5781,0.497908,0.593902,0.549693,0.62,0.0385652
45,423.652,1,5.17045,0.609032,13.2241,11.914,19.8458,0.4853,0.599855,0.58262,0.62,0.0383083
46,427.189,1,5.14221,0.652526,13.3368,12.1351,19.5512,0.473012,0.628029,0.567868,0.62,0.0392319
47,427.36,1,5.10898,0.651131,13.3427,12.3658,19.1082,0.461035,0.616914,0.553489,0.62,0.039653
48,421.557,1,5.07627,0.625856,13.3294,12.0136,18.7052,0.449362,0.601293,0.566233,0.62,0.0388443
49,419.785,1,5.09583,0.653411,13.4225,12.157,18.6686,0.437984,0.586068,0.551895,0.62,0.039576
50,416.099,1,5.10161,0.603594,13.3394,12.4605,18.9239,0.426894,0.571229,0.537921,0.62,0.0391044
51,423.01,1,5.10211,0.528179,13.2168,12.7569,19.3489,0.416084,0.556765,0.574693,0.62,0.0397008
52,420.433,1,5.10258,0.515237,13.9066,11.703,19.4812,0.405549,0.542667,0.560142,0.62,0.0398287
53,417.688,1,5.16724,0.569891,14.4809,11.7398,19.055,0.39528,0.530456,0.586451,0.62,0.0392768
54,415.344,1,5.19259,0.595342,15.2321,11.1513,18.7052,0.385271,0.517025,0.571602,0.62,0.0403428
55,408.504,1,5.1608,0.589908,15.6055,10.3565,18.5444,0.375516,0.503934,0.557128,0.62,0.0391617
56,407.312,1,5.13933,0.593078,15.7064,10.9434,17.7042,0.366008,0.491174,0.543022,0.62,0.0394136
57,408.466,1,5.14624,0.62024,16.0084,10.3623,17.4829,0.35674,0.478737,0.529272,0.62,0.0394697
58,405.674,1,5.16977,0.557697,15.7306,10.1191,17.4692,0.347707,0.466615,0.515871,0.62,0.0399162
59,401.572,1,5.16348,0.580741,15.9935,10.3777,17.8855,0.338903,0.4548,0.502808,0.62,0.0387385
60,399.132,1,5.14798,0.551167,15.8813,9.74023,17.9134,0.330322,0.443284,0.538471,0.62,0.0376222
61,401.079,1,5.13937,0.576306,15.7593,9.88231,17.8154,0.321958,0.451156,0.524836,0.62,0.038245
62,401.782,1,5.11478,0.527059,15.4708,9.85116,17.5649,0.313806,0.439732,0.520143,0.62,0.0386289
63,401.485,1,5.12986,0.560014,15.324,9.76453,18.0589,0.30586,0.497402,0.506972,0.62,0.0388966
64,403.26,1,5.10306,0.51928,15.4569,9.6389,18.2564,0.298116,0.484808,0.494136,0.62,0.0396889
65,409.901,1,5.10248,0.483542,15.8272,9.17265,17.8999,0.290567,0.472532,0.537788,0.62,0.0399865
66,411.785,1,5.10852,0.528161,16.0857,9.48808,17.5782,0.28321,0.460567,0.533503,0.62,0.0410333
67,412.019,1,5.06977,0.48517,15.8968,9.0418,17.5851,0.276039,0.448905,0.56888,0.62,0.0408173
68,410.598,1,5.04297,0.562425,15.7213,9.01345,17.1317,0.269049,0.437539,0.554475,0.62,0.0411659
69,407.641,1,5.02654,0.482936,15.649,8.76356,16.9778,0.262237,0.42646,0.540436,0.62,0.0410626
70,401.092,1,5.06306,0.512457,16.2714,7.80343,16.9115,0.255597,0.431494,0.526752,0.62,0.0397136
71,399.791,1,5.0154,0.524682,16.6948,7.67037,16.3368,0.249125,0.420569,0.522131,0.62,0.0393915
72,396.667,1,5.05422,0.536359,16.9851,7.58498,16.7452,0.242817,0.420637,0.54568,0.62,0.038731
73,382.323,1,5.04321,0.502687,17.0776,7.60382,16.7321,0.236669,0.409987,0.563061,0.62,0.0367944
74,384.037,1,5.03242,0.513083,16.6953,7.7896,16.7321,0.230676,0.399606,0.55105,0.62,0.0369114
75,395.567,1,5.06937,0.459958,16.9201,7.6161,17.3857,0.224835,0.389487,0.559625,0.62,0.0395434
76,391.838,1,5.06686,0.458088,16.9907,7.59005,17.2635,0.219142,0.379625,0.545455,0.62,0.0395828
77,399.292,1,4.99664,0.502212,16.4036,7.12051,16.96,0.213594,0.387792,0.616697,0.62,0.0393251
78,391.156,1,4.99778,0.47189,16.6801,6.87219,16.96,0.208185,0.377972,0.601082,0.486299,0.0384137
79,387.463,1,5.00575,0.493383,16.5026,7.08736,17.6225,0.202914,0.368402,0.585863,0.523808,0.0380768
80,386.136,1,5.05631,0.509775,17.2862,7.05761,18.0562,0.197776,0.374399,0.61714,0.542025,0.0372999
81,377.639,1,5.0687,0.480138,17.9882,6.48565,18.3312,0.192768,0.364919,0.627654,0.455577,0.0355897
82,376.843,1,5.05122,0.477495,17.9362,6.69669,18.0591,0.187887,0.355679,0.660165,0.40025,0.0351079
83,383.084,1,5.04855,0.501224,17.9798,6.37225,18.3131,0.18313,0.361475,0.643449,0.359518,0.0361371
84,378.082,1,5.06893,0.483998,18.0369,6.4327,18.2845,0.183706,0.352322,0.627156,0.346262,0.0357226
85,376.553,1,5.07027,0.493512,18.7059,5.87274,19.1559,0.179055,0.343401,0.632426,0.255466,0.0357198
86,384.576,1,5.00605,0.500481,18.8684,5.56095,18.8865,0.185432,0.334706,0.616413,0.307508,0.0371587
87,378.247,1,5.01513,0.495977,18.3621,5.67362,19.0193,0.180737,0.326231,0.643487,0.205103,0.0362374
88,380.649,1,4.99632,0.497323,17.747,5.83284,19.413,0.181137,0.317971,0.683513,0.166537,0.0358151
89,380.524,1,5.01053,0.496911,17.832,5.9649,20.0955,0.178273,0.30992,0.746151,0.152879,0.0356518
90,377.599,1,5.00018,0.497745,18.2318,6.01154,20.0484,0.179096,0.307574,0.752877,0.143003,0.0347281
91,374.632,1,5.05687,0.503266,18.1045,6.49368,20.0406,0.175557,0.304485,0.78085,0.187888,0.0343394
92,378.24,1,5.04699,0.463885,18.0976,6.46833,19.884,0.176725,0.320203,0.828021,0.146883,0.0343687
93,384.012,1,5.00414,0.417479,18.0784,6.2558,19.216,0.178528,0.312095,0.859546,0.171671,0.0353967
94,377.923,1,5.0038,0.474301,18.4691,5.87174,18.2552,0.174008,0.304192,0.837782,0.145081,0.034727
95,376.79,1,5.00553,0.462592,18.7751,5.89468,18.7259,0.170906,0.29649,0.816569,0.104991,0.0348081
96,381.104,1,5.00014,0.464547,18.1824,6.11415,19.5305,0.175883,0.319424,0.795893,0.0807743,0.0350369
97,377.941,1,4.98037,0.445767,17.9869,5.8309,19.3016,0.175975,0.325775,0.801239,0.107259,0.0342806
98,381.582,1,5.0238,0.439667,18.6142,5.82543,19.9501,0.172834,0.331938,0.780951,0.133444,0.0351683
99,367.231,1,5.02581,0.469683,18.3052,5.61506,19.9033,0.168458,0.323533,0.800981,0.0951314,0.0334099
100,371.28,1,5.04292,0.446723,18.1545,6.12125,20.5564,0.167972,0.317314,0.781571,0.0431403,0.0336766
101,368.894,1,5.05835,0.458469,19.0806,5.89797,21.3192,0.172686,0.30928,0.796714,0.141004,0.0335411
102,371.515,1,5.03544,0.467359,18.7272,5.58191,21.9605,0.176116,0.301449,0.784897,0.176151,0.0338301
103,368.057,1,5.04244,0.475352,18.7947,5.5165,21.5144,0.171657,0.293816,0.796145,0.214302,0.0336141
104,368.735,1,5.0119,0.519975,18.6973,5.39177,21.1782,0.174007,0.286376,0.805183,0.234845,0.0335573
105,377.747,1,5.02199,0.477649,18.6949,5.27819,22.1048,0.182696,0.298377,0.81147,0.265855,0.0347202
106,369.97,1,4.96575,0.470818,18.4027,5.40745,21.1722,0.182423,0.290822,0.790924,0.316519,0.0340105
107,374.655,1,4.97125,0.4793,18.3797,5.13098,21.5692,0.185082,0.287808,0.808392,0.317846,0.034279
108,372.679,1,4.9791,0.505659,18.4596,5.40456,22.2769,0.18491,0.28052,0.841447,0.288108,0.0339704
109,365.654,1,5.00068,0.542681,18.5415,5.24245,22.5554,0.186979,0.273417,0.820141,0.25373,0.0335255
110,364.41,1,5.03225,0.542829,18.9357,5.48125,22.7316,0.182245,0.266494,0.799375,0.167598,0.0334076
111,362.216,1,5.02842,0.517292,19.1827,5.10766,22.9003,0.17763,0.270521,0.779134,0.07014,0.0328334
112,368.308,1,5.01949,0.515471,19.135,5.11581,22.954,0.184989,0.272725,0.815313,0.158621,0.0332878
113,354.931,1,5.06112,0.47497,18.7536,5.73039,23.8686,0.187077,0.274376,0.794669,0.228273,0.0316234
114,348.201,1,5.01035,0.501454,18.9518,5.15915,24.8755,0.18234,0.267428,0.774547,0.228796,0.0311375
115,347.371,1,4.99364,0.514004,18.9347,4.70166,24.7784,0.177723,0.260657,0.754935,0.161586,0.0311364
116,348.511,1,4.97651,0.522584,19.3753,4.54018,25.6108,0.185234,0.254057,0.74481,0.227135,0.0308477
117,352.85,1,5.00848,0.493389,19.7271,4.53332,26.6712,0.187847,0.255407,0.76132,0.220141,0.0313776
118,349.842,1,4.99471,0.492509,19.6468,4.39637,26.8587,0.195345,0.266915,0.80659,0.244484,0.0303205
119,352.298,1,5.02659,0.520833,19.9145,4.49939,26.7958,0.190399,0.269698,0.841344,0.3039,0.0306936
120,351.771,1,5.02433,0.512751,19.7185,4.71094,26.9842,0.189356,0.277073,0.906996,0.224835,0.0300442
121,351.331,1,4.95634,0.489545,18.819,4.75395,27.3637,0.188983,0.271964,0.88403,0.175849,0.0300428
122,345.656,1,4.93111,0.48026,18.427,4.72041,28.6677,0.193074,0.276368,0.862446,0.143236,0.0290858
123,340.941,1,4.91743,0.470734,18.6285,4.70892,26.988,0.188185,0.26937,0.840608,0.22415,0.0289388
124,344.86,1,4.95242,0.49788,18.8078,4.57939,26.6928,0.184383,0.263347,0.828877,0.169715,0.0296069
125,337.696,1,4.95273,0.454185,19.399,4.24678,28.2777,0.181279,0.256679,0.807889,0.306094,0.0296031
126,332.801,1,4.96837,0.45617,19.6154,4.14396,29.2055,0.18231,0.25018,0.787433,0.333416,0.0289948
127,332.707,1,4.94911,0.512565,20.0406,4.12793,30.4604,0.185066,0.266223,0.767495,0.454854,0.029001
128,332.32,1,4.9592,0.53279,20.0991,4.0889,31.103,0.191167,0.259482,0.748061,0.436762,0.0288761
129,334.434,1,4.97794,0.560297,20.0688,3.97032,29.7179,0.19076,0.252912,0.72912,0.48362,0.0296873
130,336.356,1,4.93355,0.589102,20.0258,4.06834,30.6466,0.18593,0.246508,0.710658,0.410062,0.0303872
131,331.659,1,4.97831,0.594113,20.3948,3.91761,31.7719,0.182879,0.240266,0.692664,0.470213,0.0297445
132,334.389,1,4.97896,0.613141,20.9578,3.8732,32.5166,0.188694,0.237734,0.709497,0.516186,0.0296701
133,332.787,1,4.92826,0.616518,20.1407,3.96806,33.3295,0.194161,0.236206,0.735558,0.463896,0.0289594
134,327.14,1,4.93942,0.61876,20.3486,3.89862,33.2774,0.19194,0.230225,0.716933,0.479528,0.0285861
135,322.332,1,4.95191,0.605364,20.3235,3.98182,32.4975,0.192781,0.251097,0.721359,0.481842,0.0273956
136,312.641,1,4.96708,0.633231,20.2017,4.11714,32.3451,0.193265,0.250015,0.703094,0.502344,0.0263535
137,317.413,1,4.96086,0.587634,20.0635,4.23558,32.9769,0.194613,0.249917,0.710359,0.445686,0.0266821
138,320.087,1,4.96284,0.576621,20.5901,4.21893,33.4921,0.196508,0.243589,0.707288,0.472566,0.0272089
139,328.963,1,4.9442,0.587658,20.8094,3.89574,34.1986,0.196363,0.243202,0.715858,0.458649,0.0283723
140,326.647,1,4.99638,0.574857,20.6191,3.89007,32.2215,0.19865,0.249844,0.69774,0.506703,0.0282291
141,330.138,1,4.9451,0.580876,20.0956,3.82763,32.8256,0.200342,0.243518,0.72942,0.496079,0.0288399
142,323.259,1,4.94679,0.580808,20.0686,3.99402,33.1334,0.197655,0.244748,0.756331,0.458668,0.0273979
143,321.969,1,4.95345,0.606619,20.6268,3.84454,33.1334,0.194873,0.238551,0.73718,0.431774,0.0278821
144,322.137,1,4.96773,0.542565,20.2057,4.0403,33.8064,0.197277,0.232511,0.718514,0.440786,0.0277752
145,323.429,1,4.94319,0.58926,20.0874,4.00206,33.0141,0.196093,0.256288,0.700321,0.445983,0.0274657
146,321.239,1,4.97738,0.539988,20.1133,4.10852,32.1113,0.19466,0.265278,0.682589,0.430279,0.0272364
147,317.564,1,4.96582,0.470788,20.3884,4.00658,33.1148,0.196861,0.262408,0.701262,0.357583,0.0264075
148,317.675,1,4.9545,0.475634,20.2618,3.85104,32.882,0.19383,0.255764,0.698292,0.286504,0.0265822
149,329.599,1,4.97586,0.491442,20.5153,3.94196,31.7517,0.191177,0.267699,0.710511,0.361231,0.0280674
150,319.8,1,4.97587,0.509734,20.1818,4.0856,30.9827,0.187845,0.260921,0.695786,0.391971,0.0271785
151,322.636,1,4.97445,0.515973,20.1622,4.03279,30.6559,0.190313,0.264674,0.731987,0.344995,0.0270202
152,324.929,1,4.95013,0.522153,20.2305,4.04057,31.2547,0.195521,0.264892,0.742795,0.386373,0.0271798
153,318.896,1,4.98001,0.511111,20.0279,4.01261,29.9361,0.190932,0.258184,0.723987,0.455813,0.0272639
154,321.819,1,4.93081,0.544574,19.5083,4.09979,30.5208,0.194394,0.251647,0.705655,0.452429,0.027615
155,325.245,1,4.90104,0.550284,19.63,3.92967,32.9052,0.193962,0.245275,0.687787,0.383049,0.0279916
156,318.326,1,4.88981,0.557659,19.6597,3.92154,33.0595,0.195008,0.249846,0.670372,0.429425,0.0273045
157,324.288,1,4.95327,0.548084,20.3961,3.87507,32.827,0.197955,0.259272,0.653398,0.425897,0.0280795
158,325.152,1,4.94129,0.574027,20.5409,3.80712,32.6731,0.194637,0.269407,0.636854,0.417825,0.027925
159,316.927,1,4.93291,0.577966,20.4145,3.8833,32.8518,0.197971,0.262585,0.663997,0.462232,0.0268884
160,316.379,1,4.95271,0.587978,20.758,3.72938,33.2111,0.197898,0.256288,0.647184,0.460016,0.0268284
161,314.917,1,4.91331,0.559366,20.4383,3.85812,34.6901,0.193269,0.249798,0.636791,0.386346,0.0268084
162,311.096,1,4.93074,0.517634,20.1293,3.99658,35.0966,0.195115,0.248098,0.629583,0.447053,0.0263375
163,317.464,1,4.89457,0.508662,19.7111,3.96838,34.5208,0.202306,0.243476,0.72257,0.346949,0.0263645
164,324.348,1,4.89168,0.50234,19.9551,3.8906,34.2781,0.209875,0.256468,0.762102,0.414409,0.026864
165,320.936,1,4.89915,0.540606,20.2278,3.74733,35.992,0.216687,0.253997,0.742806,0.492541,0.0267851
166,322.04,1,4.89492,0.543518,20.081,3.73819,35.6827,0.2112,0.247566,0.724119,0.486091,0.0271165
167,321.014,1,4.9067,0.495397,20.4957,3.72849,35.4318,0.205853,0.250196,0.719371,0.398819,0.0269202
168,322.833,1,4.91831,0.468301,20.4159,3.82034,34.5737,0.20064,0.247079,0.739046,0.33361,0.027043
169,323.1,1,4.88134,0.452128,20.216,3.73369,35.1679,0.203577,0.255098,0.720333,0.390227,0.027032
170,328.21,1,4.88884,0.488967,20.1043,3.78273,35.7174,0.203401,0.251136,0.714732,0.4321,0.0279173
171,325.074,1,4.87949,0.507804,19.9594,3.80028,35.55,0.20105,0.25976,0.698564,0.439576,0.0274647
172,328.105,1,4.89751,0.522597,19.9927,3.85367,35.4944,0.19961,0.267786,0.691409,0.412742,0.0278212
173,323.403,1,4.94498,0.565189,20.451,3.89253,35.0507,0.197723,0.261005,0.689414,0.446034,0.0275857
174,328.093,1,4.94632,0.580002,20.6373,3.96361,35.3246,0.197928,0.270481,0.684071,0.448863,0.0279692
175,326.73,1,4.95565,0.586447,20.794,4.04326,34.5519,0.192916,0.265727,0.66675,0.476361,0.0282575
176,327.77,1,4.9714,0.569541,20.5295,4.09807,34.6868,0.192799,0.258999,0.649868,0.465822,0.0286376
177,320.678,1,4.95407,0.528778,20.1634,4.20156,35.1746,0.195812,0.259614,0.633413,0.499026,0.0276568
178,323.294,1,4.97055,0.523849,19.9729,4.1412,32.9487,0.19928,0.25304,0.659686,0.554771,0.028084
179,326.456,1,4.94867,0.592671,19.9574,4.05915,32.82,0.194234,0.253552,0.655567,0.550465,0.0285315
180,334.164,1,4.97323,0.579009,20.0224,4.137,32.4867,0.196052,0.258137,0.691785,0.550612,0.0293438
181,325.729,1,4.93164,0.555125,20.3177,3.92435,34.4156,0.198728,0.251601,0.674269,0.471166,0.0283484
182,327.413,1,4.92065,0.553534,20.198,3.75159,34.8995,0.199173,0.24523,0.657196,0.442765,0.0288792
183,324.326,1,4.91231,0.544265,20.2567,3.88899,34.2452,0.198268,0.244362,0.659975,0.466322,0.0279812
184,321.211,1,4.90315,0.538,20.1416,3.75003,33.7101,0.197016,0.257416,0.664902,0.48323,0.0273663
185,326.285,1,4.89885,0.555444,20.0938,3.70866,33.2624,0.197817,0.250898,0.718518,0.48949,0.0278796
186,327.443,1,4.88473,0.551375,20.1806,3.71944,34.1199,0.205184,0.244545,0.728316,0.456221,0.0278753
187,319.461,1,4.91228,0.574343,20.4433,3.60743,34.3332,0.199989,0.238353,0.709875,0.439786,0.027413
188,320.641,1,4.93043,0.507304,20.6152,3.7864,33.8101,0.195405,0.236062,0.702415,0.428926,0.0273381
189,316.998,1,4.93381,0.582266,20.411,3.82472,33.0705,0.193075,0.231582,0.684629,0.435233,0.0272522
190,315.139,1,4.93832,0.564679,20.4471,3.93501,33.2256,0.1964,0.22946,0.710419,0.463356,0.0266973
191,317.488,1,4.931,0.577097,20.2162,3.93105,33.6409,0.192088,0.22365,0.695382,0.37578,0.0270968
192,321.271,1,4.93187,0.541682,20.0827,3.79388,32.7999,0.194455,0.217987,0.677774,0.400494,0.0280408
193,321.473,1,4.92244,0.561957,20.4218,3.81475,33.4661,0.198787,0.232087,0.660613,0.422707,0.0277545
194,318.897,1,4.91137,0.548582,20.4488,3.85206,36.5513,0.196031,0.231398,0.643886,0.373059,0.0274292
195,322.774,1,4.90715,0.531744,20.3244,3.80806,36.2657,0.193314,0.236765,0.680651,0.455016,0.0278514
196,327.147,1,4.89898,0.55872,20.5852,3.68735,38.504,0.190023,0.233371,0.663417,0.422988,0.028906
197,325.991,1,4.87675,0.529101,20.2733,3.63916,38.2633,0.1925,0.227462,0.696826,0.39743,0.0283891
198,324.91,1,4.88941,0.559756,20.4303,3.65809,37.6954,0.194061,0.221703,0.679182,0.414884,0.02856
199,324.544,1,4.917,0.57329,19.9601,3.9043,35.4572,0.193418,0.216089,0.698582,0.430986,0.0283776
200,327.991,1,4.89794,0.586694,19.9194,3.8026,35.2356,0.196778,0.223552,0.680894,0.411063,0.028807
201,327.104,1,4.87034,0.599985,19.7472,3.8577,35.4558,0.191796,0.217891,0.718433,0.366449,0.0285159
202,318.868,1,4.88913,0.57029,19.7001,3.92105,34.6525,0.191563,0.212374,0.723053,0.364259,0.0273962
203,316.898,1,4.88662,0.542039,19.8281,3.92756,36.4664,0.194195,0.223838,0.704745,0.40373,0.0269943
204,320.798,1,4.87969,0.572384,20.3011,3.74702,35.2128,0.19222,0.229411,0.720211,0.441197,0.0274141
205,319.174,1,4.86991,0.574447,20.2036,3.68776,36.6158,0.197223,0.230495,0.733978,0.443831,0.0270221
206,322.667,1,4.88021,0.545655,20.1256,3.74211,35.2427,0.198609,0.241831,0.739316,0.434146,0.0272384
207,327.495,1,4.88584,0.552896,19.7073,3.87441,35.4905,0.198508,0.236617,0.801016,0.361191,0.0275672
208,326.459,1,4.86873,0.564815,19.9705,3.78986,36.863,0.205833,0.237075,0.812585,0.414896,0.027303
209,323.027,1,4.87462,0.593066,20.5131,3.7026,36.4022,0.201604,0.237832,0.792009,0.502198,0.0273736
210,322.5,1,4.8985,0.622006,20.573,3.73816,35.8619,0.196499,0.23181,0.771955,0.489918,0.0275596
211,327.373,1,4.92721,0.598487,20.6427,3.96935,35.2035,0.191874,0.233552,0.752409,0.503395,0.0283327
212,333.17,1,4.9114,0.583881,20.3802,3.95139,35.671,0.198503,0.247905,0.733358,0.472371,0.0288423
213,336.004,1,4.89543,0.535079,20.1901,3.90469,35.3924,0.197251,0.241628,0.770119,0.420372,0.0289935
214,329.808,1,4.92061,0.575798,20.2649,3.79119,34.0375,0.198313,0.242115,0.750619,0.391982,0.0284239
215,330.548,1,4.89148,0.548374,20.2494,3.7401,33.7982,0.199687,0.242199,0.731613,0.432096,0.0285673
216,333.51,1,4.89133,0.559155,20.1074,3.79578,33.8774,0.20174,0.236066,0.750867,0.469808,0.0288965
217,333.261,1,4.91188,0.585342,20.4794,3.81039,33.8774,0.199342,0.241031,0.761155,0.430771,0.0286463
218,334.191,1,4.89421,0.543519,20.0548,3.89444,33.3745,0.204171,0.240915,0.773879,0.44808,0.0286306
219,335.434,1,4.91142,0.569516,19.9013,3.93926,35.0693,0.214329,0.234815,0.78582,0.473163,0.0288673
220,336.27,1,4.93395,0.580359,19.9899,3.88471,33.0419,0.208902,0.231362,0.803855,0.443206,0.0289304
221,330.46,1,4.92701,0.579926,20.0717,3.91141,34.1777,0.204398,0.225504,0.783501,0.40413,0.0284945
222,332.656,1,4.93112,0.576591,20.0081,3.96953,33.163,0.199223,0.220808,0.769258,0.403456,0.0288292
223,331.757,1,4.91616,0.582218,19.7947,4.07757,33.6812,0.202426,0.22729,0.790124,0.410491,0.028386
224,321.851,1,4.95511,0.597371,20.084,4.13036,33.9443,0.206861,0.228062,0.770118,0.514987,0.0273754
225,324.592,1,4.96872,0.614034,20.7147,3.95359,33.8648,0.206702,0.251951,0.750618,0.464151,0.0275607
226,322.537,1,4.91956,0.577448,20.3196,3.89439,34.1294,0.208529,0.245571,0.731612,0.467757,0.0273752
227,314.717,1,4.93966,0.587049,20.0664,3.92911,34.236,0.203249,0.23986,0.713087,0.437508,0.0265651
228,318.767,1,4.93123,0.570815,19.9371,4.06374,33.915,0.198103,0.238527,0.695032,0.407494,0.0270392
229,318.111,1,4.95583,0.559153,19.6663,4.10244,32.5107,0.195493,0.232487,0.703283,0.380199,0.0270353
230,317.685,1,4.94882,0.526739,19.8198,4.22075,32.5107,0.198867,0.241528,0.763995,0.364365,0.0263268
231,316.005,1,4.94359,0.510092,20.0641,4.05909,33.7299,0.19844,0.235412,0.74465,0.358976,0.0265719
232,319.904,1,4.93332,0.524073,20.3167,4.01266,35.8117,0.198943,0.241986,0.725795,0.377864,0.0271517
233,326.756,1,4.92236,0.551942,20.0347,3.98118,35.5319,0.202494,0.245864,0.707417,0.445382,0.0284441
234,327.101,1,4.92273,0.611527,20.2275,4.03278,34.3382,0.206177,0.266393,0.689505,0.526049,0.0280277
235,326.794,1,4.93978,0.622481,19.896,4.13712,32.514,0.201266,0.259648,0.693144,0.470674,0.0279209
236,325.591,1,4.95098,0.582696,20.0833,4.07355,31.7774,0.201134,0.253073,0.700769,0.442356,0.0276994
237,320.577,1,4.9272,0.56214,19.9089,3.96352,31.4298,0.196041,0.250013,0.688835,0.379344,0.0270757
238,321.729,1,4.95524,0.528114,20.0601,3.96167,31.086,0.193938,0.249222,0.709726,0.39414,0.0272288
239,322.243,1,4.9649,0.564392,20.2201,4.02338,31.5718,0.19714,0.255837,0.722145,0.493411,0.0273037
240,324.601,1,4.96882,0.561982,20.2228,4.09569,32.731,0.200565,0.25439,0.721906,0.524897,0.0276855
241,320.712,1,4.94092,0.553608,20.138,4.06211,34.3165,0.203093,0.247949,0.703627,0.496532,0.0274657
242,314.356,1,4.96583,0.51059,20.3753,4.17629,33.1636,0.197951,0.241671,0.71479,0.413971,0.0266113
243,318.766,1,4.93578,0.488262,19.9174,4.30654,33.3968,0.194325,0.235552,0.716768,0.355222,0.0269576
244,324.835,1,4.93422,0.507659,19.4654,4.27024,31.6096,0.191107,0.232876,0.722459,0.378701,0.0278412
245,327.092,1,4.92454,0.486817,19.7656,3.92541,32.7702,0.188573,0.237534,0.704166,0.383802,0.0283524
246,322.21,1,4.88847,0.545863,19.6002,3.97667,32.8726,0.199617,0.233079,0.717914,0.458928,0.0274271
247,330.254,1,4.91002,0.58166,19.5024,4.18731,32.2049,0.194609,0.230736,0.717625,0.396579,0.0285701
248,328.399,1,4.92186,0.550523,19.5693,4.10627,31.3998,0.190862,0.236427,0.704889,0.432112,0.0284598
249,336.156,1,4.9343,0.56029,19.6387,4.20031,32.381,0.186029,0.245746,0.76133,0.343229,0.0291655
250,327.689,1,4.93818,0.55899,19.6722,4.23026,31.8751,0.185615,0.239523,0.742053,0.358399,0.0283867
251,328.263,1,4.94188,0.587364,19.9102,4.08087,30.5303,0.193327,0.247106,0.723264,0.395571,0.0283599
252,332.543,1,4.94904,0.568471,19.6771,4.0747,29.7671,0.193195,0.259113,0.70495,0.410877,0.0286834
253,334.136,1,4.94869,0.59211,19.7857,4.12187,31.1159,0.194916,0.255785,0.687101,0.446135,0.0291213
254,336.462,1,4.97554,0.596537,19.8534,4.14307,29.8518,0.193296,0.256343,0.675302,0.480382,0.029651
255,333.743,1,4.96858,0.639449,19.7844,3.89211,30.0617,0.19044,0.249852,0.658203,0.42971,0.0295683
256,330.82,1,4.95469,0.618733,19.9448,3.93645,31.33,0.188902,0.243526,0.646381,0.43399,0.02925
257,332.666,1,4.97021,0.565835,20.5239,3.93875,32.5538,0.192721,0.264828,0.630014,0.41294,0.0293301
258,334.582,1,4.93386,0.566542,20.1805,3.93867,32.2232,0.189758,0.267222,0.622941,0.416264,0.0294042
259,322.987,1,4.94859,0.561476,20.5411,3.93035,31.4931,0.189474,0.260456,0.607168,0.398903,0.0281194
260,328.53,1,4.95033,0.567925,20.3423,3.88222,31.4931,0.187777,0.264748,0.612082,0.469325,0.0288
261,321.978,1,4.96019,0.570903,20.4571,3.89555,30.6566,0.193887,0.258044,0.603151,0.463324,0.027922
262,324.914,1,4.93378,0.57561,20.2961,3.80348,30.9919,0.188978,0.262631,0.665252,0.469337,0.0279631
263,324.194,1,4.94922,0.523401,20.3439,3.91404,32.2267,0.19135,0.269601,0.648407,0.464442,0.0279041
264,317.725,1,4.96125,0.555712,20.5204,3.90648,31.6476,0.192158,0.266977,0.631989,0.483189,0.0271175
265,317.197,1,4.96481,0.591644,20.9235,3.86426,32.958,0.192193,0.260217,0.632722,0.489536,0.0271178
266,319.168,1,4.93496,0.581489,20.6404,3.85369,34.7604,0.188619,0.253628,0.635709,0.483527,0.027543
267,321.905,1,4.95589,0.507755,20.433,3.97702,33.9186,0.190062,0.247206,0.683663,0.397089,0.0276448
268,317.752,1,4.9262,0.516186,20.1984,3.96265,33.7066,0.190302,0.240946,0.696642,0.388386,0.0269558
269,322.97,1,4.93168,0.501071,20.0479,4.00211,33.6013,0.192475,0.236932,0.73839,0.266673,0.0272431
270,328.366,1,4.92673,0.521756,20.0871,3.8337,33.7588,0.195431,0.230933,0.744572,0.261474,0.0281198
271,328.547,1,4.91089,0.514817,20.0024,3.89537,33.9697,0.195432,0.229063,0.753188,0.36726,0.0281584
272,329.356,1,4.94462,0.497193,20.1537,3.9572,33.9432,0.194212,0.242156,0.734117,0.410193,0.0285903
273,329.758,1,4.96728,0.512803,20.2458,4.01137,31.5301,0.19101,0.262339,0.715529,0.422139,0.0285498
274,333.54,1,4.96502,0.520535,20.6335,4.00455,33.1558,0.188548,0.255696,0.697411,0.432921,0.0295948
275,320.118,1,4.95128,0.543246,20.4806,3.95526,33.389,0.189369,0.265161,0.679753,0.404742,0.028115
276,314.225,1,4.95717,0.530914,20.7813,3.89278,34.5889,0.195213,0.258447,0.662541,0.428728,0.0267093
277,324.616,1,4.93828,0.517207,20.4372,3.91484,33.2918,0.202971,0.266198,0.687254,0.426802,0.0273718
278,320.494,1,4.91465,0.559864,20.4601,3.84821,34.0721,0.200708,0.259458,0.700839,0.458673,0.0269968
279,319.371,1,4.89023,0.575015,20.1413,3.71958,34.3116,0.197269,0.252888,0.694251,0.469263,0.0269977
280,316.428,1,4.90642,0.568809,20.0049,3.87299,35.5447,0.202557,0.246485,0.685276,0.450138,0.0265659
281,323.494,1,4.91014,0.61327,20.476,3.68725,36.711,0.204942,0.251826,0.667924,0.470466,0.0275876
282,318.356,1,4.90765,0.552002,20.039,3.83158,36.625,0.203148,0.24545,0.651012,0.426381,0.0271465
283,318.886,1,4.91494,0.559504,20.3069,3.90425,36.3675,0.198801,0.245995,0.63824,0.460183,0.0272887
284,319.011,1,4.91141,0.537721,20.4338,3.75693,37.2056,0.195103,0.239767,0.667884,0.388079,0.0272441
285,317.131,1,4.92006,0.507771,20.4855,3.87172,37.2056,0.198709,0.255395,0.650972,0.399261,0.026966
286,322.873,1,4.8857,0.490376,20.5932,3.6986,39.0659,0.196457,0.267066,0.635182,0.400511,0.0274756
287,318.166,1,4.895,0.53262,20.812,3.6825,37.662,0.198883,0.260303,0.619098,0.447758,0.0272792
288,318.075,1,4.88424,0.518677,20.6015,3.69043,38.8389,0.201513,0.265362,0.603422,0.463153,0.0274461
289,319.589,1,4.85429,0.519287,20.3076,3.76837,39.5064,0.197224,0.258643,0.588143,0.499298,0.02793
290,311.851,1,4.85025,0.553306,20.3401,3.68742,38.6577,0.19223,0.254204,0.573251,0.479757,0.0267698
291,318.42,1,4.86878,0.549097,20.5942,3.64589,38.7483,0.192187,0.25709,0.558736,0.416472,0.0276847
292,314.401,1,4.88226,0.520527,20.5228,3.74021,37.1741,0.19342,0.251611,0.555524,0.459662,0.0272068
293,316.927,1,4.8964,0.565635,20.3194,3.7524,36.7675,0.191835,0.24524,0.589504,0.464372,0.0275872
294,322.404,1,4.89975,0.57742,20.8137,3.67207,35.6473,0.187724,0.255517,0.58633,0.478977,0.028219
295,316.015,1,4.92275,0.609123,20.6989,3.77903,33.475,0.186023,0.254913,0.571484,0.467758,0.0276924
296,321.059,1,4.93723,0.585039,20.4903,3.75607,31.932,0.186669,0.262856,0.557014,0.432659,0.0284308
297,321.337,1,4.92596,0.543163,20.4013,3.70324,33.0297,0.187253,0.264078,0.54291,0.49812,0.0285224
298,316.103,1,4.94921,0.548074,20.6464,3.81302,33.8296,0.196372,0.268403,0.5453,0.487723,0.0273465
299,316.415,1,4.96475,0.571053,20.9726,3.8901,34.0939,0.1914,0.261607,0.556389,0.464741,0.0275287
300,317.696,1,4.95534,0.529744,20.7569,3.79943,34.7598,0.193907,0.254983,0.565486,0.516499,0.0278165
301,323.497,1,4.93327,0.550085,20.258,3.82268,32.4787,0.188997,0.261205,0.622001,0.458866,0.0280559
302,321.434,1,4.91101,0.517149,20.0327,3.72945,34.1026,0.192688,0.254591,0.650545,0.432433,0.0276862
303,318.748,1,4.90012,0.531003,19.8943,3.86705,32.8238,0.199696,0.26004,0.718252,0.403704,0.0264567
304,320.391,2,4.89798,0.515657,19.7249,3.8856,33.6444,0.195992,0.264851,0.700065,0.431939,0.0268644
305,322.386,2,4.91268,0.538847,19.9709,3.89853,32.2776,0.194127,0.263049,0.682339,0.459425,0.0276193
306,315.36,2,4.90051,0.542008,20.0606,3.73514,32.9584,0.195086,0.258665,0.640283,0.437665,0.0266088
307,309.59,2,4.92105,0.535029,20.2118,3.91109,34.7505,0.191187,0.22839,0.566685,0.432703,0.0268777
308,314.773,2,4.91718,0.554288,20.2398,3.80892,32.9855,0.192376,0.234305,0.614788,0.448287,0.027116
309,322.782,2,4.87865,0.560396,20.1613,3.76146,35.1023,0.19698,0.251236,0.638151,0.449402,0.0276297
310,318.112,2,4.89867,0.573599,20.2126,3.82644,36.154,0.202148,0.255881,0.658834,0.457973,0.0269034
311,316.228,2,4.87076,0.572912,20.2269,3.84928,37.414,0.204786,0.248465,0.709337,0.448358,0.026349
312,318.484,2,4.87234,0.546139,20.1762,3.79322,36.4209,0.201073,0.24325,0.726536,0.429804,0.0265789
313,325.013,2,4.90758,0.531168,19.9437,3.94365,35.5843,0.19732,0.258611,0.753398,0.435281,0.0270951
314,321.865,2,4.90833,0.510674,19.6,3.98972,33.9493,0.193031,0.263675,0.749247,0.414315,0.0268999
315,322.047,2,4.89536,0.519435,20.0479,3.78755,34.4856,0.193993,0.257178,0.74726,0.410802,0.0269362
316,321.128,2,4.90919,0.556794,20.2087,3.87444,34.9591,0.193259,0.237711,0.766146,0.421747,0.0270974
317,326.502,2,4.92932,0.578457,20.1725,3.93182,34.5531,0.191734,0.230558,0.766672,0.388802,0.0276617
318,322.009,2,4.955,0.57338,20.2842,4.04079,34.2646,0.191302,0.230929,0.755198,0.381234,0.0274893
319,327.875,2,4.96693,0.581112,20.4216,4.05641,34.662,0.194909,0.23123,0.750096,0.4149,0.0279293
320,338.274,2,4.96515,0.603145,20.6263,3.91328,34.7998,0.19618,0.238733,0.729455,0.406935,0.0288941
321,336.45,2,4.96675,0.5796,20.7147,3.94192,34.5654,0.190956,0.23739,0.718111,0.324119,0.0292302
322,334.118,2,4.95615,0.55525,20.6235,3.93483,33.7301,0.18928,0.230239,0.695018,0.339666,0.0294759
323,327.22,2,4.93659,0.561199,20.5715,3.84575,34.0843,0.194085,0.233784,0.699043,0.410783,0.0288825
324,327.866,2,4.94293,0.566347,20.7513,3.79194,34.7934,0.194817,0.238462,0.68722,0.4342,0.0287103
325,327.022,2,4.95083,0.573775,20.7941,3.82192,34.6166,0.196352,0.24618,0.675255,0.42785,0.0284551
326,322.259,2,4.96611,0.561815,20.5755,3.93213,34.7927,0.194169,0.239234,0.66926,0.407545,0.028262
327,323.805,2,4.96496,0.556294,20.3949,3.98687,34.2402,0.194606,0.235621,0.676307,0.399366,0.0281346
328,322.949,2,4.96474,0.553613,20.3138,4.01997,33.8464,0.196043,0.228341,0.68101,0.3942,0.0280769
329,322.43,2,4.96049,0.557819,20.1845,4.10799,33.3393,0.197788,0.222682,0.678282,0.419201,0.0280944
330,327.795,2,4.95466,0.56412,20.1602,4.08634,32.9375,0.19813,0.216186,0.668777,0.412985,0.0284337
331,323.286,2,4.95765,0.566328,20.0619,4.11236,32.8191,0.197301,0.219652,0.662797,0.434216,0.0283991
332,321.44,2,4.95012,0.570857,20.0268,4.12111,33.1109,0.19576,0.21702,0.653766,0.435052,0.0283866
333,331.147,2,4.95297,0.578908,20.1275,4.12332,33.0828,0.193454,0.21853,0.659478,0.415529,0.0286249
334,334.576,2,4.9528,0.579971,20.1126,4.14682,32.4878,0.192098,0.216925,0.673188,0.4024,0.0288991
335,331.47,2,4.9581,0.571654,20.0752,4.15574,32.4512,0.193377,0.212384,0.683864,0.410599,0.0290473
336,328.595,2,4.96118,0.581377,20.0397,4.15074,32.1139,0.191939,0.215119,0.679922,0.425257,0.0290805
337,322.248,2,4.95833,0.584195,20.0584,4.10195,32.151,0.191025,0.216406,0.675851,0.41288,0.0288688
338,321.388,2,4.95776,0.579097,20.0993,4.06373,32.3678,0.191597,0.219274,0.673643,0.421478,0.028662
339,327.707,2,4.95678,0.579177,20.1384,4.04228,32.3252,0.191505,0.22269,0.67457,0.406621,0.0286032
340,325.009,2,4.96212,0.577287,20.2056,4.03355,32.2541,0.192564,0.226087,0.683571,0.401538,0.0284248
341,326.11,2,4.96056,0.570258,20.1612,4.03339,32.1286,0.192565,0.229063,0.678364,0.401097,0.0283994
342,328.897,2,4.95986,0.561942,20.2102,4.00288,32.0508,0.192609,0.230124,0.678036,0.410357,0.0284624
343,320.899,2,4.95944,0.558446,20.2777,3.99556,32.2981,0.193396,0.23218,0.675046,0.412459,0.0283084
344,326.598,2,4.95454,0.557187,20.2588,3.98532,32.4395,0.194073,0.232728,0.674107,0.414464,0.028303
345,326.502,2,4.95575,0.556045,20.2804,3.98031,32.3634,0.193986,0.231173,0.673198,0.40957,0.0283444
346,326.708,2,4.96022,0.554598,20.3503,3.98261,32.2294,0.193159,0.233285,0.670646,0.41106,0.0283642
347,324.233,2,4.9566,0.551251,20.3481,3.97312,32.2684,0.192966,0.233962,0.669429,0.406768,0.0283214
348,322.963,2,4.95468,0.547878,20.3371,3.98084,32.4148,0.193161,0.233354,0.677804,0.400132,0.0282178
349,321.409,2,4.95308,0.547728,20.3206,3.98667,32.4539,0.192811,0.232571,0.683078,0.401414,0.0281487
350,320.511,2,4.94872,0.548353,20.2916,3.98322,32.6873,0.193137,0.231258,0.684089,0.400469,0.0280895
351,317.688,2,4.94921,0.546959,20.2989,3.96686,32.7261,0.193035,0.232377,0.680495,0.39966,0.0280107
352,318.24,2,4.94679,0.545158,20.2935,3.94952,32.6996,0.19306,0.232106,0.679795,0.399598,0.0279504
353,331.091,2,4.94672,0.547981,20.3034,3.94062,32.6672,0.192913,0.232605,0.681338,0.397322,0.0280096
354,335.594,2,4.94655,0.547528,20.3069,3.92694,32.5991,0.193038,0.233371,0.682947,0.395355,0.0280936
355,340.655,2,4.94669,0.548076,20.3124,3.92622,32.6294,0.193046,0.233649,0.681934,0.394739,0.0281369
356,328.454,2,4.94656,0.547486,20.3101,3.92458,32.6374,0.193011,0.233778,0.68133,0.394739,0.0281476
357,319.51,2,4.94706,0.546548,20.3077,3.92692,32.617,0.192933,0.233816,0.680657,0.395175,0.0281385
358,324.591,2,4.94685,0.545646,20.3083,3.92709,32.6433,0.192786,0.234085,0.680164,0.395069,0.0281374
359,331.14,2,4.94713,0.545406,20.3143,3.9294,32.6728,0.192632,0.234598,0.679977,0.39414,0.0281466
360,325.166,2,4.94772,0.545659,20.3188,3.93242,32.6747,0.192509,0.234762,0.680351,0.395378,0.0281467
361,322.285,2,4.94792,0.545577,20.3157,3.93385,32.6738,0.192475,0.234896,0.680068,0.396294,0.0281415
362,325.042,2,4.94767,0.545101,20.3148,3.9343,32.6773,0.192279,0.234704,0.680458,0.396165,0.0281452
363,330.091,2,4.94755,0.544878,20.3065,3.93692,32.6622,0.192117,0.234654,0.680577,0.396424,0.0281611
364,327.985,2,4.94781,0.5449,20.3023,3.93697,32.6574,0.192002,0.234506,0.680029,0.396136,0.0281761
365,329.585,2,4.94805,0.545208,20.3056,3.93722,32.6616,0.191949,0.234549,0.680382,0.396417,0.0281857
366,339.706,2,4.94791,0.544869,20.3038,3.93908,32.6789,0.191935,0.234598,0.680952,0.396103,0.0282137
367,327.927,2,4.94735,0.545312,20.3043,3.93941,32.7019,0.192023,0.234911,0.681819,0.396734,0.028207
368,326.659,2,4.94671,0.545477,20.3033,3.93841,32.7292,0.192159,0.235027,0.68308,0.396708,0.0281958
369,324.182,2,4.94532,0.545777,20.2963,3.93375,32.7617,0.192116,0.234907,0.683799,0.396283,0.0281882
370,329.465,2,4.94435,0.545979,20.2886,3.92829,32.7621,0.192041,0.235185,0.684705,0.395632,0.0281859
371,327.151,2,4.94363,0.545661,20.2837,3.92452,32.7717,0.192082,0.235258,0.685758,0.394976,0.0281789
372,322.787,2,4.94314,0.545192,20.2808,3.92078,32.7585,0.191904,0.23524,0.685826,0.393727,0.0281736
373,322.01,2,4.94271,0.545632,20.2844,3.91605,32.7686,0.191758,0.235148,0.685073,0.393038,0.0281731
374,323.716,2,4.94267,0.545739,20.2866,3.91646,32.7918,0.191613,0.234836,0.684469,0.392526,0.0281797
375,324.616,2,4.94287,0.545524,20.2826,3.91785,32.7925,0.191513,0.234566,0.684527,0.391019,0.0281818
376,329.203,2,4.94266,0.54551,20.282,3.91765,32.8071,0.191441,0.234386,0.685013,0.389022,0.0281867
377,325.427,2,4.94308,0.545714,20.2867,3.91887,32.8141,0.19151,0.234252,0.684782,0.38943,0.0281895
378,329.197,2,4.94336,0.545869,20.2856,3.92064,32.7977,0.191618,0.234377,0.684485,0.39029,0.0281958
379,328.379,2,4.9437,0.545986,20.2835,3.92257,32.7807,0.191721,0.234454,0.684903,0.390849,0.0281966
380,330.999,2,4.94391,0.546076,20.2782,3.92408,32.75,0.191754,0.234556,0.685295,0.391523,0.0282035
381,334.14,2,4.94379,0.546497,20.271,3.92624,32.7623,0.191798,0.234682,0.685518,0.392241,0.0282153
382,328.413,2,4.94359,0.546905,20.2677,3.92753,32.7754,0.191875,0.234848,0.685984,0.392916,0.0282133
383,326.273,2,4.9436,0.546882,20.2584,3.93079,32.76,0.191924,0.234691,0.686615,0.393519,0.0282129
384,327.44,2,4.94353,0.546916,20.2539,3.93254,32.7635,0.192017,0.234768,0.687202,0.393945,0.0282094
385,324.032,2,4.94366,0.546464,20.2519,3.9355,32.7645,0.19219,0.235096,0.687182,0.393808,0.0281965
386,323.648,2,4.94367,0.545874,20.2506,3.93367,32.7626,0.192324,0.235534,0.687442,0.393905,0.0281809
387,335.007,2,4.94358,0.545423,20.2555,3.93339,32.7877,0.192375,0.235806,0.687676,0.394031,0.0281893
388,322.282,2,4.94382,0.545626,20.2624,3.9311,32.7874,0.192468,0.236016,0.687135,0.395779,0.0281846
389,329.879,2,4.94376,0.545839,20.269,3.9287,32.7976,0.192673,0.236465,0.687065,0.39703,0.0281827
390,338.805,2,4.94366,0.545667,20.273,3.92706,32.8083,0.19287,0.23699,0.68735,0.397994,0.0281918
391,335.626,2,4.94352,0.545836,20.2785,3.92197,32.8137,0.19305,0.237262,0.687634,0.399396,0.0282009
392,337.411,2,4.94337,0.545939,20.2831,3.91756,32.8241,0.193223,0.237569,0.688397,0.399954,0.0282074
393,320.711,2,4.94328,0.545879,20.2855,3.91638,32.8311,0.19319,0.237641,0.688513,0.40028,0.0281971
394,319.674,2,4.94352,0.545673,20.2827,3.91727,32.8264,0.193213,0.2377,0.688673,0.401023,0.0281856
395,322.75,2,4.94373,0.54579,20.2802,3.91976,32.8264,0.193224,0.237584,0.688909,0.401149,0.0281805
396,326.13,2,4.94407,0.545846,20.2795,3.92092,32.8193,0.193211,0.237793,0.688292,0.401448,0.0281818
397,329.367,2,4.94409,0.545804,20.2789,3.92121,32.8243,0.19313,0.237861,0.687587,0.399897,0.0281882
398,321.621,2,4.94441,0.545777,20.2832,3.9233,32.8402,0.193094,0.237921,0.686915,0.398838,0.0281826
399,328.979,2,4.94433,0.545336,20.2827,3.92592,32.8432,0.193059,0.238043,0.686758,0.398221,0.0281847
400,331.09,2,4.94423,0.545199,20.2785,3.92754,32.8443,0.193043,0.238068,0.687001,0.397359,0.0281887
401,326.632,2,4.94386,0.544606,20.27,3.92873,32.8306,0.19301,0.238162,0.687026,0.397203,0.0281875
402,327.253,2,4.94376,0.544353,20.2658,3.93042,32.8306,0.192897,0.238049,0.686442,0.396919,0.0281958
403,326.178,2,4.94382,0.544349,20.2594,3.93427,32.7933,0.192783,0.23815,0.686407,0.397522,0.0281974
404,327.198,2,4.94404,0.544662,20.2598,3.9358,32.7741,0.192766,0.238244,0.686334,0.397054,0.0281971
405,324.789,2,4.94379,0.544792,20.2583,3.9352,32.7797,0.192804,0.23839,0.686516,0.396985,0.0281898
406,323.306,2,4.94357,0.544956,20.2562,3.93511,32.7782,0.192808,0.238498,0.686086,0.396949,0.0281856
407,321.701,2,4.94384,0.545072,20.2564,3.93605,32.7837,0.192756,0.238565,0.6855,0.397277,0.0281835
408,329.854,2,4.94388,0.545174,20.2604,3.936,32.7903,0.192754,0.238806,0.685377,0.397971,0.0281868
409,329.151,2,4.94368,0.545354,20.2619,3.9358,32.8213,0.192657,0.238713,0.684956,0.398582,0.0281971
410,316.07,2,4.94341,0.545488,20.2634,3.93499,32.8361,0.192642,0.238619,0.684826,0.399677,0.028187
411,332.617,2,4.9434,0.545712,20.2671,3.93525,32.8576,0.19262,0.238593,0.684374,0.400128,0.0281994
412,333.004,2,4.94351,0.546091,20.2671,3.93496,32.8602,0.192517,0.238558,0.684034,0.400573,0.0282137
413,326.877,2,4.94347,0.546507,20.2655,3.9359,32.8737,0.192565,0.238624,0.683958,0.401264,0.028214
414,328.518,2,4.94344,0.546992,20.2632,3.93541,32.8595,0.192619,0.238828,0.683909,0.402019,0.0282144
415,325.329,2,4.94321,0.54728,20.2586,3.93429,32.8493,0.192661,0.238823,0.684114,0.402243,0.0282114
416,328.75,2,4.94311,0.547503,20.2555,3.93351,32.8483,0.192678,0.238722,0.684398,0.402458,0.0282146
417,329.066,2,4.94308,0.547321,20.2527,3.9352,32.8585,0.192665,0.238908,0.684542,0.401944,0.028213
418,328.42,2,4.94345,0.54719,20.2528,3.93756,32.8573,0.192651,0.238907,0.684594,0.401553,0.0282152
419,332.808,2,4.94334,0.547315,20.2526,3.93625,32.8631,0.192664,0.239066,0.684528,0.401547,0.0282204
420,330.479,2,4.94356,0.547698,20.2556,3.93565,32.8676,0.192708,0.239272,0.684622,0.401885,0.0282214
421,330.033,2,4.94385,0.547781,20.2572,3.93736,32.8455,0.192721,0.239596,0.6848,0.40234,0.0282203
422,328.817,2,4.94365,0.547696,20.2546,3.93815,32.8524,0.19278,0.239793,0.684861,0.402358,0.0282178
423,328.441,2,4.94364,0.547911,20.2499,3.94045,32.8616,0.192876,0.239734,0.68581,0.402397,0.0282135
424,327.777,2,4.94379,0.54812,20.2456,3.94189,32.8601,0.192938,0.239797,0.686629,0.402113,0.0282075
425,330.369,2,4.94393,0.548455,20.246,3.94336,32.8654,0.192995,0.240013,0.686843,0.402255,0.0282062
426,324.617,2,4.94387,0.548607,20.2497,3.94216,32.875,0.193011,0.24008,0.686764,0.402464,0.0282031
427,323.419,2,4.94394,0.548936,20.2492,3.94186,32.8746,0.193023,0.24009,0.686474,0.402886,0.0282017
428,324.583,2,4.94395,0.549148,20.249,3.94372,32.8737,0.19308,0.240296,0.686839,0.402971,0.0281924
429,324.171,2,4.94385,0.549255,20.2493,3.94244,32.8725,0.193085,0.240306,0.686465,0.402434,0.0281905
430,328.546,2,4.94381,0.549399,20.2526,3.94127,32.8712,0.193107,0.240287,0.686454,0.402003,0.028192
431,327.653,2,4.94352,0.549306,20.2516,3.94087,32.8888,0.193095,0.240319,0.686273,0.401778,0.028193
432,331.464,2,4.94342,0.549041,20.2516,3.94166,32.8944,0.193108,0.240399,0.686425,0.401138,0.0281945
433,329.855,2,4.94354,0.54875,20.2458,3.94309,32.8806,0.19309,0.240365,0.686566,0.400893,0.0281983
434,324.954,2,4.94353,0.5484,20.2401,3.94521,32.8737,0.193062,0.240357,0.686849,0.399918,0.0281935
435,323.918,2,4.94351,0.54821,20.2394,3.9447,32.8811,0.193091,0.240309,0.687286,0.399411,0.0281873
436,318.453,2,4.9434,0.547993,20.2373,3.94479,32.8808,0.193047,0.24011,0.687622,0.398177,0.0281784
437,319.166,2,4.94344,0.547903,20.2359,3.94514,32.8757,0.192996,0.240088,0.687864,0.397963,0.0281701
438,321.242,2,4.94319,0.548006,20.2332,3.94528,32.8876,0.193001,0.240036,0.688413,0.397781,0.028161
439,324.226,2,4.94284,0.547903,20.2294,3.94521,32.8972,0.192984,0.239988,0.68906,0.397773,0.0281555
440,323.637,2,4.94245,0.547803,20.2283,3.94443,32.9096,0.193001,0.240069,0.689444,0.397748,0.0281478
