rep,id,Cl,V1,Q,V2
1,1,5.00735146122425,55.8221924901477,35.8347670631607,17.1507989766838
2,1,5.83656998399987,27.4346202677752,28.4518558280332,49.332022785478
3,1,5.68605370900493,33.8706903540792,9.31002858268941,64.4573743907355
4,1,4.6777723803314,31.4702316312929,13.2445535802668,144.845751746651
5,1,5.50673005210537,18.6198214785606,23.8401688431319,30.7329311955703
6,1,6.86648484384182,16.3007588263341,20.773196565891,33.370706055927
7,1,3.00989644598652,93.4086618788478,52.7554623136025,125.096428979455
8,1,4.66769855582662,2.07932333595356,49.4019544857199,132.090222435259
9,1,4.5046837649873,96.0437686079274,37.058939502635,82.7111939087686
10,1,4.30307173829989,39.3214489737312,7.26017522469707,30.5211980111585
1,2,15.238778461202,44.1538221665911,9.2991804604804,120.767259567611
2,2,14.1363976372607,2.0990114121339,102.286836545659,82.2011045077588
3,2,13.7592585932919,52.2618361726392,26.9927947085102,39.4003215117782
4,2,12.0323205717649,26.0171979458949,62.8927456268774,33.671595960669
5,2,14.4320470784483,19.0028313448939,125.13393858645,68.6413588822749
6,2,15.3270925008713,54.2680176452471,21.6968220547966,131.983135569829
7,2,15.2710458142506,54.5310706504573,17.1622042349706,76.8754887427696
8,2,13.7963068558932,36.1515213683241,74.9526214425891,35.4653205611064
9,2,14.4339870471829,16.5094692894371,532.283625452304,63.7520894533885
10,2,1.69466519834117,55.2478074075537,14.4225188745688,6615.8034920147
1,3,14.1838495196945,10.2790435438309,72.6456822629643,88.4946465394659
2,3,14.0170070833876,65.7657334986275,8.9593052923577,177.096976661383
3,3,12.0902048532684,57.0998629749305,22.7483124551546,328.26965040331
4,3,12.4014814466933,1.93020198567731,168.555610913574,392.210653801889
5,3,14.4161728342193,56.2248195499475,31.8254760632455,160.433387353097
6,3,10.7877044559027,36.6499201370801,13.6104149472725,134.173452174087
7,3,12.9029791332396,9.5631778488771,48.8063012305258,81.0823722875942
8,3,14.2865173133182,64.539041556002,14.8688011296051,53.5703812652645
9,3,10.0613653284994,25.5579787775016,32.2286273563551,320.126338339555
10,3,9.18023166166554,86.2774767756365,17.461844509673,228.984977164622
1,4,9.07719951133824,47.2668836573849,15.691184062135,65.8592893276296
2,4,12.1335800662171,19.1312163826438,74.0950972276613,41.8635314703806
3,4,4.16534229040941,45.8208965222606,21.2361847161818,817.186275084971
4,4,11.2112859915276,9.08056304381678,65.4662339192856,77.8463006962319
5,4,9.85174508016599,28.5949925207266,8.43355684985292,61.4479977857993
6,4,11.5864268754835,81.333820345472,4.90894994819705,11.8123414686735
7,4,10.8103442941245,44.8095659443065,7.20964363169289,7.74546737148751
8,4,12.0290562090187,8.15743785200293,73.2933090415399,65.8393188316198
9,4,9.9657576970297,32.1034533171544,8.88235321027054,57.6288180946113
10,4,9.31164035083701,13.4523351762872,104.759354113102,20.2882590991312
1,5,9.55777131944346,4.78038661658814,50.8364836889246,142.170991205915
2,5,11.3853704297844,31.0267735223977,29.416703958452,144.765698844532
3,5,11.4947344712759,46.0980648433128,48.9582801322347,68.5498707442194
4,5,8.26483646136237,65.3318825193018,6.50191757690374,83.3756994730993
5,5,9.73239365598912,39.2250012689975,19.2356004403683,68.8977389557916
6,5,8.94577147315875,63.5602657263822,6.40855592958639,218.467028775112
7,5,1.67084256042816,186.856996793724,42.8269825914906,359.09562776654
8,5,5.00415159303129,63.4636557714096,9.83508737197524,560.130627491383
9,5,10.7193309110335,28.2251908305606,226.553278805786,80.3195389962438
10,5,9.2713124265611,25.6290927064204,604.275271003685,47.6016068420633
1,6,11.2759124969672,16.0177431459919,27.7066149833616,107.523549460193
2,6,9.46866835288851,81.4362462414332,20.46641320114,331.322092640566
3,6,8.86247625805463,97.1510804262672,13.6107632371215,500.591355625021
4,6,9.6318914132264,41.2593638225072,6.60671597399427,53.8081390056205
5,6,10.2336668300906,4.95489896681163,20.8758757039869,56.637260055647
6,6,13.2270477240542,58.2809626499927,58.0181146889729,78.7366957892364
7,6,10.0646028293151,88.0128643499289,31.8953322897959,345.805249618295
8,6,12.947330718515,36.1918215043403,126.922648996931,235.789382231202
9,6,11.8732103177023,34.5611978387468,94.901403062001,97.7862670283076
10,6,3.78226885462553,46.3078013067638,58.4171701948145,802.437427016256
1,7,12.4512296329775,85.1279559137108,22.2700145249909,15.3105812673236
2,7,10.3984087715034,29.8937937206767,2.68268745154363,26.2830390740932
3,7,10.6242833224845,1.00904425219894,492.624494596194,48.0518841804972
4,7,12.7751741011942,45.1037680237007,5.08693205886581,3.66869207231449
5,7,10.1465687627389,32.4719077596035,28.222563161291,9.67256333707664
6,7,10.9493547863599,35.1636882741825,4.78995085850754,35.0605429637038
7,7,12.5311330900642,46.8587448880791,31.3398346798877,8.62336087338149
8,7,12.9739951054904,21.7053939071703,151.00959503406,37.7239547492263
9,7,12.6400539606396,49.2744281638487,21.1750268876616,22.5478674278957
10,7,10.166293363216,44.5979909627128,5.45891461217821,656.469418698423
1,8,14.1971683687485,24.387893372578,28.1273164732242,137.364816905475
2,8,12.9921016528936,37.8064965807751,8.66397656008314,81.0322073394714
3,8,17.1857834742049,28.8379395187539,45.1309013267838,75.9417793847599
4,8,16.6729092697461,20.9131656668551,35.3373431730488,78.6694724566018
5,8,13.2671220795718,14.9406595438078,57.0441549224458,50.3670738889619
6,8,8.69377937550963,32.1410313660632,15.3420301859489,649.944425600456
7,8,12.8948450539226,13.6374687313598,31.7035616269449,38.8660550495596
8,8,14.440791310093,3.74914698207045,87.5910647098138,91.7060097726881
9,8,14.986010633586,45.0469091754705,10.5379617707186,50.3219638054858
10,8,10.9997152590002,20.4186712357119,207.668019447557,31.0986974854335
1,9,10.4013974616557,60.5077986417119,7.41293979956789,14.207216401132
2,9,9.3681037363491,18.2265741771976,107.190215122686,23.9693050360121
3,9,8.21845949032926,49.3890058772931,72.3612357903825,22.4427254287922
4,9,11.4490016626867,32.6335483909014,32.5059848904316,50.5996442154067
5,9,9.99342363158377,98.5153623021106,18.1764176202109,24.4561953450215
6,9,10.3931295513821,67.9130075532359,21.1690944112093,30.4317979503133
7,9,11.0705379027741,82.4493813556196,24.0519754766859,121.633716280777
8,9,8.87980755140022,11.2099867989808,33.4367797035599,144.831264917323
9,9,10.6974700789651,14.345322809914,361.249548969074,122.999626379686
10,9,10.3448907495467,38.6679930289179,37.71512416326,54.9070393365995
1,10,7.73948883211812,32.1992939924041,11.3529485465193,27.7338175239859
2,10,7.17100843516102,24.7207606346964,60.7329206227474,21.167634017374
3,10,6.64965523852378,4.5790532515271,112.847833989592,43.0554322636866
4,10,6.55716842753544,31.6487127973232,344.417208859731,16.7363531318713
5,10,6.61265273541389,57.774049073888,9.01914519304513,163.210193390189
6,10,2.84053995827669,37.9956478365349,3.55695053225822,1273.25801224738
7,10,7.7396657076452,55.7367040622593,4.48539924753845,19.9604725865437
8,10,7.41822278777271,30.5778434118756,27.8631760047396,99.6573514016606
9,10,7.11350313002465,17.3850223681469,26.9812647776345,40.9385515747951
10,10,7.65392654809023,22.1803179583654,88.8834741988212,58.3112813954733
1,11,14.0674988389815,5.44427284049535,93.3713439337375,115.070694576663
2,11,12.4979945140915,53.2698287809501,30.2603245370991,4.57518352158864
3,11,13.4018941631466,15.6183379292157,174.663649465927,64.3067954510042
4,11,12.1564495821221,42.1356857808224,4.68626303740935,40.0844729650438
5,11,12.6452097591486,51.3220859034713,152.158195579597,15.5703102082149
6,11,10.6546265667027,54.3671092647126,180.913079929865,43.4240954574193
7,11,13.368963865217,92.0419805630335,3.70311518041552,54.5036415845181
8,11,6.49285306885628,63.8255839324872,22.8684979867887,865.58299402538
9,11,12.2027130495127,24.6767674372573,54.6659844691699,39.9290712983576
10,11,12.2949675543996,35.985733899916,10.2241028269318,15.9993339124363
1,12,9.0682652964908,54.7271437311068,339.961222393723,64.017171456988
2,12,12.5463600829348,6.74415640788965,86.273770405291,181.418537298753
3,12,11.2437577429614,86.3936710580127,19.7544775268024,47.816890836603
4,12,9.98236865488014,36.6531373716767,57.6013275854031,169.247300532374
5,12,9.666242268938,37.9098052272215,300.214133579166,38.92663406191
6,12,10.0404201214608,36.0233164435763,22.0236882108837,232.375144639677
7,12,11.0793232286991,61.6974985688847,34.7279303099134,24.4305656442428
8,12,11.6435927849017,76.0593719175013,40.9624963151513,224.287631884194
9,12,9.35267991461794,24.2342184678512,50.239362234889,69.6357467124308
10,12,9.75786968672141,71.251754167683,8.23650815379256,224.324554484635
1,13,10.700707711451,41.3904717577414,8.81455151634189,58.0821088791591
2,13,9.554309764246,28.7942011601378,19.9063623420455,75.2265750326502
3,13,9.83298939744718,41.5500581895429,68.3373046902602,42.3255961822089
4,13,9.61649984363465,54.9235661359685,199.326898806745,1.80417622529369
5,13,0.753835182225901,72.9742973293026,19.9763561105206,1942.82909595462
6,13,8.97812356520087,42.8449616514587,164.711166464285,20.3670730424832
7,13,10.2697910133936,41.5458094941163,30.4375109604958,15.0584046043393
8,13,11.5146825663647,61.7368667633614,1.94971357256159,12.5052614168857
9,13,11.511715220462,55.3137771749479,6.5120535205777,39.6281374220088
10,13,12.8522922569012,90.5501183641888,61.8276076553732,3.35518921634865
1,14,13.1436576686594,38.4323440131015,65.4229330491666,39.6121084014145
2,14,13.97969720071,25.6060531988147,915.615907370338,40.9254403923862
3,14,12.3403833794142,43.1578364783341,163.438532204074,6.3685625406785
4,14,11.3949398345029,38.9376355480425,412.599859660522,12.7404707923099
5,14,13.5569161389416,19.3144452129922,70.6057313355679,50.1119750782941
6,14,10.821597966303,60.7919487548025,11.1187531368307,456.143565577654
7,14,12.78632948011,69.7243942911642,7.16008851991216,505.600718996728
8,14,11.2083318580682,37.3823844850435,12.2709359546647,6.33116231634011
9,14,10.1670391037307,55.8462480742064,14.0880722804602,620.416594642968
10,14,12.928201844885,21.9335165929459,68.6016405771232,46.6048557260094
