rep,id,Cl,V1,Q,V2
1,1,5.41300145162284,32.3791264683371,13.0453537855831,55.992186198429
2,1,5.7321556283042,23.2825076320239,22.4986154593041,38.9386215489122
3,1,4.98865249501726,37.2423289989053,11.3246112241702,69.337972465858
4,1,4.95398872574663,36.8623552641805,13.6832422333475,66.6574283609296
5,1,5.22344219127718,32.1045337387245,14.7912695420005,57.0760624306467
6,1,5.04209715498856,27.9426712427183,13.2350223944037,48.0688476735742
7,1,4.86874562545676,33.2396535879344,15.8075431692801,60.3917855739308
8,1,5.5522374730685,23.3549364932004,18.5410325295867,39.6818898666522
9,1,5.01067735514897,36.8385317630966,8.12561116636048,65.0107437935096
10,1,5.1869611187299,30.765382565788,10.9340915130805,54.6203269332009
1,2,13.2853272540776,47.2073407751138,9.48792177175256,91.2692436078434
2,2,12.7726336188925,49.5757533105355,7.61342420003843,98.4226290633022
3,2,12.8892328500359,44.6073254920768,10.728972068307,83.3772601313746
4,2,12.7272355797989,43.7265222989922,9.67181114693118,82.9898189440574
5,2,13.2400948972035,52.9022599406375,10.8492547387482,102.272385739168
6,2,12.3444435177782,43.9727524714528,7.56686086362865,83.286467874622
7,2,12.7290846723257,44.905291109251,8.84121868057874,87.2854440844087
8,2,12.7619821478942,52.8744059186556,7.79104748080111,104.346202615722
9,2,12.448783353185,57.6006702742865,6.85566217790012,117.974236900402
10,2,13.4760210875662,53.4515518290019,10.0819085635933,107.650576179673
1,3,12.6265432471008,55.8560690972317,9.62862233701439,111.798945731575
2,3,12.5394918607021,52.6413713384243,11.0451979728843,102.523826484116
3,3,12.5249141595329,44.2028347615767,12.2127886265553,83.6475316877423
4,3,12.6283728796538,50.9367727241923,12.847576055524,103.552576702893
5,3,12.2297427674939,47.8764139800042,10.815197162606,92.10913411258
6,3,12.0304872347929,54.4413134721114,7.73809868170056,105.006317376567
7,3,12.2819092251471,52.7148455086436,9.27340440222665,106.458888104538
8,3,12.2868804042733,48.9743252686584,11.0104670686119,93.7080095118602
9,3,12.0174950375671,47.996112501489,11.5991136384839,94.109474332377
10,3,11.890458412675,51.0143816377097,9.77417918007769,101.806386008328
1,4,10.032108074431,39.8868008568662,7.0061803684457,76.0526946194141
2,4,9.89611253173441,41.0606282386621,5.98154940370607,76.7285139726993
3,4,9.83044928372115,40.4328113837845,4.39134428148284,75.8578622611784
4,4,9.86516459319444,38.4596368775332,6.49261224614567,73.2235239715812
5,4,9.66288499114789,44.0801343934218,4.1729825893613,85.21144619807
6,4,9.88462873968115,40.7042587727343,5.4802582934589,75.3955398797198
7,4,10.011310761922,41.1852153922835,6.5692215138585,77.742256335719
8,4,9.24547369901933,36.6844296329927,4.39369096156215,67.7301638101135
9,4,10.0547510233115,44.0329084002354,5.44189668342325,84.3170658947479
10,4,9.59113408611185,45.192092655182,3.23195270823405,89.3655159076402
1,5,9.09366500862719,50.6101903800225,11.3067514014461,98.5384653207923
2,5,9.20011731200281,46.3482851190928,14.7271353724388,89.7309120180105
3,5,9.21442342942571,49.0841577753724,16.2547071507948,93.2019852111485
4,5,9.23067683760176,31.9463635215965,31.6840582055687,56.6343171947724
5,5,8.9804868831374,52.9450566678548,12.4668918624302,105.051389479807
6,5,8.678611355328,58.4426954959708,9.3736163382054,117.509342902732
7,5,9.57439766421277,50.1251992568638,15.1680281932818,97.6143908902922
8,5,9.04423968566041,38.4620712088926,15.7876148504478,70.3314932316654
9,5,9.09199515308175,49.69386471423,16.0080964068656,98.2652675376978
10,5,9.48800125679907,31.7984515357227,35.4850942897416,57.0120559454078
1,6,11.0130828692501,71.2783501112659,13.0908817936833,147.590860620299
2,6,11.2069692376842,72.747013322419,19.6792112680997,149.606722411148
3,6,11.0346772763744,79.1378176621346,12.6285694893922,167.220116550245
4,6,10.9341841836016,77.800466375779,11.3965195783558,161.003136911349
5,6,11.5735137833009,71.0052628491887,22.6946282657858,147.87495262021
6,6,11.1796512346462,78.3063216589798,16.8821997018604,170.445616407951
7,6,11.6739654916652,70.5097485082104,24.4067755590095,146.921942690096
8,6,11.1829077237405,78.4896314033151,22.4744747169581,165.779294764133
9,6,11.22779279888,80.1799375925369,14.2785465839693,171.147856240549
10,6,11.1760968675511,87.3095858600487,12.244394647392,185.548565963489
1,7,11.6187136067609,24.4319189406047,4.64673985966987,41.6353104096264
2,7,11.564056987626,25.196163467493,4.49661418988864,44.1166134412355
3,7,11.7891488619625,25.1995011948283,5.51151130393602,43.3602223442056
4,7,11.5922807336472,27.0477983498904,4.95436210917285,47.2841673599747
5,7,11.0693449470179,24.2880726067613,4.26560614608497,41.6767639417921
6,7,11.69072714932,24.601045416083,4.96861238089509,42.7313902401063
7,7,11.4447278722757,25.5130646878017,4.52162119249048,44.4815932628627
8,7,11.5145316615056,26.0100983369818,4.49006958447663,45.3048100383308
9,7,11.5122034581026,24.7650238152925,4.59340234642272,40.6870167799014
10,7,11.316570637477,26.1723526420856,4.23594645962561,43.971809305262
1,8,12.7443124230685,50.7134711497368,6.01986994387519,99.5675817352466
2,8,13.2536832580073,45.6512654158781,8.17023084647928,87.7693123752276
3,8,13.0385467792701,45.517080530178,8.60252668731692,86.2298130360587
4,8,13.3161833418537,41.6578865714273,9.43042171851577,76.7614212218035
5,8,13.0638786418921,46.9441904267046,8.07601330090416,89.0261264099387
6,8,13.0150169700866,48.2866146298663,7.83903115321591,92.1598888536235
7,8,13.0079793119432,42.7598458682815,8.56619445552462,77.5279397688975
8,8,12.7827843682908,44.3016904154543,8.43993556770229,86.8914885095426
9,8,12.541703213895,40.8796153879476,7.81521400425831,75.6222874319119
10,8,12.78819536017,22.5293627539515,43.772380300023,37.2315745121354
1,9,9.8678447713049,38.5143223618189,22.0913089638466,69.6838707791939
2,9,9.6288035598643,41.6816115552882,14.054102040093,77.3769276302193
3,9,9.95560185425076,41.1001488629362,14.6779391461097,75.3870993258511
4,9,9.76722274493179,34.2282228942859,18.3517201027594,64.0542174122464
5,9,9.85344522056034,39.2641660780433,17.912285664601,72.5212582754884
6,9,9.84253890117525,35.9157324196949,17.0291635137989,66.9045003078243
7,9,9.64768345091388,40.8094952013533,14.9108301024706,77.9314392523532
8,9,9.91456983531751,37.5016761483437,18.8037938345417,68.4635129362966
9,9,10.144916393064,37.4121730837207,22.3607613723572,68.7111764665879
10,9,9.78166627862041,37.0122372145187,17.5687087097749,68.6374646648011
1,10,6.62262399947346,33.8199736577015,5.08228021021016,61.0115047866938
2,10,6.36875265717092,32.9552637789086,4.39185801208892,57.32879745927
3,10,6.55851877533816,34.2776007656738,4.57615870314416,62.7832294524817
4,10,6.55800627639115,34.8862694416393,4.94510355476993,62.2515620315952
5,10,6.57251683370022,37.8041780448448,4.8227325516114,70.375440430394
6,10,6.53834380516294,35.253110971078,5.07568995228748,62.96293320721
7,10,6.6300921071201,32.429624522706,5.19303229235657,57.8298001968115
8,10,6.92824093907139,41.248905153097,6.19569959870903,76.4914844067103
9,10,6.40494034558404,31.9824830390066,4.45990722954526,56.4720585000798
10,10,6.57416803888824,36.6240730446273,4.81190910394447,67.3820431073039
1,11,12.6698401190209,26.7805404764107,40.4928893816652,47.7869990110023
2,11,12.4235883420435,54.0854198256938,8.33631011196262,108.749826368945
3,11,12.1729742491973,50.9546972932008,6.67621214120639,99.3183703145748
4,11,12.0608954690287,51.3726857643862,6.88506345079525,102.260634909923
5,11,12.9512235360842,32.3547148205136,38.5827721249711,57.6601303800783
6,11,12.5634396529202,59.9513725179513,9.16093611178221,126.880146884436
7,11,11.8601374704784,56.9909014182897,5.89856585573962,111.325375192271
8,11,12.2716249015405,51.8716099706856,8.00361313808503,101.361157347929
9,11,13.1069755928565,30.5845292889449,33.8407594600418,53.1790975551732
10,11,12.7160104650285,48.2590265202911,10.1750661945057,90.988356083188
1,12,9.58676500982622,49.5320170351712,17.7122300172802,98.9138360451204
2,12,10.1444099740227,47.2326867992389,19.1547745250832,90.8316093166773
3,12,10.0385899822979,41.1046727704174,24.3816838572317,74.6175902076126
4,12,9.84269102145171,39.4907528997918,20.3347371003826,73.8992675573947
5,12,9.19286774493973,56.1645858964672,12.0767116091152,114.66305294974
6,12,9.7302276874882,51.3112395679581,14.2061605236628,102.29804724577
7,12,9.67567635565191,50.4610789413846,12.6883683004627,92.6755370523603
8,12,9.55473237650793,53.6873630318583,16.6260899491724,104.76060731715
9,12,9.56395435919882,53.0054995422833,14.5706443507028,103.102337247027
10,12,10.0274238455302,59.7121269122026,11.8725298083987,122.327659316864
1,13,10.0071492288332,58.3900118546602,5.86954601087337,117.402561880638
2,13,10.0087192486946,48.629206938377,8.64935514945259,94.4023667756726
3,13,10.4176036247682,45.3873975003408,12.3815025163419,86.9028997232735
4,13,10.7661706213429,49.3883219006199,12.9294780113288,92.1593228739962
5,13,10.0576942411523,51.6693727781931,7.47388374212199,103.89842656387
6,13,10.2006383687604,54.4621796724363,8.9606324081811,113.73948073775
7,13,10.1994235948472,47.4753631368841,10.2788576554968,90.247224562778
8,13,10.3230415082075,45.7251622680424,7.6093484950487,89.5326449191458
9,13,10.6272462705732,50.9178475827047,9.54022468951121,98.273115322254
10,13,10.6399662187933,47.8224467742602,9.58743478028935,92.2139241824965
1,14,11.534405099827,50.9146143882779,2.71149972951999,99.68524202494
2,14,11.9787465586569,47.2452855504432,4.25365238808743,90.7192076414997
3,14,11.6018004133823,44.8363573790287,3.48893809864871,83.1713447271023
4,14,12.4205019360272,53.5143647486003,4.73638745614783,103.383074580686
5,14,12.1560774370858,50.6094498589672,4.18084263358969,98.712575022948
6,14,11.8113100395969,49.6602585935163,3.98541900076807,97.1496029229757
7,14,11.9537639782571,49.8635443479964,3.84085014768885,97.4726701163818
8,14,12.0964821966256,51.1387362099051,2.48438614160168,99.1730180165411
9,14,11.9042833103745,52.4174650866029,3.57033834426061,104.006277749087
10,14,12.0612599838602,51.0781366230844,4.57394410345161,99.4517997296519
