iteration,convergenceIndicator,phase,Cl_pop,beta_Cl_logtCLCR,V1_pop,Q_pop,V2_pop,omega_Cl,omega_V1,omega_Q,corr_V1_Cl,b
1,777.272,1,5.2,0.62,21.22,4.99,28.28,1.5,1.5,1,0.62,0.3
2,770.128,1,5.5296,0.953236,25.2721,5.69982,61.8625,1.46202,1.46202,0.974679,0.62,0.285
3,752.528,1,6.0449,0.929613,24.0593,6.78914,44.8503,1.425,1.425,1.08661,0.62,0.27075
4,749.802,1,5.68974,1.31644,21.232,6.73995,37.1417,1.38892,1.38892,1.05909,0.62,0.257212
5,726.376,1,6.35701,1.6535,20.7315,7.77186,29.2491,1.35375,1.35375,1.06006,0.62,0.244352
6,716.937,1,6.52281,1.90653,23.1057,8.07766,25.73,1.31947,1.31947,1.03322,0.62,0.232134
7,709.609,1,6.44095,1.97646,22.0436,9.6583,29.0267,1.28606,1.28606,1.00706,0.62,0.220528
8,699.19,1,6.25146,1.44457,21.8247,9.14073,30.2966,1.2535,1.2535,0.981558,0.62,0.209501
9,685.042,1,6.03879,1.22882,22.0671,9.81381,26.8409,1.22176,1.22176,0.989369,0.62,0.199026
10,681.593,1,5.91006,1.42073,21.0903,10.5945,27.0087,1.19082,1.19082,1.08259,0.62,0.189075
11,670.337,1,5.8667,1.19922,16.9498,12.0127,27.5995,1.16067,1.16067,1.05518,0.62,0.179621
12,654.79,1,5.94027,1.68685,17.7531,10.9745,26.4782,1.13128,1.13128,1.02846,0.62,0.17064
13,655.69,1,5.56775,1.52182,14.6491,11.9489,28.0504,1.10264,1.10264,1.03594,0.62,0.162108
14,645.189,1,5.84401,1.43667,14.0805,11.252,28.7517,1.07472,1.07472,1.073,0.62,0.154003
15,618.823,1,5.8571,1.41113,15.4786,10.2726,29.6951,1.04751,1.04751,1.04583,0.62,0.146302
16,618.127,1,5.71067,1.25997,16.3385,12.5649,26.5632,1.02098,1.02098,1.01935,0.62,0.138987
17,607.673,1,5.75279,1.20244,13.9037,11.6542,26.7499,0.995131,0.995131,0.993536,0.62,0.132038
18,605.35,1,5.7277,1.09656,13.0281,12.442,29.0488,0.969933,0.969933,1.02642,0.62,0.125436
19,587.123,1,5.85535,1.79749,13.0572,12.7497,28.2091,0.945374,0.945374,1.03871,0.62,0.119164
20,570.201,1,5.97149,1.71201,15.0982,13.8126,27.5479,0.921437,0.921437,1.01241,0.62,0.113206
21,568.071,1,5.73795,1.41782,14.1899,11.5095,26.8377,0.898105,0.898105,0.986775,0.62,0.107546
22,560.222,1,5.84836,1.6077,14.8797,12.926,25.2232,0.875365,0.875365,0.96179,0.62,0.102168
23,554.503,1,5.65729,1.19359,14.9393,13.222,24.7503,0.8532,0.8532,0.966713,0.62,0.0970601
24,548.257,1,5.79957,1.20887,15.2422,12.6699,25.7751,0.831597,0.831597,0.942235,0.62,0.0922071
25,530.394,1,5.7862,1.2721,13.8859,14.5759,25.0502,0.81054,0.81054,0.918377,0.62,0.0875967
26,522.114,1,5.74778,1.16274,12.9575,13.8257,24.1989,0.790017,0.790017,0.944124,0.62,0.0832169
27,511.572,1,5.90718,1.4902,14.2378,16.6886,23.8019,0.770013,0.770013,0.99811,0.62,0.079056
28,495.859,1,5.75552,1.24336,13.649,15.4706,23.7275,0.750516,0.750516,0.972838,0.62,0.0751032
29,488.886,1,5.69616,1.07642,13.9437,16.3023,23.3382,0.731512,0.731512,0.948205,0.62,0.0713481
30,488.216,1,5.72506,1.17538,13.2902,16.5655,23.7029,0.71299,0.71299,0.924196,0.62,0.0677807
31,476.794,1,5.53687,0.831008,12.9033,16.6301,22.3511,0.694937,0.694937,0.906154,0.62,0.0643916
32,475.604,1,5.66267,1.04864,14.2948,14.8293,21.9931,0.677341,0.677341,0.883209,0.62,0.061172
33,465.182,1,5.59732,1.05076,13.8936,13.2818,22.7319,0.66019,0.66019,0.920986,0.62,0.0581134
34,461.813,1,5.6027,1.13328,14.8504,12.3004,22.6165,0.643474,0.643474,0.897666,0.62,0.0552078
35,445.766,1,5.58339,1.08674,14.7653,13.8731,22.6077,0.627181,0.627181,0.874937,0.62,0.0524474
36,438.207,1,5.57538,1.0184,14.738,15.7432,22.0071,0.6113,0.6113,0.988736,0.62,0.049825
37,438.127,1,5.62656,1.00679,14.7842,14.7242,22.0587,0.595821,0.595821,0.963701,0.62,0.0473338
38,430.105,1,5.60663,1.0893,14.8521,15.0293,22.076,0.580735,0.580735,1.00872,0.62,0.0449671
39,415.362,1,5.60687,1.08355,15.7245,13.3691,21.5844,0.56603,0.56603,0.986714,0.62,0.0427187
40,406.941,1,5.5485,0.930549,15.1024,13.2139,21.4832,0.551698,0.551698,0.972568,0.62,0.0405828
41,394.161,1,5.52005,1.00402,15.7234,11.2921,21.0385,0.537729,0.537729,0.947942,0.62,0.0385536
42,397.083,1,5.54213,1.02491,16.3579,11.9282,20.607,0.524113,0.524113,0.92394,0.62,0.036626
43,390.091,1,5.53891,1.10757,16.3913,11.536,20.442,0.510842,0.510842,0.935646,0.62,0.0347947
44,382.552,1,5.51838,1.04959,16.0988,10.459,20.434,0.497908,0.497908,0.911955,0.62,0.0340026
45,383.061,1,5.51884,0.95406,16.6641,10.5014,20.434,0.4853,0.4853,0.888863,0.62,0.0345345
46,381.923,1,5.55646,1.06075,17.0889,10.0282,20.434,0.473012,0.473012,0.918634,0.62,0.0344067
47,379.824,1,5.46156,1.00785,17.2703,9.2508,20.2425,0.461035,0.461035,0.895373,0.62,0.0338147
48,368.594,1,5.46591,0.95838,17.6806,9.13595,20.029,0.449362,0.449362,0.875989,0.62,0.0323626
49,366.017,1,5.42195,0.810889,17.4745,9.41373,19.3248,0.437984,0.437984,0.879996,0.62,0.0319618
50,367.774,1,5.40538,0.78202,17.4114,10.4842,19.1738,0.426894,0.426894,0.917263,0.62,0.0324379
51,359.675,1,5.45207,0.94934,17.6306,10.4464,19.4584,0.416084,0.416084,0.9177,0.62,0.0312994
52,353.23,1,5.47038,0.994279,17.8282,10.2077,19.6105,0.405549,0.405549,0.924452,0.62,0.0303456
53,346.779,1,5.45636,0.826886,18.0774,9.99103,19.6105,0.39528,0.406499,0.901045,0.62,0.0294357
54,343.084,1,5.45182,0.907083,18.162,9.25926,19.4956,0.385271,0.396206,0.881269,0.62,0.0287697
55,343.435,1,5.42899,0.849487,17.9499,9.1446,19.6098,0.375516,0.388071,0.912069,0.62,0.0287415
56,344.586,1,5.38794,0.728598,17.517,9.32977,19.5409,0.366008,0.406249,0.888975,0.62,0.0292698
57,348.16,1,5.39848,0.81363,17.5375,9.30453,18.8615,0.35674,0.411463,0.866466,0.62,0.0300833
58,347.47,1,5.39217,0.788912,17.0425,9.4368,19.0199,0.347707,0.422885,0.844526,0.62,0.0302055
59,342.196,1,5.4175,0.863639,17.3345,9.03398,19.3914,0.338903,0.412178,0.823142,0.62,0.0297105
60,340.304,1,5.41972,0.848198,17.5934,8.49558,19.221,0.330322,0.401741,0.8023,0.62,0.0295296
61,336.152,1,5.43192,0.905653,17.961,8.16394,19.4237,0.321958,0.391569,0.815399,0.62,0.0288795
62,340.379,1,5.45507,0.912661,18.1874,8.11385,19.6551,0.313806,0.381654,0.85292,0.62,0.0291153
63,335.418,1,5.47669,0.967471,17.9384,8.24471,19.7088,0.30586,0.384102,0.866657,0.62,0.0283653
64,335.742,1,5.4087,0.881619,17.8392,8.23556,19.7627,0.298116,0.399605,0.868029,0.62,0.0282147
65,337.251,1,5.43438,0.865501,18.0302,8.28255,19.8554,0.290567,0.401449,0.892029,0.62,0.0283784
66,337.056,1,5.43333,0.952997,18.0226,8.72661,19.3551,0.28321,0.407997,0.882703,0.62,0.0280848
67,340.678,1,5.37375,0.816099,17.4197,8.59169,18.962,0.276039,0.446512,0.900765,0.62,0.0286616
68,333.89,1,5.37564,0.830676,17.2805,9.13396,19.1101,0.269049,0.435206,0.932487,0.62,0.0278228
69,335.473,1,5.35096,0.796889,17.2174,8.676,18.7331,0.262237,0.452842,0.908876,0.62,0.0280865
70,336.404,1,5.34325,0.766793,17.0685,8.6673,18.5063,0.255597,0.462285,0.885863,0.62,0.0284808
71,335.645,1,5.37644,0.796832,17.4065,8.9941,18.2749,0.249125,0.45058,0.889983,0.62,0.0285271
72,337.112,1,5.41065,0.848155,17.8422,8.06617,18.6961,0.251599,0.439171,0.867449,0.62,0.0292515
73,333.402,1,5.40856,0.740306,17.6253,8.60439,18.7473,0.248767,0.463601,0.845484,0.62,0.028676
74,331.44,1,5.41179,0.788373,17.8984,8.06841,18.7912,0.254773,0.470859,0.824076,0.62,0.0285233
75,325.255,1,5.4008,0.780303,18.0723,7.60984,18.7912,0.248322,0.474752,0.80321,0.62,0.0271863
76,326.227,1,5.3789,0.73121,17.9166,7.52734,18.894,0.245382,0.485609,0.808254,0.62,0.0272293
77,323.851,1,5.37932,0.804208,18.0693,7.58744,19.1154,0.250544,0.488305,0.826977,0.62,0.0266072
78,319.068,1,5.39479,0.787827,17.8068,7.62195,19.3543,0.248847,0.519775,0.835179,0.59971,0.025827
79,316.704,1,5.38301,0.780077,17.1876,7.62514,19.6605,0.242546,0.506614,0.839405,0.60618,0.0257999
80,318.338,1,5.35683,0.75816,17.0823,7.79144,19.5683,0.244254,0.496418,0.906448,0.613459,0.0256862
81,324.24,1,5.4001,0.787379,17.5139,8.46829,19.4766,0.258342,0.496476,0.971385,0.638579,0.0261688
82,323.21,1,5.41115,0.787607,17.6478,8.68482,19.6288,0.251801,0.483905,0.977462,0.621455,0.0262379
83,330.169,1,5.41975,0.821185,18.2373,7.90028,19.7898,0.25294,0.484394,0.952712,0.565957,0.0270138
84,323.483,1,5.40994,0.860996,18.2872,7.82639,19.8826,0.258591,0.472128,0.977957,0.563218,0.0261928
85,322.255,1,5.42562,0.887956,18.8356,7.35264,20.1932,0.2537,0.460174,0.953194,0.460373,0.0261934
86,321.978,1,5.43465,0.949612,18.8104,7.00837,20.5718,0.256027,0.448522,0.929059,0.423405,0.0264567
87,322.715,1,5.43055,0.908948,18.636,6.94466,20.2343,0.249544,0.437165,0.911894,0.4716,0.0266875
88,323.288,1,5.3817,0.867412,18.1128,7.06269,20.3292,0.256263,0.442891,0.936293,0.52639,0.026218
89,322.104,1,5.39975,0.83724,18.1535,7.47453,20.2895,0.253572,0.460146,0.941265,0.521035,0.0259461
90,322.493,1,5.38354,0.836507,18.1581,7.71628,20.2182,0.249653,0.448495,0.969099,0.491731,0.0262478
91,323.79,1,5.36527,0.856998,17.8922,7.66416,20.0918,0.250487,0.437139,0.971255,0.48936,0.0262838
92,325.257,1,5.37643,0.814352,17.7292,7.69834,20.8452,0.247068,0.433354,0.946663,0.473973,0.0266212
93,317.166,1,5.38946,0.917069,18.1835,7.22112,20.149,0.252032,0.422381,0.922693,0.425179,0.0256619
94,313.389,1,5.42129,0.914649,18.7644,6.81394,20.212,0.246884,0.411686,0.899329,0.392338,0.0255461
95,314.308,1,5.41781,0.931824,19.2721,6.46886,20.591,0.254602,0.401262,0.876558,0.385661,0.0256547
96,311.897,1,5.38981,0.933209,19.1619,6.6278,20.8081,0.261137,0.391102,0.854363,0.446218,0.02531
97,313.153,1,5.40988,0.934403,18.5576,7.14397,20.7147,0.257047,0.385377,0.874438,0.462356,0.0254332
98,315.978,1,5.42755,0.922624,19.1818,6.81367,21.1516,0.263098,0.382376,0.912288,0.453918,0.0256277
99,321.172,1,5.41036,0.941512,19.0068,6.39509,21.0112,0.260807,0.377226,0.945407,0.420972,0.0262027
100,310.03,1,5.41571,0.907434,18.8209,6.41698,21.1835,0.257153,0.374578,0.959887,0.446634,0.0248925
101,313.613,1,5.41764,0.896283,19.1406,6.41625,21.6221,0.265031,0.406307,0.935582,0.422032,0.0249702
102,311.946,1,5.42574,0.870899,19.3247,6.65369,21.4025,0.258821,0.396019,0.951621,0.406672,0.0248501
103,313.136,1,5.41343,0.892256,19.0574,6.58571,21.2186,0.256913,0.402458,0.927525,0.43186,0.025028
104,312.417,1,5.3877,0.87869,19.0769,6.53654,20.7627,0.255508,0.413533,0.920697,0.442604,0.0248604
105,309.523,1,5.41835,0.901342,19.4118,6.61139,20.787,0.263375,0.403062,0.950985,0.444741,0.024504
106,307.945,1,5.39916,0.922601,19.3496,6.50672,20.5962,0.262894,0.392856,0.926906,0.465466,0.0244864
107,303.177,1,5.40117,0.938796,19.1949,6.66919,20.7973,0.261048,0.382909,0.903436,0.427999,0.0242374
108,298.114,1,5.40994,0.99128,19.4781,6.28386,21.4148,0.264122,0.373214,0.903855,0.466011,0.0235757
109,297.936,1,5.39747,0.936507,19.187,6.30675,21.8999,0.266786,0.363764,0.880969,0.521425,0.023918
110,293.487,1,5.41709,0.918358,19.1568,6.48554,22.2678,0.262888,0.362004,0.873966,0.536988,0.0232777
111,294.318,1,5.40778,0.850969,19.1678,6.5476,22.4331,0.265196,0.369234,0.899439,0.541979,0.0232057
112,296.751,1,5.41368,0.888485,19.4463,6.50345,22.4331,0.266237,0.359885,0.92965,0.486739,0.0233513
113,295.019,1,5.38412,0.88931,19.312,6.60746,22.5207,0.262625,0.352988,0.952154,0.466948,0.0230383
114,298.784,1,5.38923,0.88144,19.0879,6.40968,22.2656,0.260686,0.361536,0.930816,0.524642,0.0236886
115,287.706,1,5.37498,0.833726,19.1863,5.94538,22.283,0.25972,0.401404,0.907247,0.623761,0.0225418
116,284.497,1,5.36613,0.866383,19.3408,6.02369,22.1437,0.260019,0.391376,0.884275,0.591283,0.0220503
117,289.679,1,5.35787,0.861397,19.4635,5.68202,22.8357,0.264531,0.403821,0.869067,0.57015,0.0224944
118,288.901,1,5.40012,0.869708,19.979,5.42619,23.0498,0.263191,0.399294,0.847061,0.573268,0.022657
119,291.616,1,5.36931,0.855543,19.8692,5.49277,23.3379,0.268007,0.410439,0.902983,0.561392,0.0225019
120,295.729,1,5.36833,0.837579,19.8616,5.66331,23.2558,0.270386,0.424086,0.929883,0.580456,0.0228148
121,290.353,1,5.35953,0.82675,19.4073,5.80395,23.7191,0.265066,0.41748,0.954104,0.588013,0.0222078
122,289.572,1,5.33502,0.820418,19.1913,5.81834,23.8118,0.267946,0.439403,0.929946,0.582219,0.0220548
123,293.625,1,5.36792,0.856394,19.4638,5.36199,23.3002,0.270536,0.428277,0.906399,0.574723,0.022811
124,292.947,1,5.37232,0.862994,19.8517,5.42298,22.745,0.263686,0.417433,0.925783,0.5401,0.0226254
125,292.62,1,5.3814,0.920005,20.0713,5.39721,22.6739,0.25947,0.406864,0.902341,0.539559,0.0229648
126,292.837,1,5.39689,0.959417,19.7948,5.61808,23.0016,0.261355,0.396562,0.955805,0.555001,0.0228828
127,285.68,1,5.41241,0.94649,20.2217,5.4806,23.2622,0.256489,0.38652,0.931604,0.507594,0.0222333
128,291.51,1,5.40732,0.982303,20.3262,5.77462,23.4985,0.258653,0.376734,0.969043,0.471441,0.0225553
129,288.907,1,5.42611,1.00391,20.3682,5.35236,24.3429,0.256828,0.367194,0.944506,0.555691,0.0228012
130,290.464,1,5.39698,0.998835,20.2156,5.41899,23.9436,0.26095,0.357897,0.942427,0.596653,0.0229673
131,285.774,1,5.37469,0.924356,20.2337,5.02067,24.5796,0.254342,0.350141,0.918565,0.547281,0.0224766
132,283.688,1,5.39277,0.950417,20.1152,4.92069,24.762,0.25536,0.341876,0.895306,0.577361,0.0224411
133,286.621,1,5.38034,0.951066,20.2752,5.30473,25.0909,0.256226,0.361476,0.878291,0.572923,0.0225716
134,287.304,1,5.35648,0.944545,20.1172,5.4063,24.5028,0.25996,0.371397,0.926504,0.6064,0.0224066
135,289.754,1,5.33484,0.87314,19.5462,5.3038,25.2302,0.253378,0.379351,0.909699,0.599413,0.0227807
136,279.635,1,5.32546,0.84635,19.7324,5.28545,25.3386,0.256491,0.399486,0.886665,0.622878,0.0216416
137,282.487,1,5.37317,0.949049,19.7414,5.49488,26.5165,0.260288,0.389371,0.864214,0.613517,0.022085
138,278.234,1,5.39368,0.946426,20.0228,5.53265,26.3715,0.264422,0.379512,0.884887,0.599083,0.0214637
139,283.492,1,5.3921,0.973254,20.4047,5.42142,26.969,0.264928,0.369902,0.878594,0.528708,0.0219116
140,285.144,1,5.37484,0.932719,19.8144,5.23112,26.1894,0.259121,0.365759,0.904422,0.580365,0.0222525
141,285.916,1,5.37679,0.945695,20.0226,5.10627,26.3735,0.258666,0.365007,0.919448,0.578254,0.0223109
142,283.044,1,5.33909,0.927963,19.7135,5.23097,26.2602,0.264912,0.374257,0.908084,0.626257,0.0219397
143,277.393,1,5.3648,0.920496,19.9722,5.27557,26.1166,0.264011,0.38399,0.885091,0.593438,0.0212528
144,276.741,1,5.38066,0.938205,20.2506,5.09469,25.4025,0.262508,0.376996,0.86268,0.604584,0.0214406
145,286.334,1,5.36733,0.9096,20.1235,5.02922,24.9361,0.261339,0.388026,0.915088,0.563627,0.0220793
146,280.974,1,5.40824,0.990887,20.3983,5.11732,24.4685,0.262349,0.378201,0.891917,0.566201,0.0219063
147,286.871,1,5.38391,0.981405,20.044,5.04272,24.5832,0.262557,0.368625,0.869334,0.537515,0.0227836
148,283.947,1,5.38908,0.969527,20.0493,4.89412,24.5256,0.260351,0.359291,0.872283,0.568623,0.0223163
149,282.867,1,5.34475,0.904557,19.9294,5.11928,25.7902,0.26677,0.383179,0.882118,0.564412,0.0217671
150,278.772,1,5.34161,0.885325,19.7731,5.29876,25.7499,0.264938,0.389155,0.912673,0.574737,0.021205
151,281.444,1,5.36258,0.911136,19.5427,5.25357,25.7399,0.25823,0.379301,0.889563,0.556385,0.0217449
152,266.877,1,5.35695,0.891812,19.9258,4.84342,27.2481,0.253925,0.369697,0.867039,0.739614,0.0214885
153,266.395,1,5.41521,0.955011,20.5828,4.84694,27.0778,0.255931,0.360336,0.845085,0.710951,0.0212427
154,266.456,1,5.41298,0.981602,20.5841,5.06091,28.4316,0.257669,0.351212,0.83137,0.733088,0.0213475
155,270.428,1,5.35366,0.914794,20.1817,5.02721,27.943,0.264187,0.365867,0.864015,0.732882,0.021243
156,267.257,1,5.38949,0.912721,20.2077,5.18594,27.2881,0.257498,0.361705,0.881422,0.746553,0.02107
157,253.901,1,5.38009,0.967404,20.5575,4.82652,28.0129,0.259947,0.352546,0.859104,0.737659,0.0200165
158,252.283,1,5.36484,0.981256,20.5254,4.90957,28.3631,0.263099,0.34362,0.860602,0.733572,0.0195097
159,248.177,1,5.38979,0.967813,20.5764,4.99094,29.338,0.263293,0.338126,0.84984,0.763866,0.0193184
160,251.141,1,5.43166,1.0189,20.8135,5.12509,29.4412,0.25798,0.329565,0.878903,0.756474,0.0198686
161,255.34,1,5.37683,0.997305,20.4583,4.97769,30.7292,0.263073,0.321464,0.858457,0.722837,0.0199762
162,258.642,1,5.35154,0.950729,20.2733,4.76008,29.5289,0.261027,0.327904,0.837265,0.743605,0.0204659
163,260.213,1,5.33524,0.968552,20.673,4.68614,29.7826,0.265026,0.319601,0.816065,0.761641,0.0208543
164,259.188,1,5.37214,0.955303,20.885,4.78803,29.55,0.261345,0.327692,0.823944,0.748299,0.0206203
165,260.6,1,5.34554,0.95153,20.5993,4.79824,30.762,0.261398,0.338211,0.838336,0.780405,0.0207831
166,260.184,1,5.34366,0.957909,20.1524,4.78444,29.0556,0.256007,0.329647,0.833543,0.788117,0.0209952
167,257.366,1,5.38714,1.05166,20.4099,4.80429,29.4983,0.263313,0.321301,0.818378,0.773822,0.0206649
168,256.698,1,5.36574,0.980357,20.4859,4.90933,28.9913,0.256645,0.332787,0.863107,0.724416,0.0200848
169,266.819,1,5.34727,1.02571,20.1322,4.91503,29.6481,0.268193,0.335349,0.841252,0.749592,0.0212462
170,265.195,1,5.35027,1.03502,20.3369,5.04366,31.3622,0.268364,0.334524,0.843162,0.775553,0.0211728
171,269.363,1,5.34424,0.952846,19.8301,5.31372,31.2151,0.261592,0.338741,0.922668,0.759475,0.0213226
172,252.631,1,5.38212,0.970438,19.8911,5.3009,31.3371,0.259394,0.330164,0.904321,0.752036,0.0202564
173,257.651,1,5.36345,0.926794,19.9596,5.21141,30.4924,0.260502,0.326558,0.881423,0.766426,0.0204324
174,258.611,1,5.36731,0.953977,20.1717,5.13921,28.7534,0.256406,0.318289,0.879681,0.770236,0.0206014
175,252.732,1,5.35898,0.935204,20.2312,5.17007,29.2252,0.256394,0.31023,0.918208,0.786453,0.0200261
176,249.265,1,5.36998,0.9471,20.3592,5.07944,30.6864,0.263827,0.302375,0.894958,0.801874,0.0198802
177,246.938,1,5.40081,1.03861,20.7232,5.07459,30.4347,0.268024,0.303823,0.872297,0.781607,0.0195483
178,250.377,1,5.39517,0.967048,20.4484,5.15687,29.9948,0.262925,0.311412,0.883056,0.753948,0.0196392
179,252.52,1,5.38652,0.974368,20.2857,5.05558,30.276,0.263429,0.330677,0.860696,0.735868,0.0197953
180,252.878,1,5.38298,0.924823,20.3606,5.11136,30.0868,0.263725,0.339273,0.838903,0.781539,0.0199698
181,254.953,1,5.36466,0.93984,20.224,4.93575,30.1808,0.267927,0.335372,0.846514,0.783359,0.0201339
182,255.637,1,5.34881,0.915087,20.2247,5.01397,30.3812,0.27001,0.339242,0.873416,0.741538,0.0198244
183,255.776,1,5.33693,0.906751,20.6973,4.77725,29.3369,0.268416,0.339688,0.8513,0.71897,0.019917
184,248.813,1,5.35694,0.905483,20.8498,4.68508,28.1451,0.265279,0.349075,0.829745,0.71601,0.0191899
185,248.023,1,5.34958,0.896162,20.5166,4.74238,29.2005,0.260222,0.340236,0.808869,0.735162,0.0194048
186,252.509,1,5.37558,1.00838,20.7314,4.7864,29.5541,0.2673,0.331621,0.815295,0.747193,0.0198241
187,253.876,1,5.38804,1.02689,20.7388,4.7023,28.7114,0.267947,0.325761,0.794651,0.726793,0.0199991
188,255.223,1,5.39085,1.06388,20.943,4.68463,29.6534,0.270968,0.317512,0.83724,0.697839,0.0199849
189,251.68,1,5.38135,1.05336,20.5506,4.68403,30.0009,0.264107,0.312523,0.85734,0.723136,0.0196421
190,246.624,1,5.38031,1.03808,20.5805,4.81395,31.3369,0.26897,0.315241,0.835632,0.745674,0.0192457
191,251.421,1,5.388,1.07023,20.5871,4.71022,31.643,0.26216,0.320989,0.814473,0.71505,0.0197484
192,254.029,1,5.40487,1.07154,20.5771,4.85834,32.0385,0.261362,0.312861,0.83853,0.734986,0.0200717
193,253.418,1,5.38807,1.04344,20.4602,4.96789,30.3364,0.264791,0.312908,0.820587,0.759451,0.0201217
194,262.998,1,5.36888,0.98461,20.629,4.89597,31.2134,0.265885,0.32282,0.826015,0.751071,0.0210272
195,262.34,1,5.33752,0.961503,20.5798,4.64155,31.7255,0.265214,0.355408,0.8051,0.755562,0.0209265
196,253.69,1,5.3629,0.9791,20.9673,4.50933,30.164,0.259812,0.346409,0.784714,0.750889,0.0203395
197,260.197,1,5.38392,1.011,21.0611,4.61554,29.5041,0.2591,0.337638,0.764845,0.729439,0.0209418
198,254.543,1,5.39372,0.962582,20.8604,4.65265,27.6601,0.252926,0.329089,0.762901,0.734974,0.0204469
199,259.913,1,5.39959,0.974305,20.648,5.07437,27.7466,0.25928,0.320756,0.840805,0.745465,0.0207405
200,256.845,1,5.40433,0.986229,20.6805,5.0683,29.6541,0.258704,0.313295,0.844454,0.762443,0.0205417
201,256.67,1,5.36586,0.957778,20.4613,4.93932,29.7236,0.259026,0.312015,0.889303,0.77712,0.0204404
202,255.711,1,5.35733,0.966996,20.3155,4.8384,29.5611,0.261463,0.317245,0.866785,0.776891,0.0203319
203,248.284,1,5.40622,1.0434,20.5467,4.87158,29.0184,0.263035,0.309212,0.849351,0.76515,0.0197068
204,250.666,1,5.41762,1.09461,20.8014,4.90233,29.7552,0.261717,0.301383,0.858281,0.7667,0.0199329
205,250.438,1,5.42107,1.13073,20.7098,4.7985,28.8253,0.265435,0.293751,0.836549,0.747851,0.0199163
206,252.228,1,5.42112,1.0998,20.5046,4.83572,28.6114,0.269427,0.299693,0.836504,0.761409,0.0200619
207,257.339,1,5.41951,1.08353,20.4569,4.92469,28.6337,0.263237,0.293319,0.838431,0.749955,0.0206593
208,255.61,1,5.36613,0.969139,20.3188,4.76633,28.8127,0.262442,0.32291,0.817201,0.760136,0.0203767
209,257.124,1,5.32214,0.885215,20.3012,4.71153,28.1374,0.260707,0.343889,0.796509,0.700754,0.0201265
210,246.759,1,5.40343,0.963643,20.835,4.84878,28.7089,0.259256,0.335181,0.776341,0.718841,0.0194373
211,258.923,1,5.37748,0.936346,20.7132,5.08567,28.4622,0.259821,0.349073,0.811438,0.727413,0.0203366
212,266.808,1,5.36862,0.930126,20.7484,4.90155,27.9285,0.260813,0.349176,0.790892,0.718707,0.0213108
213,268.954,1,5.37455,0.957515,20.6242,4.74957,28.7359,0.265249,0.340335,0.770866,0.717796,0.0216854
214,262.76,1,5.38623,0.983441,20.5498,4.77423,27.344,0.25927,0.331718,0.752569,0.699896,0.0210303
215,270.593,1,5.39221,1.00242,20.81,4.70591,26.5535,0.262034,0.343864,0.815458,0.676376,0.0214131
216,272.499,1,5.40313,1.01676,20.7436,4.70659,26.0142,0.260775,0.340305,0.794811,0.669666,0.0217418
217,273.496,1,5.4086,1.08023,21.102,4.62869,27.8636,0.264399,0.331688,0.796888,0.660774,0.0218562
218,271.107,1,5.42702,1.09328,21.1112,4.68087,27.5371,0.266803,0.337409,0.779679,0.661303,0.0215411
219,259.069,1,5.43003,1.03436,21.1128,4.78685,26.7841,0.26171,0.328866,0.789278,0.688759,0.0204641
220,262.821,1,5.43727,1.03761,21.2085,4.84953,26.3866,0.263688,0.328276,0.773303,0.688793,0.0209004
221,258.038,1,5.39759,1.01668,20.8908,4.70773,27.3554,0.266137,0.323925,0.763075,0.720824,0.0205513
222,258.148,1,5.40883,1.01218,21.0124,4.73887,27.1845,0.259567,0.324272,0.754421,0.718501,0.020659
223,256.107,1,5.4319,1.01324,20.9055,4.99198,28.1614,0.261447,0.33727,0.783668,0.739405,0.0203011
224,256.825,1,5.42764,1.03648,20.7279,4.86065,28.2054,0.267684,0.346775,0.763825,0.735408,0.0203513
225,257.762,1,5.43868,0.999874,20.9821,4.92299,28.4368,0.261536,0.341919,0.766559,0.730101,0.0204927
226,271.373,1,5.38104,0.906325,20.4624,4.99458,27.7925,0.264837,0.378806,0.79445,0.74926,0.0216132
227,263.817,1,5.39388,0.96279,20.0811,5.23538,28.3136,0.262342,0.369214,0.830124,0.79543,0.0211296
228,270.104,1,5.40483,0.984723,20.2264,5.18379,28.8887,0.262194,0.359866,0.833533,0.762237,0.0216107
229,261.401,1,5.39824,0.953832,20.0658,5.17735,28.0085,0.263996,0.354663,0.847528,0.745801,0.0205302
230,261.585,1,5.37758,0.952103,19.998,5.10419,27.8116,0.259172,0.345683,0.844263,0.765712,0.0207745
231,259.231,1,5.41216,1.00689,20.646,4.96855,27.7247,0.268313,0.33693,0.856026,0.766245,0.0204931
232,261.123,1,5.4412,1.06322,20.831,4.93433,26.88,0.263414,0.330792,0.846131,0.765396,0.0207975
233,262.794,1,5.44971,1.07888,20.7952,5.10778,26.754,0.264335,0.322416,0.827173,0.724181,0.0209807
234,254.966,1,5.41234,1.00931,20.3598,5.14618,26.5867,0.264616,0.333996,0.806228,0.734033,0.020063
235,255.892,1,5.40325,0.980582,19.7265,5.2627,27.8745,0.264479,0.332227,0.826637,0.772777,0.020315
236,256.412,1,5.42614,1.01323,20.1757,5.26595,27.9399,0.267019,0.335715,0.815867,0.758766,0.0202741
237,249.484,1,5.39845,1.01478,20.1058,5.08558,27.7652,0.263008,0.342184,0.795209,0.766303,0.0196292
238,255.963,1,5.38837,0.961259,20.1095,5.10415,27.8954,0.265939,0.354319,0.812986,0.768902,0.020137
239,260.579,1,5.3763,0.935774,19.5505,5.39767,28.7889,0.263738,0.36658,0.913717,0.827545,0.0206104
240,259.701,1,5.41191,1.00961,19.9478,5.19443,30.1609,0.259157,0.357298,0.890581,0.812701,0.0207483
241,252.941,1,5.38514,0.973924,20.0483,5.24612,30.4672,0.256037,0.348251,0.868031,0.794499,0.0201197
242,251.317,1,5.42795,1.0407,20.3304,5.29935,30.3125,0.260037,0.339433,0.871517,0.782582,0.0199472
243,250.133,1,5.42166,1.05682,20.1012,5.26011,28.6311,0.257352,0.330838,0.84945,0.791824,0.0198574
244,251.846,1,5.3893,1.02437,20.0507,5.07195,28.441,0.262765,0.328582,0.827941,0.809159,0.0201922
245,258.886,1,5.39516,0.992917,19.9,4.983,27.941,0.262004,0.342128,0.830877,0.801694,0.0207547
246,261.786,1,5.36438,0.996272,19.9617,5.00958,28.0829,0.259996,0.353767,0.83992,0.776727,0.0207306
247,264.176,1,5.38602,1.00075,20.1171,5.24717,29.2896,0.2623,0.344809,0.856774,0.799204,0.0211931
248,262.64,1,5.39528,1.0115,20.034,5.37048,28.9235,0.26371,0.340508,0.88129,0.786854,0.0208765
249,258.774,1,5.38362,0.954176,19.3943,5.52806,28.7653,0.257032,0.341682,0.938927,0.806294,0.0204779
250,258.676,1,5.37448,0.938516,19.7547,5.66533,28.2934,0.256103,0.342396,0.959824,0.781548,0.0202132
251,250.879,1,5.35235,0.905631,20.0567,5.38661,28.6802,0.261193,0.333726,0.935521,0.748468,0.0195901
252,252.051,1,5.34778,0.944221,20.0448,5.32147,28.9939,0.262733,0.325276,0.911833,0.74758,0.0197472
253,250.046,1,5.39497,1.00435,20.5119,5.12639,29.2204,0.262251,0.31704,0.888745,0.744054,0.0196677
254,250.923,1,5.38601,1.01171,20.3527,4.98177,27.6681,0.258033,0.317634,0.866241,0.711116,0.0196298
255,255.253,1,5.38278,1.02487,20.4866,4.64193,27.841,0.258796,0.320571,0.844307,0.706319,0.020228
256,257.721,1,5.36865,1.06271,20.6955,4.62476,27.6561,0.260874,0.31632,0.822929,0.669591,0.0202827
257,260.018,1,5.38495,1.05931,20.9089,4.66775,27.5697,0.260857,0.308311,0.802092,0.67534,0.0208896
258,260.674,1,5.39805,1.08223,20.7288,4.58044,27.182,0.263953,0.300504,0.781783,0.696088,0.0210346
259,257.884,1,5.41359,1.05651,21.0643,4.84481,28.2863,0.26208,0.305425,0.822072,0.693343,0.0203964
260,257.14,1,5.38827,1.03734,20.9787,4.77209,27.9216,0.260799,0.312356,0.811534,0.706487,0.0203464
261,253.609,1,5.38429,1.011,20.7997,4.85619,29.4813,0.266524,0.321042,0.85192,0.731637,0.0198126
262,251.667,1,5.36308,1.00731,20.8158,4.87292,29.1128,0.26546,0.312913,0.839403,0.728181,0.0197419
263,254.795,1,5.39367,1.01705,20.6159,4.99079,29.454,0.271801,0.30817,0.84742,0.765247,0.0202127
264,257.793,1,5.36393,0.900495,20.4747,5.0468,29.9027,0.272064,0.340667,0.847352,0.765462,0.0202578
265,262.281,1,5.38573,0.957552,20.7256,4.98769,29.4004,0.265175,0.34902,0.825897,0.738411,0.020756
266,260.953,1,5.40353,1.00671,20.645,5.0083,29.3315,0.265032,0.340183,0.829765,0.758327,0.0207896
267,253.277,1,5.40458,1.04779,20.5442,5.04712,29.2857,0.265045,0.331569,0.821194,0.764793,0.0201439
268,253.019,1,5.37102,1.02199,20.3019,5.00116,31.0588,0.264494,0.323174,0.814091,0.788238,0.0203586
269,254.303,1,5.36876,0.976707,20.1493,5.10938,29.7364,0.262375,0.314991,0.858206,0.783963,0.0203395
270,252.358,1,5.39915,1.01589,20.3894,5.03346,30.2126,0.261841,0.307015,0.840111,0.763181,0.0201617
271,255.345,1,5.39021,0.963699,20.2921,5.18692,29.835,0.258365,0.325234,0.854169,0.745684,0.0201189
272,257.698,1,5.37313,0.93381,20.1203,5.12751,28.7395,0.260135,0.334995,0.843824,0.740449,0.0202737
273,250.451,1,5.43268,1.0545,20.233,5.21759,28.6721,0.262866,0.326512,0.885785,0.73244,0.0196679
274,260.056,1,5.42601,1.04396,20.4253,5.23441,29.2993,0.265693,0.318245,0.894709,0.74766,0.020671
275,263.476,1,5.40029,1.01103,20.2665,5.25153,31.245,0.264757,0.312272,0.904431,0.779764,0.0210892
276,259.579,1,5.43094,1.07241,20.176,5.329,31.2694,0.260809,0.304365,0.940664,0.814121,0.0210093
277,263.933,1,5.40221,1.06456,20.0396,5.04277,31.4893,0.265016,0.298415,0.92464,0.814908,0.0214734
278,262.44,1,5.37271,1.06126,20.0105,5.00075,31.1695,0.265441,0.309661,0.943421,0.801798,0.0209687
279,269.646,1,5.4175,1.10483,20.2286,5.10212,30.3293,0.262796,0.327188,0.951888,0.806456,0.0216744
280,265.707,1,5.42721,1.10657,20.338,5.03279,30.4597,0.262581,0.323067,0.949681,0.813832,0.0213516
281,265.528,1,5.40187,1.05478,20.422,4.97583,30.2217,0.260656,0.321711,0.925635,0.814555,0.0215376
282,264.17,1,5.40913,1.04797,20.023,5.12931,28.9467,0.261437,0.323031,0.902197,0.816138,0.021394
283,261.769,1,5.39802,0.996142,19.7055,5.18413,29.4442,0.255546,0.324849,0.898034,0.814804,0.0211624
284,257.767,1,5.394,1.0587,19.9856,5.12162,30.4564,0.263473,0.325686,0.875296,0.802212,0.0206081
285,257.482,1,5.40816,1.01832,19.7661,5.23223,30.8133,0.262076,0.330831,0.891258,0.821245,0.0206564
286,260.359,1,5.40973,1.04276,20.1484,5.24481,30.8614,0.264238,0.323366,0.978313,0.8129,0.0206573
287,255.271,1,5.44501,1.15847,19.9397,5.11666,31.6812,0.265522,0.315178,0.953542,0.80599,0.0204689
288,261.741,1,5.45927,1.16124,20.2132,5.09905,30.8397,0.266292,0.307197,0.929398,0.768891,0.0209023
289,259.139,1,5.40968,1.12831,19.885,5.22054,29.9241,0.267234,0.299419,0.922955,0.825117,0.0209737
290,255.766,1,5.41887,1.16502,20.0963,4.95226,29.3397,0.266438,0.291838,0.965107,0.780779,0.0204063
291,259.442,1,5.41519,1.13689,20.4028,4.74227,30.2451,0.26213,0.295296,0.943222,0.739024,0.0204727
292,259.004,1,5.39994,1.07765,20.3002,4.95198,31.2729,0.264042,0.304396,0.919339,0.765351,0.0205438
293,252.909,1,5.38755,1.00274,20.3751,4.97352,29.9047,0.257903,0.314471,0.896061,0.764911,0.0199888
294,259.94,1,5.35769,1.0112,20.3122,5.00766,30.3486,0.264503,0.306508,0.923944,0.790764,0.0208428
295,252.975,1,5.38148,0.988517,20.32,5.1815,33.0516,0.257823,0.307944,0.945918,0.800314,0.0200784
296,250.857,1,5.3929,0.99589,20.3075,5.0816,32.1478,0.264652,0.30872,0.921967,0.794057,0.019842
297,247.323,1,5.43558,1.07957,20.4112,5.33937,31.0804,0.263697,0.300903,0.953526,0.78396,0.0194952
298,246.985,1,5.40936,1.05802,20.0582,5.34724,30.7404,0.262902,0.293284,0.929383,0.824462,0.0197783
299,245.241,1,5.43448,1.04804,20.1112,5.28627,30.7525,0.259439,0.291142,0.909167,0.822411,0.0197212
300,243.218,1,5.41796,1.07557,20.0572,5.22527,30.1038,0.262557,0.285482,0.909071,0.813508,0.0194227
301,250.384,1,5.41582,1.04892,20.1742,5.21064,30.1038,0.261481,0.278254,0.898717,0.791663,0.0201828
302,250.188,1,5.39466,1.0313,20.1208,5.11813,30.092,0.263013,0.281881,0.875961,0.799328,0.020322
303,248.551,1,5.41477,1.035,20.2098,5.15,29.6571,0.264446,0.28617,0.853781,0.801392,0.0201401
304,251.321,1,5.41241,1.0774,20.4384,5.07876,30.9546,0.266714,0.294055,0.832163,0.792739,0.0202577
305,250.039,1,5.38694,0.978397,19.8393,5.2556,30.8095,0.263907,0.314387,0.852051,0.806794,0.0199944
306,255.354,1,5.42109,1.01915,20.1085,5.31219,30.8336,0.261496,0.306427,0.879811,0.78757,0.0205042
307,255.64,1,5.42256,1.01251,19.8915,5.50154,29.9784,0.257518,0.301923,0.923668,0.799173,0.0205029
308,257.725,1,5.41245,0.979623,19.7544,5.54563,29.7442,0.26054,0.324632,0.91061,0.814955,0.0206342
309,260.468,1,5.41001,1.04943,20.0753,5.40816,30.4646,0.260084,0.316412,0.928629,0.779783,0.0208167
310,260.134,1,5.42783,1.02585,20.2693,5.24409,30.655,0.253499,0.3084,0.905116,0.795478,0.0212103
311,260.933,2,5.41717,1.10371,20.2821,5.05447,30.3556,0.258261,0.301834,0.882198,0.794048,0.021147
312,262.846,2,5.41171,1.09126,20.2682,5.07157,30.0829,0.260406,0.304779,0.885413,0.781845,0.0212066
313,264.428,2,5.40368,1.07464,20.0785,4.9772,29.225,0.253667,0.318103,0.880085,0.801531,0.0214881
314,265.12,2,5.39158,1.06034,19.5079,5.03626,30.2548,0.254817,0.301319,0.883336,0.789075,0.0216211
315,268.019,2,5.38107,1.08117,19.8363,4.98851,29.3965,0.258756,0.299322,0.909597,0.726151,0.0214478
316,263.171,2,5.35532,0.96262,19.6538,5.00763,29.7258,0.253046,0.298027,0.875662,0.75256,0.0213069
317,263.723,2,5.38721,1.01718,20.1261,4.96434,30.6164,0.257916,0.304069,0.865924,0.766716,0.0213232
318,254.656,2,5.39392,1.00568,20.2604,5.07553,30.1631,0.259973,0.300724,0.87249,0.779077,0.0205265
319,261.58,2,5.41726,1.05365,20.3949,5.12943,29.6168,0.26176,0.29598,0.887974,0.784174,0.0210639
320,258.841,2,5.40395,1.04589,20.2062,5.16059,29.1668,0.263894,0.304786,0.887318,0.78034,0.0207565
321,264.609,2,5.43646,1.103,20.1984,5.15689,29.4773,0.264156,0.290565,0.907813,0.771622,0.0212409
322,265.885,2,5.43827,1.1266,20.3129,5.04453,29.7437,0.264866,0.287361,0.916165,0.721919,0.0211812
323,266.807,2,5.41035,1.07633,20.2822,5.03837,30.192,0.266147,0.309345,0.935591,0.759838,0.0211876
324,258.545,2,5.41883,1.07991,20.3007,5.21617,30.5328,0.264161,0.303505,0.948984,0.764478,0.0206772
325,265.519,2,5.39917,1.08774,19.8566,5.31423,30.5926,0.268857,0.284841,0.969679,0.78342,0.0211481
326,262.903,2,5.41423,1.07598,19.6692,5.34176,30.5926,0.265407,0.285876,0.978926,0.782284,0.0211074
327,265.22,2,5.39227,1.02862,19.7877,5.28714,30.6197,0.263175,0.292673,0.983972,0.759098,0.0210278
328,268.161,2,5.38928,1.01436,19.8183,5.28285,30.6582,0.261565,0.300584,0.986062,0.766992,0.021221
329,269.6,2,5.37742,1.01482,19.5683,5.323,30.78,0.264727,0.300966,0.973012,0.763199,0.0213667
330,268.177,2,5.3803,1.02354,19.6004,5.36075,30.5177,0.266481,0.298991,0.969673,0.759691,0.0213685
331,266.578,2,5.38211,1.018,19.5354,5.44119,30.006,0.267602,0.305949,0.962902,0.757862,0.0212183
332,266.445,2,5.38324,1.02501,19.5122,5.50669,30.1071,0.268672,0.307043,0.97508,0.765938,0.0211467
333,271.822,2,5.38819,1.03766,19.5427,5.54352,30.4691,0.269764,0.315589,0.991799,0.771633,0.0212492
334,263.009,2,5.39276,1.06085,19.5154,5.55072,30.1822,0.268137,0.304503,0.996875,0.766685,0.0210716
335,264.335,2,5.40129,1.08244,19.6161,5.4668,30.0615,0.268189,0.301026,0.977441,0.756261,0.0210179
336,261.944,2,5.40194,1.05772,19.5783,5.54567,30.0413,0.266681,0.304281,0.985041,0.765522,0.0208903
337,264.088,2,5.41242,1.08747,19.7185,5.46795,30.17,0.266697,0.306575,0.981621,0.764838,0.0208548
338,263.347,2,5.42354,1.1137,19.8006,5.40316,30.5672,0.26764,0.31079,0.964176,0.781865,0.0209378
339,276.488,2,5.42851,1.11627,19.8396,5.40944,30.4914,0.268081,0.308336,0.961082,0.784183,0.0213862
340,275.036,2,5.44357,1.1361,19.9393,5.3762,30.5172,0.266166,0.303113,0.950959,0.779335,0.0217014
341,265.294,2,5.44467,1.13435,19.9791,5.32769,30.3518,0.265507,0.303091,0.938222,0.774962,0.0215994
342,264.926,2,5.44765,1.12994,20.1309,5.23985,30.1421,0.265221,0.301297,0.923444,0.767039,0.0215351
343,265.991,2,5.44445,1.12357,20.1872,5.21967,29.8727,0.265169,0.303853,0.913256,0.77345,0.021541
344,257.982,2,5.44206,1.12686,20.1968,5.21933,29.7808,0.265793,0.301797,0.906115,0.781076,0.0213967
345,255.895,2,5.44499,1.13375,20.2193,5.19938,29.8361,0.265195,0.299028,0.911179,0.784306,0.0212248
346,255.071,2,5.44217,1.1314,20.2997,5.15662,29.7463,0.2657,0.298504,0.905171,0.784887,0.0210725
347,259.88,2,5.43082,1.12399,20.3129,5.08524,29.7545,0.266526,0.300336,0.900807,0.788106,0.0210377
348,267.052,2,5.42183,1.11165,20.3657,5.0541,29.959,0.266615,0.301508,0.897306,0.785229,0.0211145
349,261.703,2,5.4154,1.103,20.3924,5.00109,30.0271,0.266516,0.3029,0.887665,0.782811,0.0211044
350,261.959,2,5.4071,1.09908,20.4271,4.94346,29.8688,0.266837,0.302079,0.885836,0.77748,0.0210732
351,260.125,2,5.40485,1.09659,20.4648,4.91552,29.9315,0.26719,0.303251,0.878237,0.77379,0.0210305
352,264.372,2,5.40239,1.09152,20.4923,4.90678,30.0485,0.266861,0.305765,0.876351,0.770128,0.0210256
353,270.616,2,5.40272,1.09046,20.5588,4.88685,30.2123,0.266506,0.304765,0.875602,0.764386,0.0211215
354,271.552,2,5.40291,1.0951,20.6214,4.86432,30.2332,0.265919,0.302939,0.874716,0.756942,0.0212118
355,266.578,2,5.4049,1.102,20.6099,4.84975,30.1999,0.265386,0.302072,0.877977,0.759227,0.0212569
356,261.061,2,5.40586,1.10591,20.6009,4.83432,30.1757,0.264685,0.30121,0.877774,0.7609,0.0212463
357,262.984,2,5.40877,1.10386,20.5748,4.85474,30.0622,0.26429,0.300387,0.879286,0.762423,0.0212543
358,261.167,2,5.40914,1.10223,20.56,4.88092,30.0482,0.264289,0.298957,0.881051,0.763575,0.0212403
359,263.03,2,5.41038,1.09922,20.5664,4.89588,30.0388,0.264076,0.298258,0.881102,0.764319,0.021248
360,260.125,2,5.41106,1.09579,20.5845,4.91195,30.0579,0.264279,0.29909,0.878624,0.764308,0.0212156
361,263.667,2,5.41113,1.09385,20.5947,4.90756,30.0693,0.26448,0.300221,0.875345,0.76208,0.0212026
362,266.284,2,5.41015,1.091,20.6067,4.90117,30.0688,0.264406,0.300899,0.873181,0.760898,0.0212025
363,263.534,2,5.40967,1.08898,20.6103,4.89538,30.0354,0.264339,0.301244,0.870964,0.760017,0.0212031
364,266.175,2,5.41001,1.08847,20.6201,4.89105,30.0259,0.264233,0.301277,0.869151,0.758995,0.0212109
365,263.83,2,5.40955,1.08793,20.6176,4.89068,30.0115,0.264182,0.30122,0.867996,0.758109,0.0212115
366,263.856,2,5.40879,1.08629,20.6083,4.89478,29.9851,0.26412,0.301427,0.867538,0.757189,0.0212064
367,263.412,2,5.40873,1.08674,20.6032,4.89665,29.9629,0.264088,0.301353,0.867385,0.757038,0.0212064
368,258.052,2,5.40853,1.08735,20.5968,4.89829,29.9898,0.264143,0.301288,0.867197,0.757079,0.0211954
369,267.912,2,5.40806,1.08771,20.5899,4.898,30.0064,0.264174,0.30128,0.867246,0.75724,0.0212039
370,267.153,2,5.40792,1.0877,20.5831,4.89726,30.0003,0.264123,0.301262,0.867239,0.757278,0.0212116
371,270.712,2,5.40754,1.0878,20.5691,4.90161,30.0217,0.264188,0.30126,0.867621,0.757795,0.021225
372,266.12,2,5.40763,1.08735,20.5582,4.90798,30.0115,0.264121,0.301214,0.868664,0.758248,0.0212295
373,265.417,2,5.40802,1.08758,20.5514,4.91392,30.0206,0.264008,0.301031,0.869866,0.758055,0.0212305
374,264.013,2,5.40827,1.08769,20.5481,4.9174,30.0122,0.263975,0.301028,0.870949,0.759144,0.0212337
375,257.258,2,5.4086,1.08744,20.5449,4.92338,30.0167,0.263908,0.300858,0.872247,0.760175,0.0212253
376,261.711,2,5.40919,1.08839,20.5432,4.92827,30.0263,0.263884,0.300452,0.873956,0.761461,0.0212265
377,267.754,2,5.40929,1.0883,20.5371,4.93308,30.0361,0.263864,0.300827,0.874692,0.762583,0.0212337
378,265.042,2,5.40941,1.0883,20.529,4.93602,30.0461,0.263843,0.301034,0.875111,0.763552,0.0212384
379,261.132,2,5.40954,1.08846,20.5184,4.93941,30.0468,0.263746,0.301163,0.875845,0.764306,0.0212356
380,268.617,2,5.40915,1.08756,20.5068,4.94121,30.0613,0.26371,0.30174,0.876073,0.764875,0.0212405
381,256.537,2,5.40881,1.08721,20.5037,4.94324,30.0643,0.263678,0.302196,0.876052,0.764841,0.021223
382,258.054,2,5.40849,1.08746,20.4998,4.94493,30.0769,0.263683,0.30243,0.876487,0.765054,0.0212104
383,253.411,2,5.40812,1.08725,20.4946,4.94538,30.0838,0.263663,0.302658,0.876902,0.765745,0.021194
384,257.975,2,5.40836,1.08763,20.4937,4.94524,30.1023,0.263653,0.303014,0.876828,0.765791,0.021182
385,258.203,2,5.40875,1.08849,20.4974,4.94402,30.0984,0.263661,0.303058,0.876681,0.765623,0.0211729
386,254.636,2,5.40896,1.08876,20.4976,4.94543,30.1003,0.263723,0.303124,0.877174,0.766154,0.0211596
387,264.727,2,5.40851,1.08815,20.4978,4.94403,30.081,0.263755,0.303432,0.877776,0.765965,0.0211548
388,265.496,2,5.40814,1.08719,20.4983,4.944,30.0693,0.263787,0.303794,0.878381,0.765993,0.021152
389,271.344,2,5.40802,1.08698,20.5004,4.94217,30.0762,0.263979,0.304168,0.879081,0.766578,0.0211595
390,260.558,2,5.40808,1.0873,20.5031,4.9427,30.0828,0.264066,0.304211,0.879649,0.766825,0.0211537
391,260.462,2,5.40801,1.08711,20.5051,4.94217,30.0908,0.264079,0.30429,0.879222,0.767268,0.0211528
392,260.956,2,5.40801,1.08633,20.5046,4.94293,30.0818,0.264043,0.304468,0.879164,0.767841,0.0211521
393,258.723,2,5.4083,1.08584,20.5049,4.9447,30.0833,0.264058,0.304686,0.879173,0.768102,0.0211453
394,264.104,2,5.40832,1.0851,20.5036,4.948,30.0827,0.264129,0.304895,0.879224,0.767918,0.0211423
395,265.087,2,5.40869,1.08502,20.5053,4.94994,30.0827,0.264213,0.304963,0.879318,0.767783,0.0211425
396,257.332,2,5.40908,1.08495,20.5051,4.95362,30.0907,0.26424,0.304808,0.879635,0.767779,0.0211349
397,259.913,2,5.40959,1.08508,20.5069,4.9565,30.084,0.264283,0.304634,0.880176,0.768217,0.0211329
398,266.094,2,5.40988,1.08513,20.5085,4.9596,30.0741,0.264325,0.304667,0.881149,0.768827,0.0211364
399,257.633,2,5.41028,1.08539,20.5055,4.96246,30.0797,0.264321,0.304661,0.881993,0.769155,0.0211285
400,260.379,2,5.41055,1.08574,20.4993,4.96565,30.0858,0.264367,0.304579,0.882622,0.769701,0.0211263
401,257.031,2,5.41073,1.08546,20.4927,4.9675,30.095,0.26433,0.304547,0.883097,0.770033,0.0211198
402,257.865,2,5.41103,1.08604,20.4911,4.97017,30.1002,0.264385,0.304362,0.883721,0.770193,0.0211132
403,262.313,2,5.41063,1.08449,20.4825,4.97352,30.0918,0.264399,0.304552,0.884098,0.770391,0.0211102
404,261.1,2,5.41072,1.08406,20.4799,4.97637,30.0969,0.264483,0.304381,0.884353,0.770512,0.0211087
405,259.322,2,5.41093,1.08411,20.4829,4.97657,30.0979,0.264513,0.304225,0.884273,0.770633,0.0211065
406,257.771,2,5.41094,1.08324,20.4838,4.97624,30.0999,0.264553,0.304174,0.883825,0.770514,0.0211018
407,264.912,2,5.4111,1.08302,20.4879,4.97703,30.1042,0.26457,0.304275,0.883817,0.770555,0.0211035
408,261.083,2,5.41155,1.08323,20.4936,4.97739,30.1052,0.264621,0.304287,0.883652,0.770768,0.0211028
409,263.093,2,5.4116,1.08297,20.4918,4.97917,30.1062,0.264705,0.304524,0.883793,0.770987,0.0211007
410,257.468,2,5.41121,1.0821,20.4878,4.97894,30.1123,0.264776,0.304805,0.88331,0.77133,0.0210945
411,251.967,2,5.41145,1.08201,20.4863,4.98274,30.1152,0.264821,0.304864,0.883476,0.771884,0.021084
412,259.28,2,5.41163,1.08166,20.4846,4.98621,30.1247,0.264847,0.304922,0.883659,0.772211,0.0210809
413,259.612,2,5.41136,1.0809,20.4843,4.98446,30.1343,0.264829,0.305111,0.883508,0.772469,0.0210779
414,255.332,2,5.41172,1.08162,20.488,4.9823,30.1345,0.26479,0.304997,0.883354,0.772567,0.0210726
415,252.093,2,5.41131,1.08087,20.486,4.98141,30.144,0.264773,0.305214,0.883405,0.7729,0.0210607
416,259.287,2,5.41096,1.07999,20.4822,4.97939,30.1422,0.264733,0.305429,0.883216,0.773311,0.0210589
417,259.026,2,5.41069,1.07954,20.4806,4.97948,30.1457,0.264764,0.305566,0.882976,0.773588,0.0210561
418,253.892,2,5.41035,1.0788,20.476,4.98129,30.1424,0.264734,0.305695,0.883304,0.773968,0.0210472
419,254.045,2,5.40985,1.07818,20.4729,4.9811,30.147,0.26477,0.305892,0.883199,0.773959,0.0210359
420,251.286,2,5.40929,1.07701,20.4716,4.98022,30.1457,0.264747,0.306133,0.883169,0.774027,0.0210224
421,255.636,2,5.40884,1.07579,20.4673,4.98155,30.1448,0.264725,0.306363,0.883223,0.773831,0.0210119
422,256.585,2,5.40835,1.07484,20.4641,4.98126,30.1405,0.264701,0.306487,0.882834,0.773495,0.0210044
423,252.598,2,5.40788,1.07396,20.4595,4.98259,30.1316,0.264652,0.306484,0.882975,0.773281,0.0209935
424,253.159,2,5.40738,1.07308,20.454,4.98371,30.1304,0.264622,0.306485,0.883049,0.772967,0.0209826
425,263.786,2,5.40657,1.0718,20.4468,4.98507,30.1295,0.264596,0.306744,0.883234,0.772846,0.0209803
426,257.501,2,5.40639,1.0712,20.4436,4.98743,30.1333,0.264541,0.306766,0.883609,0.772751,0.0209745
427,265.067,2,5.40596,1.07015,20.4373,4.99016,30.1358,0.26448,0.306815,0.884296,0.77267,0.0209748
428,252.237,2,5.40575,1.06967,20.4329,4.99135,30.1406,0.264432,0.306762,0.884538,0.772766,0.0209661
429,255.328,2,5.40545,1.06913,20.4307,4.99255,30.142,0.264394,0.306663,0.884536,0.772879,0.0209618
430,255.176,2,5.4056,1.06944,20.4318,4.99275,30.142,0.26441,0.306592,0.884747,0.772938,0.0209558
431,258.46,2,5.40535,1.06945,20.43,4.98994,30.139,0.264412,0.306575,0.884544,0.773268,0.0209554
432,252.466,2,5.40528,1.06948,20.4273,4.99148,30.1398,0.264422,0.306506,0.884837,0.773571,0.020948
433,255.831,2,5.40522,1.06897,20.4206,4.99419,30.1384,0.264411,0.306657,0.885096,0.773957,0.020943
434,250.811,2,5.4053,1.06861,20.4175,4.99753,30.1421,0.264422,0.306681,0.885422,0.774118,0.0209328
435,259.152,2,5.40525,1.06845,20.4168,4.99875,30.1442,0.264474,0.306652,0.885903,0.774302,0.02093
436,258.166,2,5.40531,1.06838,20.4161,4.999,30.1474,0.264469,0.306595,0.886029,0.774343,0.0209276
437,259.421,2,5.40538,1.06839,20.4147,4.99983,30.1451,0.264501,0.306455,0.886322,0.774527,0.0209271
438,256.954,2,5.40524,1.06846,20.4127,4.99899,30.1459,0.264538,0.306362,0.88638,0.77472,0.0209245
439,262.101,2,5.40525,1.06868,20.4096,4.99969,30.147,0.264532,0.306282,0.886047,0.775091,0.0209293
440,250.211,2,5.40527,1.06874,20.4078,5.00029,30.1483,0.264524,0.30623,0.88589,0.775436,0.0209229
441,251.661,2,5.40518,1.0689,20.4079,5.00137,30.1508,0.264516,0.306126,0.88586,0.775682,0.020917
442,252.433,2,5.40502,1.06849,20.4092,5.00177,30.1515,0.264513,0.306189,0.885777,0.775787,0.0209098
443,263.369,2,5.40496,1.06869,20.4089,5.00251,30.1522,0.264527,0.306161,0.885795,0.775834,0.0209118
444,269.991,2,5.40494,1.06841,20.4089,5.00245,30.1568,0.264535,0.30623,0.88551,0.775749,0.020919
445,256.722,2,5.40465,1.06765,20.4055,5.00328,30.1549,0.264549,0.306299,0.885321,0.775774,0.0209152
446,256.81,2,5.40457,1.0675,20.4025,5.00595,30.1594,0.264565,0.306296,0.885557,0.775741,0.0209104
447,260.58,2,5.40465,1.06748,20.397,5.00762,30.1657,0.264623,0.306252,0.885796,0.776121,0.0209113
448,257.515,2,5.40472,1.06747,20.3962,5.00939,30.1689,0.264611,0.306166,0.886219,0.776274,0.0209087
449,262.562,2,5.40506,1.06803,20.3946,5.00935,30.1727,0.264627,0.306145,0.88615,0.776569,0.0209121
450,261.16,2,5.40555,1.06857,20.3966,5.00858,30.1715,0.264602,0.306029,0.885936,0.776657,0.0209152
451,256.604,2,5.40594,1.06924,20.3984,5.00973,30.1621,0.264622,0.305948,0.885999,0.776783,0.0209129
452,251.965,2,5.40624,1.06943,20.4002,5.01127,30.161,0.264627,0.30601,0.885858,0.776688,0.020905
453,258.213,2,5.4062,1.06903,20.3992,5.01142,30.1497,0.264601,0.306142,0.885848,0.776928,0.0209032
454,255.867,2,5.40641,1.06929,20.3984,5.01276,30.1423,0.26459,0.306147,0.885928,0.77685,0.0208986
455,257.273,2,5.40664,1.06919,20.3978,5.01354,30.1364,0.264569,0.306246,0.886026,0.776874,0.0208951
456,258.442,2,5.40679,1.06887,20.3973,5.01577,30.1268,0.26457,0.306404,0.88616,0.776976,0.0208921
457,262.61,2,5.40669,1.06805,20.3955,5.01743,30.1293,0.264543,0.306432,0.886094,0.776739,0.0208925
458,264.037,2,5.4065,1.06728,20.3933,5.01851,30.1272,0.264529,0.306487,0.885906,0.776686,0.020895
459,262.365,2,5.4062,1.06687,20.3927,5.01835,30.1417,0.264566,0.306526,0.885767,0.776486,0.0208943
460,256.252,2,5.40589,1.06665,20.3929,5.01807,30.1478,0.264598,0.306557,0.885508,0.776181,0.0208888
461,259.519,2,5.40558,1.06611,20.3932,5.017,30.1512,0.264618,0.306604,0.885396,0.775981,0.0208861
462,266.968,2,5.40527,1.06557,20.3937,5.01616,30.1531,0.264661,0.306633,0.884938,0.775983,0.0208914
463,263.831,2,5.40486,1.06474,20.3951,5.01471,30.1588,0.264674,0.306732,0.884576,0.775772,0.0208922
464,262.343,2,5.40454,1.06381,20.397,5.0135,30.1663,0.264649,0.306872,0.884301,0.77567,0.0208924
465,259.59,2,5.40466,1.06358,20.3978,5.01414,30.1652,0.264648,0.306918,0.884352,0.775852,0.0208922
466,262.178,2,5.4048,1.06318,20.3958,5.01626,30.1633,0.264619,0.306877,0.884621,0.775624,0.0208919
467,265.528,2,5.40472,1.06293,20.3929,5.01843,30.1678,0.264623,0.306871,0.885091,0.775423,0.0208923
468,257.592,2,5.40434,1.06222,20.3865,5.02067,30.1715,0.264612,0.306912,0.885372,0.775342,0.0208878
469,258.345,2,5.40417,1.06187,20.3845,5.02105,30.1853,0.264615,0.306995,0.885494,0.775558,0.0208861
