rep,id,eta_Cl,eta_V1,eta_Q,eta_V2
1,1,-0.627756678872421,-5.07986789975766e-8,-0.0525676218004992,-3.21224827101832e-8
2,1,-0.733421182047516,4.73576764171738e-8,0.367895001125656,9.42674913726514e-8
3,1,-0.896417551962767,-3.54594688488445e-7,0.861807204607938,6.34326691590089e-8
4,1,-0.700677409376148,-4.50016134779327e-8,-0.606274562543717,-9.91572247591353e-9
5,1,-0.647081103683183,1.79143299833778e-7,1.39745004656573,-3.79477549299226e-8
6,1,-0.902652393001377,-7.94697903621706e-8,3.97203396309212,-6.87297293007447e-8
7,1,-0.669032033861677,9.12375471994049e-8,1.43126256447573,-1.07610188065348e-7
8,1,-0.83311698815351,-8.66720730407345e-8,-0.754720098431043,9.22879736636819e-9
9,1,-0.864343332766582,9.58624527739217e-9,-0.0963178557208642,-7.07027231549722e-9
10,1,-0.602751698649777,4.65539924474773e-8,-0.941764129021,1.39763003077648e-8
1,2,0.130757336216588,2.62252247341789e-7,-0.959141098675035,-8.21616038240964e-8
2,2,0.213664475467359,5.64443007264863e-8,-0.285790643826589,2.05765220778107e-8
3,2,0.395674943301452,-5.61606723781529e-8,-0.575646090749556,8.6308411621562e-8
4,2,0.2835474224211,-1.59577136960278e-7,-0.0808895128198115,8.74840330525858e-9
5,2,0.387854828366925,-8.75585791652972e-8,0.162952403496584,-6.78651948751464e-9
6,2,0.206165341615252,9.97532594179594e-8,0.896645498935528,1.40376748640606e-7
7,2,0.23969575410544,-1.08089111510805e-8,0.473034641847428,8.87331829309521e-8
8,2,0.484607417894825,-4.927330433263e-8,0.769951442127212,-4.82522703771424e-8
9,2,0.348149062214578,-1.60227502674849e-7,0.173598438210733,-2.04088441507127e-7
10,2,0.415650386998973,7.27953012908991e-8,0.286562141442337,-8.89804776081181e-8
1,3,0.348084497233581,6.67928476420494e-8,1.99670135784461,-3.74200763486343e-8
2,3,0.103729459506446,1.19760602808838e-7,0.215206097878561,1.86452679678805e-8
3,3,0.196948933113538,-1.2820752811354e-8,0.909098221552867,-4.01533498901832e-8
4,3,0.189870107802922,-3.04650130003932e-8,-0.487089911666751,-2.00902111421334e-8
5,3,0.234730592047002,2.60291774687611e-7,2.53554632141728,-1.10184320931465e-7
6,3,0.261618178938337,4.08520520849101e-7,0.550583530812356,1.16412399003931e-7
7,3,0.162482295089889,1.58173923732041e-7,0.683401261409345,-5.20174142396232e-8
8,3,0.275733106516705,7.78017381541554e-8,0.63804112356858,-3.16046984422909e-8
9,3,0.200402457022871,-8.88245261389486e-8,0.559113552711559,7.99704646359184e-8
10,3,0.136646163400374,-5.03631967233629e-8,1.15075211330714,-1.02190667425016e-7
1,4,0.127084333238439,-8.6477145414078e-8,-1.04721167046878,-1.71262488899546e-8
2,4,0.0586831588125969,1.11375261691588e-7,0.275296888698967,-2.53395466631191e-8
3,4,0.243980861881465,-6.24838133473951e-8,0.251384180842426,1.26749469254426e-8
4,4,-0.0867675116995893,6.23430202622109e-8,0.0933999845142464,7.94560299230002e-8
5,4,0.0746114713974591,2.7162132102861e-8,0.241293793780984,-6.6262986758475e-8
6,4,-0.0792806152275283,1.47434800312579e-7,-1.38050003091467,6.46691949446095e-8
7,4,-0.0545446929805001,4.67128263107934e-8,-0.59159210722343,-4.19765649892087e-9
8,4,0.0714825069388702,-5.24586559730064e-8,0.127271484642871,-2.37341249081041e-8
9,4,0.107163672049666,-4.32454436572534e-8,0.54316071300712,-1.4392441083764e-7
10,4,0.00635619199948724,-9.25567786716147e-8,0.0493822905233938,-1.12408571582277e-7
1,5,-0.105703829137053,-1.02015045230921e-7,-0.415177816251414,-4.10662232703835e-8
2,5,-0.0120970098415437,-5.93123503158475e-8,0.6630672421111,-1.22114070965678e-7
3,5,0.0960108882734312,-7.088803057228e-8,1.39519271437018,5.41751965901086e-8
4,5,-0.1382378029141,8.23242832006676e-8,-0.730260384595114,-6.64175618603465e-8
5,5,-0.111702954893841,5.62307152266074e-8,-0.197032082271583,3.80243244527784e-8
6,5,-0.10509821161491,1.01203346459679e-7,0.00644581415684686,9.86033218600668e-8
7,5,-0.179104666509482,5.9370044048207e-8,-0.26309629996796,7.79928358743596e-8
8,5,-0.00866451339481519,2.11442842132992e-7,1.14872758139555,-1.64079405961021e-7
9,5,0.0261125968222142,-7.88697425604898e-8,1.67473713008514,5.40053295947465e-8
10,5,0.153387083586718,-1.18552626506504e-7,1.83463009781865,-6.54572190021975e-8
1,6,-0.0891034156900088,-3.77644430397517e-8,0.0873828104411604,8.92384525615137e-8
2,6,0.231934626986823,-1.36501851190124e-7,2.17100529284731,-9.41379622133618e-8
3,6,-0.116496573628993,-1.50557716153469e-8,2.51444085074402,1.86764884748634e-8
4,6,0.0981765364023435,-1.23474684908829e-7,1.55887872724519,-1.01874181576727e-8
5,6,0.0177127888923281,-1.27427875212469e-8,1.26656733316579,1.53688197953141e-8
6,6,0.148418178326107,2.30540140465996e-7,1.01698712740616,-4.1197053933357e-8
7,6,0.0126988753406401,-1.79077339051103e-7,0.211511897319845,8.29641038861377e-8
8,6,0.252590412250216,3.34838995407173e-9,3.30349533964679,-1.45154840742771e-7
9,6,0.187141064032062,2.05732282236246e-8,0.35258176622123,-8.46765810575775e-8
10,6,0.027431067140669,-5.13400961645319e-8,0.033692987853233,6.67018316777612e-8
1,7,0.0957240294243009,2.05129054964804e-8,-1.48435173434604,1.47314935378627e-8
2,7,0.0944668972898178,5.7779235260336e-9,-1.72517439130844,-1.1284484484388e-7
3,7,0.0439055194607134,-6.84549105387231e-11,-1.78176391724515,-3.85687861374985e-9
4,7,0.0775015250407279,-6.04614816987119e-8,-1.56246571604743,3.70762110230525e-8
5,7,-0.0491208439904385,-1.44985397644456e-7,-2.03089649798844,-3.90083143211282e-8
6,7,0.0720880684377668,1.64372288941893e-9,-1.19566817412446,-5.49069795782104e-8
7,7,-0.0327108979055453,4.46116916081398e-8,-3.66601137949645,-1.71518043966689e-7
8,7,0.046892070460457,-1.40316822251607e-7,-1.5521066167757,5.6344952289707e-8
9,7,0.143258166295002,1.48723080700253e-7,-1.39638461923482,-6.37022844758978e-8
10,7,0.147963068755812,-2.00682042216671e-7,-1.70034830548037,-3.40037519676766e-9
1,8,0.100770482368126,-1.96197307173648e-7,-0.564734626626542,-3.08604190378531e-8
2,8,0.391761485703743,2.55523735543248e-7,0.842095430523518,-8.04866423868594e-8
3,8,0.145713815165274,9.93251962563375e-8,-0.827667474124165,6.34187504788765e-8
4,8,0.275582642642677,-1.16060830080748e-7,0.0585223584282465,1.61358395440947e-9
5,8,0.129633953647533,-2.18725692211308e-7,-0.418950756430997,-2.36156735208166e-7
6,8,0.349767240446382,6.07813862129126e-8,0.0723472396284401,8.42478140436485e-8
7,8,0.465219381176666,7.31245964713148e-9,0.695930719025979,-1.39963534547992e-7
8,8,0.362079557952683,-3.62451013079236e-8,2.20598431642057,2.34339402450327e-10
9,8,0.0904770513664039,2.46068258449388e-7,-1.07208187656058,6.67955831533563e-8
10,8,0.279719164987631,7.462228245715e-8,-0.426548434441023,1.16236202127938e-8
1,9,-0.121764062463048,-1.31054735130672e-7,0.659165716508305,1.42294373961043e-7
2,9,-0.169068519883411,-4.01256482329712e-8,-1.08117546271605,9.48795755298626e-9
3,9,0.152525373035688,-8.58033072824439e-8,0.594395543251558,2.91906794712668e-8
4,9,-0.141383147243475,-6.08809320359948e-8,2.0077799348439,-6.89607561351459e-8
5,9,-0.158539149530391,-2.3572922639223e-8,-0.714974742337249,-9.92056508573365e-8
6,9,-0.238015283526043,2.07825027168453e-7,-1.31168828444806,-1.06233801513174e-7
7,9,0.0390864304691623,-1.38561827114968e-7,1.13981004041408,-8.19261561059169e-8
8,9,0.0768298518764398,-4.27609339017698e-8,0.15614172990666,4.77360043458723e-8
9,9,0.0147010569817286,-9.28720747620864e-8,0.538460242992367,-1.78554135447409e-9
10,9,0.0194249602674733,-1.49868519367312e-7,1.69460893175293,1.42611008350104e-7
1,10,-0.267713239025598,-2.26570534749596e-7,0.22173144647753,-7.8213248969933e-8
2,10,-0.443529169757712,-2.08552804339022e-7,-1.93300765349058,2.88878329669519e-8
3,10,-0.409508267951704,2.27145086094246e-7,-0.699187817909159,6.77552440345244e-8
4,10,-0.421025319612449,-1.68770203427895e-7,1.9911464463769,-8.0265366578481e-8
5,10,-0.261165627778031,-1.59853123661631e-7,-0.808716221574754,1.28373457153496e-7
6,10,-0.334105071773154,1.49064704953157e-7,-1.33727799737314,1.18835647277704e-8
7,10,-0.315830110963779,-1.17630142469182e-7,-1.50560301033886,-1.37242572712134e-8
8,10,-0.163689522480113,-1.39003988778648e-7,0.778166390809426,-1.59233432242655e-8
9,10,-0.220655818020346,1.51115620612755e-8,0.72632674911446,-5.32414562391189e-9
10,10,-0.309271482969874,5.63817378371665e-8,-0.684869615376478,-1.22330900784967e-7
1,11,0.348273230011968,-1.47980606304627e-7,1.42327717249903,-7.09399232250933e-8
2,11,0.234755679153778,2.76374875625804e-7,-0.205849702789481,-3.93256697322209e-8
3,11,0.0943233123733375,1.32092194371034e-8,-1.54333087584691,-8.14967613492541e-8
4,11,0.176764626957144,7.68614035060742e-8,-0.579386009062856,-1.076875787278e-7
5,11,0.426526742821904,7.99287501358799e-8,1.03614868811526,8.60101341262683e-8
6,11,0.261888033445807,2.75299039833204e-7,1.39372805645627,1.76627733433508e-8
7,11,0.132073024105334,-2.38220863722059e-7,-0.261180786753771,3.87363537606771e-8
8,11,0.277544071377243,2.99360065243025e-7,-0.164077886658723,6.92062833821996e-10
9,11,0.295392010191212,1.45130730749042e-8,-0.348075763399144,8.0541089772557e-8
10,11,0.252770258144479,-4.10120134696019e-8,-0.0527542370467272,-4.69200051501549e-8
1,12,0.00512713849759681,9.1393354388921e-8,-0.0710480511514029,-1.15699368700077e-8
2,12,-0.0970492146758395,-1.12746115717534e-7,-0.184350778900288,2.44690100755749e-9
3,12,-0.0213798481439414,-3.69793110560234e-8,0.0413253148120302,-1.48185834374062e-7
4,12,0.0482212115536294,-1.7976241096831e-7,0.709407433336779,6.51350459421759e-8
5,12,0.0300373871622582,-1.02198420478514e-7,0.000918798517627566,1.13897280079088e-8
6,12,0.0677933444503118,1.83585370664468e-7,1.50108596803299,8.0589977369839e-8
7,12,0.0954550329057973,1.05596385055579e-7,0.873279115100076,9.20131646895543e-8
8,12,0.0755809956972729,-1.17863807253818e-7,-0.126314250760579,-2.03627832868953e-8
9,12,-0.0362535360970025,-2.972092604867e-8,0.973287519706878,-1.10431672859572e-7
10,12,-0.0193500765494349,4.56028576533106e-8,0.1284162408665,-1.14100979821903e-8
1,13,-0.175388179925396,-1.66120902599912e-7,0.0477171257878176,7.08228104948706e-8
2,13,0.118969004436288,2.33182230533649e-7,0.359291072741781,-9.94322272597375e-8
3,13,0.0597176318038394,1.89036453482691e-8,0.319613008258809,3.69647844904012e-8
4,13,-0.132684313183144,-2.3686376821502e-7,0.0298522789389974,7.89522751404439e-8
5,13,-0.0845507729947272,9.62409966320848e-8,-1.79904577140149,6.04611086238382e-8
6,13,0.122100556886015,-1.60503563454687e-7,1.13109205098488,1.09033930064771e-7
7,13,0.19352353792155,-2.45343271799284e-7,0.747433083779802,-4.33759734640991e-8
8,13,0.15526499299047,9.12043038063078e-8,0.849416711622272,5.88677335426112e-8
9,13,0.110987809703275,2.16880126271933e-7,1.20790292494441,2.075088155433e-8
10,13,0.0440033632964642,-1.06380340804002e-7,-0.105670593238248,-2.5081643991526e-8
1,14,0.0920759414564444,-3.81661572483581e-8,-1.70881177909719,7.12007398126867e-8
2,14,0.291884635729671,6.07429825814109e-8,-0.359066942995089,6.93117107685771e-8
3,14,0.0413138332725779,4.37998722521912e-8,-1.95927002292762,-3.31897151732672e-8
4,14,0.304612743574053,1.90427953149539e-7,1.89991278270866,8.2258390459123e-8
5,14,0.139594358840154,4.01937279175185e-7,-1.75123216526417,-6.13818140659377e-8
6,14,0.153507007018743,3.2314316652888e-7,-1.20962504101361,3.34656025036095e-8
7,14,0.0819685612168819,-1.57725712276547e-8,-2.40757499056546,1.42178744064847e-8
8,14,0.266226916274896,4.20761528115505e-8,-0.109464458309215,1.20260473645614e-8
9,14,0.339799780458955,5.74718358628636e-8,-0.0450168396634565,-8.50788793707759e-8
10,14,0.276135465301784,-3.42402309384917e-7,-0.316846084288728,-5.23110364964851e-8
