rep,id,Cl,V1,Q,V2
1,1,2.75840905205038,26.97167689754,3.52657667921346,6.88535792594092
2,1,2.80687681853357,26.1751429604076,2.57392336085783,6.62574669469037
3,1,2.73356179106603,24.157060165277,4.0883357399407,6.29203198949866
4,1,2.73063244382922,33.2845978150929,4.20485446482594,8.27996835426968
5,1,2.61752413681799,29.4548995321366,3.07537358547449,7.54255603697187
6,1,2.51854201704092,27.1933275856608,2.58595641770092,6.88954942723809
7,1,2.78238829496966,25.4307477808726,4.68193489181008,6.31325190934694
8,1,2.78469317994755,32.3732186699481,6.53744052950003,8.21711126288093
9,1,2.73554332456187,30.8274787239757,3.4166397573449,7.90439175088884
10,1,2.82467419691943,24.6960098309803,2.17175438308208,6.09432702150529
1,2,6.35893726994531,27.2505975019411,4.07893084078007,6.80504441582446
2,2,6.81916110414796,33.5452864829224,2.61010716688459,8.64739256893824
3,2,6.79769911462777,32.0937451580121,2.70021686667026,8.21046627340087
4,2,6.48350602129003,28.7266497661949,2.98162501811514,7.18665511946718
5,2,6.48526635269632,29.1459285096049,4.03550599745321,7.37477683796117
6,2,6.37681044486684,31.4833431469092,1.88056911441715,7.90064260756758
7,2,6.70328684907978,29.5447630264996,2.8416561856243,7.3499478738666
8,2,6.5510946012072,29.0424459070596,4.91057958873375,7.31857455689959
9,2,6.8323687716769,32.8935436069948,2.75237749314791,8.22711231753804
10,2,6.72145393043712,31.2503364367968,3.32531782711869,7.84964316266137
1,3,6.07817294485363,29.1157341645371,3.54207056148279,7.2817467515152
2,3,6.39578878650962,34.0237688558622,2.18747858233731,8.5813086796938
3,3,6.31332321314318,32.7102769407492,3.60719737595685,8.20710471527576
4,3,6.37826868425937,33.1049272515652,3.51471345532875,8.39480997236179
5,3,6.16219979799483,29.5352261388512,3.40034139673389,7.62905426368926
6,3,6.42268565515677,34.5703628242735,3.96318781851393,8.71946095797232
7,3,6.45070573829305,32.1910737920308,3.56730058715054,8.09270851755656
8,3,6.32397403225022,32.2387472048945,4.59285862338474,7.88704439004438
9,3,6.37936901124208,31.1623312133464,3.63175118030492,8.01480291925189
10,3,6.25114499506788,30.2710904119386,3.71995688286147,7.65435540135942
1,4,5.20283027461215,22.1705840711527,2.71456851726642,5.52837130218698
2,4,5.01236514189903,22.1614487905872,2.24149320289948,5.55783797804938
3,4,5.29597044857026,22.40891199257,2.36906671762878,5.55664496184678
4,4,5.16807536376671,21.875896319015,3.4265350683024,5.41327993340125
5,4,5.20397954716283,23.1749293202473,2.82417800993344,5.77168637921442
6,4,5.12735971254634,21.7431882727584,4.95536398430899,5.4888376609627
7,4,5.31506456042298,22.7444122984563,4.05837944261185,5.68949315995195
8,4,5.39380120168134,23.4438921263727,6.3742653097187,5.88405429173435
9,4,5.2019235995456,21.6618669593195,3.3826820357682,5.24943640691298
10,4,5.24498544169988,21.8941298868685,2.97527936919985,5.56402212050968
1,5,4.48946386505057,29.8228596108723,3.61870781517073,7.60832497582452
2,5,4.54989549183219,31.298136332476,1.8571046147657,7.73923775433916
3,5,4.79293372324077,31.3960135861743,6.83005395536932,7.98651297165496
4,5,4.79041699640807,31.596453183906,4.65561571900434,7.94036213596732
5,5,4.89082378052948,33.744453456849,7.76949364590817,8.67504815272185
6,5,4.78985518347378,31.7881979190607,6.41525188697545,7.89047921128939
7,5,4.79315653210038,32.9176942660618,3.35439806083538,8.19871231268674
8,5,4.72088823073697,31.8780791278647,5.45493507958824,8.27607775301187
9,5,4.58261520913685,33.5041772109655,3.57372596800551,8.39023250057093
10,5,4.64772716450318,33.5378732615885,4.16071914604672,8.70645719501012
1,6,5.9954631496971,42.0711309604116,9.14312343993665,10.4470005961191
2,6,6.08399722221022,52.6438144436232,5.13561663162832,13.4355405876638
3,6,6.17371991564739,53.9611733936741,5.51181426023007,13.7011301822921
4,6,5.8496080318919,47.849704025369,3.02950391413852,11.9906306537599
5,6,5.77212260552061,47.5796607301982,3.43423781161351,11.873513249586
6,6,6.15784192768392,53.5175500190058,7.39774895057992,13.5754074292572
7,6,6.01115103264965,42.8479287855225,6.29565003995689,10.8622015762194
8,6,6.18696108625746,51.5639826573922,7.78049184804937,12.8817393560986
9,6,6.02467151903623,50.5594694175671,5.14473046778908,12.6730278403081
10,6,6.32147623737622,45.9408490354592,5.42372746443226,11.8757154550249
1,7,5.65334371779676,14.4173665787024,1.83040581680336,3.53301647746733
2,7,5.44959993468636,14.1656047335149,1.4947584578905,3.62762200491501
3,7,5.65082791839718,15.5143216149073,1.69848816553859,3.85189767875617
4,7,5.73954081789554,15.5382434460903,1.62755598832759,3.85602437789658
5,7,5.60215032271471,15.2301854006536,1.50621597653034,3.80775290285451
6,7,5.77359516851537,15.5190970104433,2.18607980432107,3.70813918968319
7,7,5.92456053415285,17.1688183718448,1.59987891409062,4.3034378147427
8,7,5.85373021892278,16.1416319736701,1.47601214318685,4.0369293103615
9,7,5.92779814864194,15.9366750454836,1.64947904704021,3.95330579395369
10,7,5.90171166253952,16.2837960134778,1.57427166475528,4.02443382970248
1,8,6.46806272126418,26.5963445804217,2.82489056695006,6.85746125947665
2,8,6.75099484093216,26.3059169497032,3.51091638772088,6.67030873654485
3,8,6.28569774361414,25.9531401370275,1.77129656196805,6.7282384979504
4,8,6.67113244362121,29.6781614099189,2.45011047797333,7.52300712927964
5,8,6.92454757691405,29.8368396180577,2.98490308988519,7.43904998776136
6,8,6.86115959722248,29.1122714354247,5.03724633447699,7.2914593635272
7,8,6.64480423414016,25.7964449183901,3.26415759677353,6.47511664821101
8,8,6.69130424926563,27.7096434047389,2.57449283656118,7.04664242599751
9,8,6.4373427153305,24.7003582271168,5.43619598211878,6.19130880386476
10,8,6.56313369369608,27.166359513236,2.36983193662287,6.72471625308733
1,9,4.93647471592155,31.1026266859438,5.10958735286992,7.80297675888477
2,9,5.32532631614046,34.7807176235887,5.26100585432709,8.9324221379234
3,9,4.8811196738069,27.5398326689121,5.08140079400255,6.89780312563007
4,9,5.05968161910624,27.7794761067584,3.94542003067683,6.96286088811567
5,9,4.91743410323234,31.0730284718651,2.50304138362986,7.68462120105777
6,9,5.19439184486252,33.7161985108035,5.06039545574329,8.39299901997834
7,9,4.88821385983611,30.6483948987952,5.2252904904632,7.80862995705323
8,9,4.74072790384473,28.388364180029,2.56709362059797,7.33743829130847
9,9,4.98836520085741,27.8177137566639,4.43721819294368,7.12984410340226
10,9,5.11777574857838,32.7831657411491,3.68716587532185,8.18378434504518
1,10,3.43629236199024,20.9797840704918,1.85671715186141,5.20108705481744
2,10,3.46670835418913,19.9501149994871,2.08513849978055,4.85898065964707
3,10,3.63210095990371,21.3253804558446,3.37360396710321,5.28232299259175
4,10,3.54440037328941,24.6880310447647,1.89026806724755,6.24775216149488
5,10,3.47844168190205,19.1769896221841,3.08639389155984,4.82890445123196
6,10,3.43833594538937,18.4825421315685,2.25083319435269,4.57701215695763
7,10,3.62012223959075,21.0601824419282,2.7207387446067,5.30689093059603
8,10,3.7038114633768,22.8547580203841,2.84079287025556,5.77460953834545
9,10,3.40131734526029,17.881895839135,2.70887370614609,4.48458706906613
10,10,3.54861018330362,20.4832016495072,4.89227317772697,5.06218268025728
1,11,6.45708069398894,31.2624114319622,2.9640912617216,7.93301356592014
2,11,6.46965779662574,30.1159184041377,3.88422113170813,7.47707850145861
3,11,6.66229364213928,32.940284023989,3.02438712801306,8.42737871140151
4,11,6.87425045803369,36.4024287696088,2.61854135921769,9.11524717629696
5,11,6.24812182505646,29.3426996392827,5.11142883848464,7.21254443012801
6,11,6.4243814323348,29.7009152096465,4.26589739998844,7.54050687824782
7,11,6.69157046020989,32.6106327881128,4.46585434823411,8.15860987679816
8,11,6.89073386003384,36.4715742330954,8.47868524346989,9.43247701586531
9,11,6.49112656327927,33.0763743837643,2.77937761975492,8.34001378644561
10,11,6.3627192051333,29.823423616116,4.87714427427371,7.58563456241185
1,12,4.9642176828156,31.6043784646713,5.78973651177685,7.95326634224343
2,12,5.24423691213504,37.257955431747,4.92744540099257,9.32687894304954
3,12,5.07116110859222,31.7146906785001,2.82474408657718,8.03099848037489
4,12,5.0008405020941,31.5754015921608,7.30678878955798,8.00751403141173
5,12,4.79263751026178,33.2747797410498,4.40787182392935,8.24842692968119
6,12,5.1947841935367,39.8275033049323,3.7921775094364,10.3438477807756
7,12,5.01164392683454,35.039630852827,4.93364690077576,8.93549103175157
8,12,5.02231764431367,35.9400273586222,6.75551388919375,9.14133724789216
9,12,4.86085260805885,31.554898109312,3.43738055669595,8.11758080771022
10,12,5.13650007940262,36.1863276257645,6.63897908201922,9.01997889846706
1,13,5.32598621459604,28.2202602117556,5.60194435276483,6.88405536483332
2,13,5.33034901717185,30.7269824455678,3.11270463249754,7.7753286164144
3,13,5.35621228358748,30.8641706300362,6.25933216040731,7.90286810739812
4,13,5.3572391617826,30.0818277104221,3.16144474432836,7.63157220184008
5,13,5.42144505024981,30.9757154365665,2.70444318642216,7.7310262041989
6,13,5.10019650644677,27.1285450213676,5.76159670582362,6.67289492427422
7,13,5.32183513252495,29.6477445229533,4.35302780954713,7.41461398888127
8,13,5.19066329163866,29.450678475448,10.2038101408656,7.43236472695923
9,13,5.39904980447795,32.5376303468277,3.26341622653279,8.19921185326096
10,13,5.56139831086762,29.4440421384665,5.28797795478149,7.43248119628212
1,14,6.47271310311552,24.5681259893649,2.72206114795607,6.06614211973294
2,14,6.30261195169875,24.0347488445386,3.48091521332381,5.82921413630472
3,14,6.42519547401032,26.4940651384285,2.68373086001576,6.76753704032917
4,14,6.37011079632445,25.8513704622679,2.51683222409404,6.5114677644251
5,14,6.37873145233348,24.5607297182265,3.57115291012626,6.08168738087653
6,14,6.46837389160767,26.1289277717097,9.12117425716076,6.7391673350626
7,14,6.37273122740106,23.8226210219375,4.70498993210875,5.94259639742995
8,14,6.5001085475207,24.981045297768,5.61501239588708,6.40639908642482
9,14,6.34205272804918,26.1720590287083,2.63345900440165,6.70663773934741
10,14,6.2030533833752,23.0889763768562,1.95330763655053,5.67089875924433
