rep,id,eta_Cl,eta_V1,eta_Q,eta_V2
1,1,0.00588454441293784,6.69111743789585e-8,-2.23377905523453,4.62591183136851e-8
2,1,0.0349476056076217,2.92561468384633e-8,-2.80527506348951,-3.84753242599345e-8
3,1,-0.00807880717154585,-3.9444429944524e-9,-2.82769918333897,-4.45325198938917e-8
4,1,0.00409926979991493,6.0480164432164e-8,-2.99844431896376,5.43825402488096e-8
1,2,0.199012584366901,2.17151048254038e-8,-0.097569853077446,3.73483528548491e-8
2,2,0.230806086581554,4.91976104299852e-8,-0.0780459428713458,2.10979074211082e-8
3,2,0.183437561883529,-5.77869432305533e-8,-0.391814662800066,7.42046752932879e-8
4,2,0.170884571722278,-6.08861339124189e-8,-0.80761621630113,-3.20936237585556e-8
1,3,-0.0898211409067899,2.83327272754264e-8,0.511195936352353,3.80684044287705e-8
2,3,-0.0872578790068421,1.65238708049742e-7,0.133744374874,-5.20609351184476e-8
3,3,-0.164596377015263,4.65530538562575e-8,-0.303632580661245,-8.50950954145446e-9
4,3,-0.0526305784102274,-3.56136107271254e-8,0.945529851556965,-2.33069128441343e-8
1,4,0.0736294828940043,-4.9557903114561e-8,-0.116493088641493,-5.37436379843825e-8
2,4,0.0942645114087366,-6.49084697101898e-8,0.0953164163736084,-1.36744287004831e-8
3,4,0.131729834003651,1.27354424339643e-7,-0.166827273630706,-1.03087689495851e-8
4,4,0.123217958514686,-6.97108437641702e-8,0.137554547453216,2.18930651385563e-8
1,5,0.106417049140243,-7.14508834320782e-8,1.86674260887973,2.5969531414205e-8
2,5,0.109274418507561,-1.46668703848718e-8,1.27850508197603,2.28237775345974e-8
3,5,0.0955105554467099,-7.05590363914155e-8,1.02102403518494,3.32817569059785e-8
4,5,0.0897461720435087,-4.75795660648259e-8,1.02021355202139,-9.51770573465183e-9
1,6,0.122259999771171,-1.14562973330123e-7,-0.276907658988184,-2.21652785015181e-8
2,6,0.217093405578047,9.34722268475241e-8,-0.149539209489411,-2.26612097975476e-8
3,6,0.137184595282634,1.14184122601557e-7,-0.260062538686451,1.93132345671643e-8
4,6,0.172704074555712,-8.05357864841483e-8,-0.205332011763681,5.33579331829515e-8
1,7,0.110702740618832,6.41355741848315e-8,-1.25250494581348,-2.8583390765391e-8
2,7,0.0930576101166931,-2.64833786012275e-8,-1.41815491468192,-1.17767466889518e-8
3,7,0.108222928332793,-3.53561593335883e-8,-1.42705086239043,3.92977410612616e-8
4,7,0.0931237623491876,2.60924872819146e-7,-1.34138691333247,-1.66776725762929e-9
1,8,0.0195768033117791,2.11607536382274e-7,-0.293508440224711,-2.60177390742911e-8
2,8,-0.023000740278762,-4.38238219047093e-8,-0.0728337858787578,6.65307720026931e-9
3,8,-0.00808518676469827,1.52693656829683e-7,-0.0707295182707357,-2.19840590176545e-8
4,8,-0.0584560822714542,-6.38836032962331e-8,-0.394885649288903,-2.56987675584242e-9
1,9,-0.1450360343029,-5.33375090761012e-8,0.0374465896529705,1.6443648220843e-8
2,9,-0.160962296141507,6.05928640595721e-9,0.284286769700928,2.46682656523944e-8
3,9,-0.133545120953849,4.70248853190469e-8,0.629197077835668,-2.34819461653046e-8
4,9,-0.101757865478382,-9.13166817717581e-8,0.69428224576779,1.4301359207991e-8
1,10,-0.0286414379949407,-2.21782059384168e-8,-0.201725685075437,5.22244558709417e-8
2,10,-0.0809889266078772,-1.45936698281446e-8,-0.294482889288605,-2.60622776693253e-8
3,10,-0.101626379664832,-4.73679961920936e-8,0.0173979611762314,1.90611064709856e-8
4,10,-0.0386664501385403,6.5105255409037e-8,0.331808111128963,-6.24788398795317e-9
1,11,-0.0936358249313467,1.04700162317783e-7,0.33500904311158,2.61176973381794e-8
2,11,-0.131910500030467,7.57603575429755e-8,0.113311575985656,-4.10068592415769e-8
3,11,-0.117006696272904,2.86993819820225e-8,0.47438753524052,1.41103564388345e-8
4,11,-0.0598640612832861,-3.24199866952313e-9,0.500828673267571,8.89453488639447e-9
1,12,-0.0946744624460938,1.10244895434874e-7,0.37237925227375,-1.60844155772111e-8
2,12,-0.0417527784912406,1.33872336771645e-7,0.226443291069065,6.28767438115574e-9
3,12,-0.0782243980532611,4.63317810783792e-8,0.173589799949924,2.05820862575479e-8
4,12,-0.077387813488039,-5.1957501412403e-8,-0.0214218048877299,3.55683225095049e-8
1,13,-0.145908464098504,-2.75937557692174e-7,0.177939677079148,-4.34366587143131e-9
2,13,-0.158783517101408,4.24763402229189e-8,0.539300051405744,1.38223725798525e-8
3,13,-0.103033203828695,-4.58162014993491e-8,0.389973128094748,1.5699578526096e-8
4,13,-0.134965395473819,2.02849749886269e-7,0.257024312055889,-4.65908076563437e-8
1,14,-0.134891895161843,-1.10706228184654e-7,0.364942036649234,-3.60534269105983e-9
2,14,-0.113667500738679,-3.58873966099793e-8,0.0187824492028561,-1.44294762804975e-8
3,14,-0.096907783964002,2.19158957648347e-8,0.53998230551199,-1.74358616433778e-8
4,14,-0.123985381235966,-1.47386426618823e-7,0.670434819230691,-2.74211497952592e-9
