rep,id,Cl,V1,Q,V2
1,1,2.81183598153648,16.4826730817758,7.02641605815988,17.9397004055929
2,1,2.81075707661524,14.5054509218022,8.50721945181076,15.8449969727076
3,1,2.67506036916902,17.9012755811885,5.16525387757314,19.6496743091685
4,1,2.70637440459719,15.7320264009479,5.79040173904166,17.0542509833517
5,1,2.61491629617429,16.8635225977356,6.23451213622898,18.1164176245772
6,1,2.7505833432732,14.6657523633401,5.42440955810981,15.7410776421128
7,1,2.70998665969852,18.0469388971664,6.3880586627663,19.4018598813083
8,1,2.73885448737966,15.5798106248333,7.56521718705402,16.9613932998537
9,1,2.66108455477989,15.8408623462546,5.04374921354359,16.7646662441856
10,1,2.69257961856342,16.3012007949526,7.9642529420455,17.5977053566894
1,2,6.27662719903321,24.4957026052553,3.27091607830087,26.7360275925775
2,2,6.61472722281517,24.4201797555515,6.74722075543457,26.7438670189139
3,2,6.86739546760935,26.8400311573339,5.41611487041768,28.4115104196328
4,2,6.56127905299684,27.3552059578145,3.39319468063243,30.2684851679194
5,2,6.54300634687721,23.5926426223723,5.74802940720505,25.3461554912462
6,2,6.74924246217194,24.7937179168442,4.34992203674135,27.2232848709286
7,2,6.78715312553597,24.1958945977309,5.18378925457119,26.5632232942202
8,2,6.75925552198309,23.9260065162857,7.34397221130689,26.2940455637238
9,2,6.59183931346778,24.9024925694367,4.88792969996531,26.636446284525
10,2,6.7185373251617,24.4786243562194,9.65808047796368,26.3523526075187
1,3,6.35508259665406,25.9684212202027,5.80615083941382,28.6328299360268
2,3,6.45953261678205,29.8108310770459,6.24402182469038,32.7603784020069
3,3,6.16633225293403,24.052730896467,5.98507406302693,26.6236642055343
4,3,6.23202272015932,29.0130282249927,4.74066907632664,30.9971217103559
5,3,6.29514373375834,26.6266892570808,5.16790766127989,29.0844032585929
6,3,6.52332752159814,27.6841195792063,7.34473130208755,30.08530196736
7,3,5.80599361851761,24.9696202684829,4.21022399532968,27.4816106038924
8,3,6.47016749941781,27.4139654879798,5.67598702230309,30.6032783433066
9,3,6.22974506415449,25.8030248601546,5.59611925430147,28.3253520670711
10,3,6.24112882414442,26.9431612830544,3.6508670571004,29.4597744794
1,4,5.15051438426919,21.021965650362,3.39410311128222,22.3172991844212
2,4,4.99367277027193,19.8418325353868,3.28070818854486,21.367551746149
3,4,5.08066398892226,13.5090653852995,7.47504056762454,14.4057819022601
4,4,5.08908547511991,20.5500616367586,3.38001161477915,22.3121324295787
5,4,5.17151511267646,20.6686293412662,3.48685086309939,22.3022990613163
6,4,5.11074559020857,21.1646916951016,3.66984965834143,22.5355683038126
7,4,5.13546134774057,17.6721106096946,5.16063034528131,18.8259985720505
8,4,5.11090407005041,20.3262520920013,2.772713730155,22.1691920686168
9,4,5.28449059708407,17.4082740145603,5.4638656268438,18.7113592767362
10,4,5.12804005766589,20.9625227606984,2.29418338804504,22.6422480022219
1,5,4.22386278984731,22.5053522099881,3.5593015065982,24.4705695336026
2,5,4.47973481178707,22.1220504480725,8.34036545543078,23.2920890391078
3,5,4.75627919627241,27.6361139544019,5.68782283204671,29.9338708516661
4,5,4.37232549138321,20.3140998433411,6.24303426402163,21.9866034271929
5,5,4.64506194927819,24.844754018962,9.97855773998393,27.5536654975424
6,5,4.42903929594264,20.6800085738271,9.50570660414847,22.2519619579535
7,5,4.59143579622791,27.0905770913637,6.50646805774296,29.994721303129
8,5,4.50840887929073,19.3743097705954,6.7203372067375,21.0313073592979
9,5,4.77886746980614,25.4870335629139,10.1578729055444,27.477961597753
10,5,4.54390066890068,22.896974240597,5.20168512152151,25.3606587819669
1,6,5.90324132627579,33.6727440216589,8.81884158939431,37.0573884483018
2,6,6.0049224357372,36.5708235687188,10.7274068949289,39.6391892131313
3,6,6.01699342286342,33.8054493098218,9.5230821818021,36.5825632661904
4,6,6.01263061723289,33.9672824135616,9.73682296618227,36.9741052383928
5,6,5.84056578460527,34.536003881327,8.95737047920338,37.2066220239286
6,6,6.36162224554965,42.2771768181196,11.6124824465065,46.3447105053407
7,6,6.05134156976415,41.0069991527396,11.3155300025846,45.5682838498914
8,6,6.0873838685427,34.164102601075,16.193212002934,38.1564700554172
9,6,6.14351676257196,34.0295668996403,13.8366964666198,38.4844046862051
10,6,5.95941073181072,47.614079035942,8.61070659452154,52.5579750563885
1,7,5.90501782651101,14.6795509445375,2.52781217965224,15.7432122573864
2,7,6.19737313018219,13.0263567771756,3.49412059362906,14.2303099264346
3,7,5.94262960307275,10.8841380755223,3.89563917705615,11.8350999551351
4,7,5.72022138177112,12.8847436869485,2.17257311479397,13.7138018108995
5,7,5.64521946597926,12.055003608425,2.41024321061584,12.7757968270602
6,7,5.63734065484916,12.9854303316421,1.95067798392179,13.9084528354487
7,7,5.7408771356184,10.2700794034874,4.20769943608755,11.2623327510219
8,7,5.78251702029143,12.0672903159946,2.57513430610129,12.7741363965416
9,7,5.78551524594616,12.0216468194468,2.26564447779536,12.8428161562612
10,7,5.75194490516789,12.36713008336,2.6439027951822,13.4432875969808
1,8,6.53638087672929,19.4397153143196,4.67737797767623,21.20887818214
2,8,6.84055918163506,22.8517421876104,4.93444795900911,25.0224149278819
3,8,6.7096635370727,22.8907775621936,5.17263430760574,24.7301955364055
4,8,6.60359963085138,21.9977262373582,3.81913087373029,23.6147535889237
5,8,6.64810728540263,19.9382293818818,6.45529044523428,21.7423333060521
6,8,6.35418466937478,19.8959168591586,4.17726744786129,21.3413697791091
7,8,6.58255349248422,23.1915722969028,4.07512918547841,24.9650433988715
8,8,6.48769182222119,21.4753364846462,4.22150398687215,23.3306530822454
9,8,6.4082572231762,20.4851369590971,4.58107347276073,22.2137477935682
10,8,6.73082565861933,22.6843113100947,4.14530412530233,24.3776150598942
1,9,4.83500740195686,20.8214583053922,7.78207755603942,22.79171414178
2,9,4.97099941847238,22.0637658192669,7.72446171117457,23.9653595269408
3,9,4.9100978320914,27.0957988592724,6.23164810483402,29.429438713767
4,9,5.16110895049802,18.7132413847458,14.9410835266043,20.6059218449741
5,9,4.79961046109104,20.1780120437456,7.46213189661137,21.8855933313781
6,9,4.81108337268218,20.9570605741016,6.91714602514547,22.8493218766198
7,9,4.97418285123964,25.9243386621176,5.35298423512936,28.4140842061239
8,9,4.97427542402917,20.7533759775423,7.8248336214697,22.0373346403988
9,9,4.93390756995127,21.1434185656442,11.3743498601004,22.6569686311881
10,9,4.93235435131469,21.0310494000431,6.92390948753178,23.2017635837387
1,10,3.49708888460086,17.1801869943271,2.72612928100426,18.3922067011016
2,10,3.54885718424246,18.2174741216315,2.58389553895583,19.8219577445432
3,10,3.42590606041438,14.8646368077895,3.0563202340227,16.053106774529
4,10,3.43058707573922,17.5568699471668,2.43414610697739,19.2196694316431
5,10,3.60709140302726,16.6405826570645,3.60411760802935,17.7419593303768
6,10,3.3453787359884,18.4910810456032,1.73706714819458,20.1742179228224
7,10,3.6369326865432,15.7730098984153,5.83889720662454,17.1160755573732
8,10,3.37664974410292,18.8723499213413,2.19601692779663,20.7027846784843
9,10,3.29676279588728,16.4004844225781,1.92383168548921,17.9283593614852
10,10,3.37482010247408,18.5251460806711,1.79067438395168,20.3454960295363
1,11,6.43636483053865,26.3872840742329,5.71631368158155,29.1001613294426
2,11,6.38065705767386,27.5367328755053,4.14347716558028,30.7646439512727
3,11,6.32101571566916,29.0142460738401,3.47120262045193,31.0928799768202
4,11,6.55581865876836,21.048669847397,6.93537740635819,22.8106792197521
5,11,6.65991621214806,23.6826832236275,6.81159325266901,25.8247872435328
6,11,6.39176578243298,24.4440371363853,5.52022704191842,26.0448265643552
7,11,6.19844912768608,30.6112333205815,2.16882695978356,32.999507440319
8,11,6.4527602062257,23.9421761079464,5.12544826499912,26.0977476919608
9,11,6.45657691518417,19.595726515661,12.4095864589375,21.1571393932741
10,11,6.46346643935189,22.3281437754853,6.8411397445991,23.863787119873
1,12,4.91634324182002,24.0802836059115,8.28766057461067,26.1627949785591
2,12,5.02328924537409,29.4584828869362,8.98367323135794,32.906136760216
3,12,5.29377847471955,25.1195670887554,12.7852160123444,27.1165501655139
4,12,4.92630932726098,24.1848199960102,11.8697734218886,26.2592300620923
5,12,5.05201792163663,22.7299880714583,11.6984622756063,24.7841270041183
6,12,5.2761610619525,29.589002929109,7.59440013045321,32.2994865090791
7,12,4.96059747675498,22.6399038465513,9.6332119524155,24.6139382636074
8,12,4.99946120266281,23.0591357942164,17.9602766014137,25.6957728804881
9,12,4.96006608611826,22.3822484260297,7.7880258213244,24.3671402602372
10,12,5.09787607689716,26.9623783478794,6.50854906401181,29.3910308187604
1,13,5.24628652129789,27.7308913339466,3.52724046491754,30.4866035584105
2,13,5.31831326364253,22.8901800493284,7.66809790275007,24.0492253838004
3,13,5.21113720809565,17.8606244334711,9.74514504269205,19.3815773148406
4,13,5.15033426230379,22.2743308424563,6.43120178247588,24.3281900639398
5,13,5.13608827664373,28.1800586937275,3.36146677173224,30.1706632552405
6,13,5.1118142335073,23.1247838599846,5.1702688173674,25.4854717545222
7,13,5.34992541518576,19.6853366982532,10.5612206234836,21.7028143343722
8,13,5.11930388334861,23.9794460303368,4.28907497957199,26.418407062567
9,13,5.24681768931321,25.1900547412878,5.59310343222649,28.0781590372272
10,13,5.24209802198632,19.5288769320876,7.24828148556515,21.3390424128148
1,14,6.2422524876911,22.446933380077,2.46004684036336,24.8371352715672
2,14,6.71039368044604,16.0720080276337,17.9177172685883,17.5571201837593
3,14,5.90601695042495,25.0218554781639,1.15845334985017,26.6965350375634
4,14,6.26466708975435,24.7990631837736,1.8176220521601,26.746260018791
5,14,6.08586725638552,25.7220984190596,1.39950272321215,28.2151638778415
6,14,6.65381157410717,14.6373395149712,21.6834905546984,15.3365108606942
7,14,6.20799186185552,25.4687427494553,1.50199415720072,27.5940636474196
8,14,5.95804891311308,23.7381585630539,1.61845637066135,25.3897427734575
9,14,6.27228077330563,25.6821037163317,2.11725469008063,27.1771987538478
10,14,6.24695246791997,14.6021438776717,20.784629779398,15.6690252441355
