rep,id,eta_Cl,eta_V1,eta_Q,eta_V2
1,1,-1.06059756379669,-1.46649463990218,-0.846979310965577,-1.72126900703631
2,1,-1.00958810937656,-1.5516471831689,-0.752663234146511,-1.83753165012779
3,1,-1.0393933091439,-1.44199168182984,-0.942369624963936,-1.72100840323972
4,1,-1.02609644663944,-1.35991753417738,-1.00326162041649,-1.61935180791703
5,1,-1.04405853408398,-1.45153699081266,-0.680192485359366,-1.73724680528591
6,1,-0.969525968900234,-1.61431012911609,-0.873017883769504,-1.93645002489709
7,1,-1.02032301115262,-1.45460215779999,-0.955630846253171,-1.71947795774596
8,1,-0.999935982877886,-1.28971118602582,-0.585602936273186,-1.5267473630216
9,1,-0.997707185437217,-1.67821912928902,-0.890542370509801,-1.99182613027388
10,1,-1.00534626585536,-1.59996779548651,-0.854160444897985,-1.9116580877796
1,2,-0.1524732134615,-1.26646247951281,-0.871354073883254,-1.54106114081764
2,2,-0.116525643317179,-1.22476321475119,-0.920672890522461,-1.45505755260263
3,2,-0.146848122229077,-1.24776154164288,-0.208926351674267,-1.46524361054133
4,2,-0.143676006201803,-1.18887225885811,-0.704755645222467,-1.42108686721431
5,2,-0.109326709978979,-1.17379453451591,-0.433419285883166,-1.38703249251474
6,2,-0.120061755461633,-1.11772488455782,-1.04194065549976,-1.32005441500277
7,2,-0.153867788403075,-1.24742172507421,-0.631189798828186,-1.47786320885348
8,2,-0.0865826116409975,-1.11365224708454,-0.92644587795295,-1.33271598787768
9,2,-0.143598703238081,-1.2177778920916,-0.34040377025509,-1.4223451072313
10,2,-0.138872498800715,-1.17122085362042,-0.666030404641633,-1.36956714354897
1,3,-0.13142126323284,-1.04283225427423,-0.544873562810583,-1.21602546077274
2,3,-0.119558298011792,-1.02922251904459,-0.802024645367434,-1.23244939740129
3,3,-0.174914383788943,-1.11736327893784,-0.609632704389585,-1.32585046554946
4,3,-0.175291579924008,-1.13246640104945,-0.370100805816385,-1.33293089546022
5,3,-0.174800483691917,-1.08264096639547,-0.75960565831673,-1.31108493189896
6,3,-0.145273835110639,-1.09092412605035,-0.999507220430683,-1.28716862269388
7,3,-0.158814782048448,-1.08514436460733,-0.816784076685986,-1.29037776163475
8,3,-0.111652160529841,-1.07597748851095,-0.504881825134169,-1.25341690966045
9,3,-0.121512303176264,-1.03656687170327,-0.442710956667392,-1.24172311317859
10,3,-0.168231359875276,-1.18069072248396,-0.366981990659649,-1.40572992341448
1,4,-0.355630871552925,-1.46622675855815,-0.539625308458066,-1.69872900668347
2,4,-0.36660121751756,-1.51042414251809,0.0347201748319486,-1.80308615314605
3,4,-0.376421017278512,-1.46544888820755,-0.87798505982052,-1.74770424666317
4,4,-0.362040828815312,-1.44352771956109,-0.706919998142828,-1.711708582534
5,4,-0.349853578613372,-1.39960247759732,-0.490372388623549,-1.67298392932746
6,4,-0.370442313941536,-1.50893522131679,-0.5452853540251,-1.7963148971144
7,4,-0.359496774194366,-1.46082548838101,-0.53481567925811,-1.71694892498043
8,4,-0.311821068561872,-1.38984566821983,-0.878380049644621,-1.63564583832724
9,4,-0.388795417384108,-1.46121063427501,-0.332907584914599,-1.73849848765612
10,4,-0.363099273744129,-1.50786403659161,-0.383294027900465,-1.79169609167335
1,5,-0.528807665906511,-1.23376198678465,-0.57560631669082,-1.443677589929
2,5,-0.476223392155473,-1.24795056861163,-0.219266471324138,-1.48579722759901
3,5,-0.444862720223981,-1.05965426923298,-0.653473419955309,-1.23034195531638
4,5,-0.483915541911864,-1.20720857862731,-0.689562641713315,-1.42613351605729
5,5,-0.464057072426294,-1.16702255374696,-0.741225276739847,-1.39502694245575
6,5,-0.482644257055867,-1.24315081482244,-0.469680461299737,-1.50283883594844
7,5,-0.511354159904242,-1.19340127088155,-0.676398226431103,-1.42044709204696
8,5,-0.464816145532347,-1.18421304668648,-0.699615685744832,-1.39509127216177
9,5,-0.46717178011735,-1.20939194838239,-0.332947570060937,-1.43779936215911
10,5,-0.466840788710952,-1.19565626008146,-0.654959028371547,-1.42908322353051
1,6,-0.207641746997283,-0.719669229224686,-0.0547784022305436,-0.841599725291746
2,6,-0.230543945193307,-0.736722151930477,-0.332322352137464,-0.858141440695245
3,6,-0.214809029459219,-0.78165253098875,-0.118412627015992,-0.913387504980383
4,6,-0.224894592139235,-0.804940874835292,0.372151298864605,-0.939327592715398
5,6,-0.213739988500924,-0.76349220157718,-0.127070917880871,-0.904896379794905
6,6,-0.204211562363545,-0.679218939286706,-0.539066555821878,-0.820535292794828
7,6,-0.223484209813654,-0.653333494907934,-0.556012839571017,-0.783008777586292
8,6,-0.190861323409166,-0.715905848500329,0.358144636616447,-0.855900375803088
9,6,-0.203703784974716,-0.785039240607468,-0.40640913016917,-0.924715467893816
10,6,-0.219676397555934,-0.855594179171809,0.14091681534918,-1.03638342800086
1,7,-0.246112606415063,-1.79091976490025,-1.68165896201345,-2.12964049867429
2,7,-0.224053293878015,-1.76690480317174,-1.42289185704838,-2.07331496427257
3,7,-0.307045148557314,-1.87729320664536,-1.62823593101625,-2.21912185033726
4,7,-0.278789350115117,-1.86654721805475,-1.78371226895429,-2.21215120402762
5,7,-0.298067028973384,-1.84071862230497,-1.93104375633794,-2.20811769119893
6,7,-0.298777089386899,-1.88078142802422,-1.14793636534948,-2.24738294182678
7,7,-0.242839254186001,-1.7876275655652,-1.26614921948075,-2.12557037976481
8,7,-0.209621845052594,-1.76022895820258,-1.57502061763538,-2.07105296788787
9,7,-0.295340022779763,-1.88136565609478,-1.17043854889858,-2.22076582378146
10,7,-0.233530409451536,-1.7572792118738,-1.71096052550561,-2.08665165682438
1,8,-0.126043543440144,-1.27681103312505,-0.452830150093337,-1.55343941267766
2,8,-0.0835055453067111,-1.23229546797961,-0.77539222344873,-1.45674033431464
3,8,-0.114545804668496,-1.27345498197239,-0.9675139329592,-1.51475727478153
4,8,-0.128837169943764,-1.31242160832447,-0.84626948935113,-1.5715067241367
5,8,-0.106695096774999,-1.29328456985521,0.106041007248614,-1.53036695330556
6,8,-0.120751207503081,-1.2678138160001,-0.738471286122329,-1.52832655236667
7,8,-0.109639515722612,-1.25932044080863,-0.60515800111709,-1.5145253752503
8,8,-0.113801015379272,-1.29797661731294,-0.764830080162315,-1.54956268453962
9,8,-0.124498060701882,-1.27797125732013,-1.45164784859845,-1.538626647312
10,8,-0.163555737756932,-1.33439301294087,-1.13796907512579,-1.56786648633042
1,9,-0.42962927757494,-1.18386629761939,-0.575621829801207,-1.45873689540566
2,9,-0.381263981600712,-1.17645949080202,-0.61816203083172,-1.40867251746086
3,9,-0.369927167943364,-1.0858467506744,-0.783102491368388,-1.25757155287511
4,9,-0.396659558411181,-1.1052945773573,-0.905578483018882,-1.30091159873841
5,9,-0.429883278880309,-1.24514438343651,-0.801027667622232,-1.48226012615021
6,9,-0.428189787953178,-1.18557773563795,-1.28383739713524,-1.42528975682076
7,9,-0.392098770532408,-1.10778435429569,-0.573486874082759,-1.34462084281558
8,9,-0.413632811445137,-1.20056475757878,-0.840621577878718,-1.39316269684298
9,9,-0.360894753797383,-1.1602134620693,-0.639386964974681,-1.38663075646509
10,9,-0.392549744136713,-1.16980870615099,-0.637026250474987,-1.3804952037857
1,10,-0.774879164905205,-1.56398484707947,-1.2684298140728,-1.86831763339087
2,10,-0.795934494805717,-1.6794383038906,-1.01804510901443,-1.99945893700907
3,10,-0.74839326595697,-1.59385170671254,-0.605212227841301,-1.92364590906416
4,10,-0.791720693817036,-1.55189406831219,-0.748444085151066,-1.86255504707548
5,10,-0.749887681420959,-1.71190622534595,-1.30208896444773,-2.01457656177825
6,10,-0.738355235147144,-1.60246339405747,-1.08399418685663,-1.91035360506711
7,10,-0.769870482466897,-1.58586002614633,-0.234911154113092,-1.85971354671409
8,10,-0.739918870252912,-1.56596913778268,0.45817680766263,-1.86859130273239
9,10,-0.750581428522095,-1.65639927130232,-0.28516367063536,-1.95021154159981
10,10,-0.788268889247597,-1.57765599525424,-0.814577477020504,-1.88231239860654
1,11,-0.151678855058759,-1.19096825638028,-0.60759968524235,-1.47209758654003
2,11,-0.127410459136455,-1.11017396429614,-0.836111286709757,-1.3008077373522
3,11,-0.118100663704036,-1.09107010445259,-0.780559030705401,-1.29817020259246
4,11,-0.1333994280116,-1.11552449517469,-0.720488297282146,-1.30580908172344
5,11,-0.112959030778588,-1.06210867396712,-0.310263833409796,-1.26119161618247
6,11,-0.137660924495999,-1.10375979067505,-0.220098600497943,-1.32915703102316
7,11,-0.157865621068899,-1.14868932309345,-0.823257197284298,-1.36655912847913
8,11,-0.12796637594509,-1.08417418851734,-0.652703800427204,-1.2944686686526
9,11,-0.195403814614831,-1.14394271942105,-0.288816120961224,-1.36269962294833
10,11,-0.103063757022615,-1.01801185136068,-0.41288923753958,-1.19221647790667
1,12,-0.36894468664076,-1.04345209584815,-0.448819000554428,-1.24465261119243
2,12,-0.433571411763186,-1.17961057672598,-0.196548408373774,-1.42169991941925
3,12,-0.405227782431549,-1.06921239252835,-0.839352602634484,-1.26898362069601
4,12,-0.375340827930891,-1.09795616788221,-0.396412563510918,-1.31341206356463
5,12,-0.398278733672199,-1.04313420370246,-0.165646950624475,-1.22763399220398
6,12,-0.401890163222532,-1.10255140588464,-0.284479506924555,-1.29973186377761
7,12,-0.428831267788081,-1.16193695921859,-0.374516512764342,-1.37901056826301
8,12,-0.37624178902142,-0.988337139764226,-0.0372364481462937,-1.18976503394339
9,12,-0.437470570103894,-1.11886927106193,-1.36519213610038,-1.3303557648854
10,12,-0.42703717168199,-1.12152278601075,-1.23481092666077,-1.3495037609813
1,13,-0.371942589251592,-1.21712638901804,-1.03363900017315,-1.42893236839474
2,13,-0.355525689120843,-1.2032547860589,-0.541899616521496,-1.41947290416795
3,13,-0.37286442899207,-1.31980577226398,-0.589094515737569,-1.57366578303349
4,13,-0.349618278836713,-1.29245308770915,0.542265542646187,-1.5403776545133
5,13,-0.323577803296936,-1.1534259665125,-0.149388827016743,-1.39931255369736
6,13,-0.357279917160881,-1.24362551723474,-0.760783469345081,-1.47467232074668
7,13,-0.371546800215132,-1.30532327530705,-0.167972366567371,-1.56809809214297
8,13,-0.324673635153643,-1.20596127533089,-0.557666245099212,-1.42178297331709
9,13,-0.365611230755946,-1.22810142837416,-0.799811063602287,-1.5020315385218
10,13,-0.370459381354415,-1.27250384026959,0.0931932145087713,-1.52591224439286
1,14,-0.129407873786683,-1.2664507887495,-1.76967317608363,-1.49843692264234
2,14,-0.19537478711457,-1.43374399640001,0.621454796406066,-1.70262546481942
3,14,-0.137736516881285,-1.2368732955224,-1.22013215580894,-1.47563239195552
4,14,-0.145945037213055,-1.27572484356301,-0.971590112960931,-1.50293720700566
5,14,-0.129404596693089,-1.26264927581785,-0.70800589167254,-1.52660408007581
6,14,-0.201566992236248,-1.37913436038839,-1.03877869500123,-1.63113153593319
7,14,-0.150586151419891,-1.31716799851308,-1.27978193827423,-1.56112621456901
8,14,-0.169553875591125,-1.38168323822065,0.0620672026000579,-1.6141540986518
9,14,-0.142191739927235,-1.28212760509099,-1.00127206758598,-1.52368598904886
10,14,-0.14815527159631,-1.34716004162465,-0.425930564929866,-1.58467111681949
