rep,id,eta_Cl,eta_V1,eta_Q,eta_V2
1,1,-0.645585452190989,-0.503724232570635,0.410357610193125,-0.219137695722012
2,1,-0.735236693595325,-0.127810530692729,0.0677221529300629,-0.0606424411545371
3,1,-0.676960704458413,-0.464200648230841,0.305246402806318,-0.226049216664723
4,1,-0.655391213386103,-0.63398402875859,0.206379601747065,-0.306316714166834
5,1,-0.669550711774013,-0.439444621572427,-0.0655876279023923,-0.231648606127742
6,1,-0.691602301550999,-0.294789675669609,0.183228140206861,-0.144928185371038
7,1,-0.696858640844673,-0.452562411343976,0.23186470719115,-0.18139540424506
8,1,-0.681718202305843,-0.333809808884521,0.185316097771724,-0.150538497513882
9,1,-0.618098272010916,-0.247937119388677,-0.0811070949325709,-0.106331409474093
10,1,-0.617814441759125,-0.64289581566412,0.453491882452527,-0.30068839704142
1,2,0.303528585096357,0.0526857057957467,0.501006541183443,0.0432685379135368
2,2,0.222233904793216,-0.160599486898343,0.820548078511768,-0.065489441526658
3,2,0.288918984038031,0.0566469926653357,0.440286259292884,0.033588293090473
4,2,0.247255204857646,0.148411420399249,0.00481363003163485,0.0805856777580965
5,2,0.198016497597497,0.108821423282031,-0.0544192679912445,0.0704432541046611
6,2,0.231495478477855,0.180812480048405,-0.236488165966939,0.108633210038571
7,2,0.281348909635575,-0.242031944497137,0.928190213453956,-0.125455922582465
8,2,0.275412810238106,0.175157949201472,0.149479947567514,0.0948612346534418
9,2,0.253388140463899,0.200773662780653,0.254943872379868,0.103336268853505
10,2,0.211847616313544,-0.312729544900704,1.10449865052789,-0.141802502749702
1,3,0.205234310684847,0.198461983255235,0.383041605576007,0.0767673934280234
2,3,0.165521546958572,0.375575779046004,-0.618980777705337,0.166772053831995
3,3,0.206647159452813,0.125443494717868,0.048679340714588,0.0766741370758199
4,3,0.166214688273963,0.184045590218154,-0.223996559700183,0.0923881138265621
5,3,0.181720431490674,0.147361609262684,0.0600520817866954,0.0865991265934945
6,3,0.166957280814504,0.24424702049694,0.0500492445512504,0.142608689778912
7,3,0.186702579154397,0.116940716810406,0.271117503194717,0.0659826216046077
8,3,0.197385816421591,0.238426770861248,0.186741963736659,0.122002800989743
9,3,0.188187787046506,0.210027791311814,-0.203611860145918,0.0919126543631185
10,3,0.19228513440004,0.166975855664617,0.212162196996947,0.083504980707512
1,4,-0.0330872358205606,-0.635419242789911,0.736158736920174,-0.298311696582651
2,4,0.0138139172126657,-0.490695514243504,0.539516083089294,-0.251766274527552
3,4,-0.00123813484942582,-0.0749429882615838,-0.15192568223921,-0.0275600040212054
4,4,-0.0484914904396394,-0.76448650558535,1.00954545799785,-0.3799434688615
5,4,-0.00359399354299853,-0.541803605188442,0.629758776819424,-0.25710847151199
6,4,-0.0335362613688503,-0.747794060442226,1.0459848411837,-0.328996278207286
7,4,-0.0328738511447803,-0.121282456385427,-0.394893811473079,-0.0447784297685135
8,4,0.0108820188136276,-0.589075718097104,1.43468907064995,-0.31316568977637
9,4,0.00241912994228674,-0.662828387999098,0.773995112499214,-0.324807151384182
10,4,-0.0575246537804159,-0.771696547343368,0.799404730290681,-0.359211645389484
1,5,-0.118704918598584,0.152275936948482,-0.0601207605632888,0.0899995741998779
2,5,-0.153627457805859,0.205229179078753,-0.128077256121851,0.0750356298163525
3,5,-0.0891882813796978,-0.0770416650934479,0.850418885450393,-0.0299549564968393
4,5,-0.146781947509073,0.121792741444692,0.194151613844081,0.0468520904280529
5,5,-0.0738476321620065,0.00741660563571048,0.964308864400371,0.00729199977513855
6,5,-0.103487784534977,0.14176676689916,0.456041700813303,0.055230899513769
7,5,-0.144142762140401,-0.197426966667817,0.975537221666716,-0.110701724603925
8,5,-0.103666054210986,0.264529820910376,0.276244773151142,0.145646122769887
9,5,-0.156777792856062,0.0490568088285594,0.170055029077806,0.0223504522594008
10,5,-0.152016773005156,-0.157524242773754,0.520670636137513,-0.0692868278458997
1,6,0.184836111875507,0.675674325454115,0.635840659688847,0.338058590272053
2,6,0.138301357292931,0.550253403634868,0.512598402031852,0.274987744101959
3,6,0.145262654787256,0.510021213739662,0.73087282385111,0.240849910323636
4,6,0.145065468902839,0.60223843813261,0.512618199465523,0.280758236863499
5,6,0.135676026811258,0.707564003443549,0.152868007783789,0.349360623940115
6,6,0.172937588756807,0.708346429420932,0.217410288054994,0.335332921102308
7,6,0.13195564187747,0.522362970066715,0.51617238954538,0.26920540384449
8,6,0.111863683927018,0.635431977867994,0.133242129989052,0.32096202858202
9,6,0.170270239827224,0.666192518918753,0.418175771658199,0.318707962503822
10,6,0.135633249189193,0.762769544791313,0.0774872049414948,0.363784342824563
1,7,0.0858332668633393,-0.591594238685856,-0.933995697208347,-0.268153644158203
2,7,0.160348814134988,-0.903101516717872,0.0105060413128319,-0.428035712989257
3,7,0.147451537089707,-1.0620782959164,0.264075579784497,-0.519499774139415
4,7,0.0842635399210138,-0.722933998632152,-0.62235046063143,-0.384439111705288
5,7,0.116492420657383,-0.511755028219962,-0.920857361591446,-0.274602809458914
6,7,0.0930994051262004,-0.532196066539367,-0.702581286669683,-0.249938965487954
7,7,0.10857461240866,-1.16105172263849,0.371126560289438,-0.57480162074367
8,7,0.116933235274356,-1.02424972548651,0.0157860561442547,-0.506796492408192
9,7,0.131768004394785,-0.451497785636864,-0.888688196855803,-0.202999086359798
10,7,0.131457537842214,-0.504293673474632,-0.757446875371952,-0.246335775912076
1,8,0.220353577534749,-0.166414822794644,0.209181436254361,-0.0760548256905171
2,8,0.208318057753643,-0.0447742803394482,-0.252055239414358,-0.003951446833611
3,8,0.229904741755599,0.0115568106363545,-0.252474535990498,-0.0314825013832829
4,8,0.218081617739821,-0.152021849081873,0.0992038689612279,-0.0442347182666306
5,8,0.201073432384276,-0.0022771440080252,-0.366500917649205,0.00326706376093816
6,8,0.249129492068407,-0.0779377952658267,0.120548271065656,-0.0540725306676512
7,8,0.192845790149014,-0.123526735325372,-0.139534447571911,-0.0836972103687214
8,8,0.231942098566671,0.0391475603299154,-0.243257219790031,-0.00981101765750382
9,8,0.291278879639813,-0.096132581589502,0.223828547068444,-0.0292835364615198
10,8,0.214146021754429,-0.0557973378304128,-0.109488213328844,-0.0427073903764005
1,9,-0.0584901836234608,-0.0277712508876523,0.490705674512713,-0.0147449112600483
2,9,-0.0598303797117873,-0.0418869184787192,0.281282481381552,-0.0292028035649322
3,9,-0.0188563640875416,0.160190027674593,-0.0260792676628885,0.0984389457050205
4,9,-0.0580752826758568,-0.0629039159840824,0.52400941362465,-0.0200743869304354
5,9,-0.0676960619226676,-0.10749376470504,0.627476591383101,-0.0553831246035861
6,9,-0.0518789322244866,-0.0671446553546877,0.339842256013293,-0.0388467676630675
7,9,-0.0976220720826249,0.0270948378435024,-0.146545189691082,0.00928860789793897
8,9,-0.0493691429032269,-0.0336611728565689,0.113567813647277,-0.02158883551543
9,9,-0.046865324976639,-0.017413259441885,0.361919258696808,-0.0158527200639562
10,9,-0.0237245396466383,0.0359439221767346,0.369714532057144,0.00636251604064086
1,10,-0.395209409280605,-0.155087706322809,-0.631265797906064,-0.101215211109957
2,10,-0.414495476968324,-0.211267916525904,-0.814088456534491,-0.0724483026558391
3,10,-0.434365623561259,-0.221122996269261,-0.519765502177418,-0.124506927040755
4,10,-0.37087405937472,0.0129659115683757,-0.454521879231722,-0.013845672414589
5,10,-0.445113452292942,-0.183031897282352,-1.02025546770982,-0.106500205976801
6,10,-0.444196560491619,-0.156529340000611,-0.92202104777368,-0.0926963013029529
7,10,-0.408610569516015,-0.729072098583548,1.04683454188059,-0.369103406417908
8,10,-0.399511084613877,-0.180732604855248,-0.648228113921484,-0.079186684934949
9,10,-0.389109089544781,-0.128652607249794,-0.607733207770234,-0.0591155238712964
10,10,-0.453712635068988,-0.121923695403094,-1.394398032794,-0.0873588744458005
1,11,0.201047589271894,0.234070954800216,-0.00151835672290508,0.112743290994477
2,11,0.212968216861636,-0.0901873406120888,0.986461334867869,-0.0146002761151952
3,11,0.181089813565695,0.247154269399813,-0.297765731529623,0.091675198950655
4,11,0.195982057675732,0.0541443620056899,0.0569796604942031,0.0104515106488594
5,11,0.195097570497733,0.127634207411024,0.0251262252687217,0.0273710927217473
6,11,0.245409409283769,-0.18024402597194,1.0654456249367,-0.0953433270431788
7,11,0.158305596958651,0.199049362656444,-0.336151270337465,0.112191191549097
8,11,0.259454149628505,0.185979784996929,0.737887820743288,0.0635396665833676
9,11,0.199617769325007,-0.0415707963242113,0.443172822830812,-0.0183747941951524
10,11,0.205256317039237,0.306573390864202,-0.325558927960859,0.15821414590875
1,12,-0.0910505820078088,0.0503653062314857,0.480596640848564,0.0413028512045565
2,12,-0.0385184857697177,0.13930646137408,0.404484703853944,0.0836051999615032
3,12,-0.0300338276236192,0.450871085759869,0.050245284703116,0.207819550694813
4,12,-0.0366641989962566,0.232802106189055,0.8071167365033,0.110998096479751
5,12,-0.051016630344062,0.101872804860767,0.558529929660982,0.0360997098530485
6,12,-0.00469920418835388,0.248339325981736,0.207608682694204,0.136334613732688
7,12,-0.0557139011747505,0.209469210210294,0.40419513855344,0.114517611698267
8,12,-0.0535231289524481,0.183154868385042,0.0870357407871613,0.0935016831385647
9,12,-0.0892184031334942,0.196932573517801,0.0949788016193834,0.0992379478151119
10,12,-0.0513317123722352,0.0915853506269754,0.177105631163355,0.0383432280163074
1,13,0.0523760192033887,0.107647336694121,0.44842419811136,0.0743485305454252
2,13,0.0549175583391206,-0.0908741782609672,1.1104822812919,-0.0506589111886077
3,13,0.0373375377266881,-0.170744587711471,1.0397509090872,-0.093301310121365
4,13,0.0396642637846736,0.158726977349612,-0.199798363193058,0.10774173463504
5,13,0.0213101020848152,0.0674366074072815,-0.286657720724788,0.0187220170234769
6,13,0.0557534687285321,-0.0817261648217944,0.943885878638851,-0.0508951482320003
7,13,0.0289249420909058,-0.0990672596856848,0.602010596696788,-0.0333491746179584
8,13,0.0221818627508266,0.139158136543546,0.0809275994769596,0.0302949978538687
9,13,0.0234278490358634,0.122269764936569,0.412738438297561,0.0748280144477457
10,13,0.0860796274273188,-0.0612202069899701,1.02627642061776,-0.0236406585683272
1,14,0.186833611964145,0.210824005411568,-1.03865623160796,0.116026286281988
2,14,0.178785002055851,0.229803551752288,-1.15379042760411,0.122331214997108
3,14,0.159268035142088,0.154360183111732,-1.18329091671291,0.0701362390271119
4,14,0.215024634499827,0.246296953192524,-1.41437540728094,0.119268203775968
5,14,0.17350782638573,0.216172543890777,-1.1101147174598,0.115251643492635
6,14,0.151015957737132,0.0860214352482777,-0.914934947622262,0.0454239816078382
7,14,0.139978752246385,0.137712654294749,-1.25530579270638,0.0898261464769453
8,14,0.203516416262694,0.142045049631381,-0.975152492188112,0.0660254569857348
9,14,0.178064887795074,0.208600628258862,-1.2239622284944,0.0648753344559935
10,14,0.124311752887384,0.125812640365021,-1.20119004888926,0.0915824224043113
