iteration,convergenceIndicator,phase,Cl_pop,V1_pop,Q_pop,V2_pop,omega_Cl,omega_V1,omega_Q,omega_V2,a1,a2
1,1562.27,1,10.2275,43.2233,11.1604,60.344,1,1,1,1,1,1
2,1543.67,1,10.3197,42.9467,14.5622,63.528,0.974679,0.974679,1.04764,0.974679,0.974679,0.974679
3,1529.65,1,10.4047,46.84,16.2396,68.9485,0.95,0.95,1.02111,1.04257,0.95,0.95
4,1517.98,1,10.0597,46.6236,20.138,84.3239,0.925945,0.925945,0.995257,1.01617,0.925945,0.925945
5,1496.39,1,10.2297,49.7557,16.9247,82.172,0.9025,0.9025,0.970056,0.99044,0.9025,0.9025
6,1496.19,1,10.1326,47.1295,14.3021,68.0865,0.879648,0.879648,0.96035,0.965362,0.879648,0.879648
7,1478.68,1,10.3429,49.5016,15.2493,64.4815,0.857375,0.857375,0.936033,0.940918,0.857375,0.857375
8,1461.38,1,10.1929,45.2705,14.4677,59.5962,0.835666,0.835666,0.912332,0.968457,0.835666,0.835666
9,1466.68,1,9.75078,48.9779,11.0026,67.9106,0.814506,0.814506,0.984352,0.943935,0.814506,0.814506
10,1464.38,1,9.43819,52.3795,13.1523,64.0417,0.793882,0.793882,1.10098,1.08235,0.793882,0.793882
11,1448.78,1,9.85044,45.9393,14.4673,56.8697,0.773781,0.773781,1.0731,1.11937,0.773781,0.773781
12,1428.73,1,9.81293,46.616,14.1195,52.348,0.754188,0.754188,1.04593,1.09103,0.754188,0.754188
13,1424.98,1,10.0297,39.5543,16.7608,64.6022,0.735092,0.735092,1.13579,1.11278,0.735092,0.735092
14,1415.62,1,10.1649,43.7947,16.7005,67.5043,0.716479,0.716479,1.13536,1.08461,0.716479,0.716479
15,1411.32,1,10.3564,39.5697,16.2311,64.9349,0.698337,0.698337,1.22575,1.05714,0.698337,0.698337
16,1407.07,1,10.2312,39.8197,20.4699,52.3087,0.680655,0.680655,1.19471,1.15317,0.680655,0.680655
17,1387.52,1,9.87938,35.0208,19.6943,56.7042,0.66342,0.66342,1.16446,1.12397,0.66342,0.66342
18,1385.63,1,9.9337,38.9285,18.4167,46.2523,0.646622,0.646622,1.16141,1.376,0.646622,0.646622
19,1362.81,1,9.91423,42.6026,19.6321,49.6877,0.630249,0.630249,1.132,1.34116,0.630249,0.630249
20,1352.53,1,10.0481,42.6661,16.3428,50.7482,0.614291,0.614291,1.10334,1.3072,0.614291,0.614291
21,1352.55,1,10.1224,42.4437,19.5602,60.6569,0.598737,0.602349,1.1038,1.31751,0.598737,0.598737
22,1338.73,1,10.1618,43.2532,16.8034,58.5299,0.583577,0.587097,1.07586,1.28415,0.583577,0.583577
23,1328,1,9.96559,41.2233,13.7923,68.722,0.5688,0.572231,1.04861,1.38073,0.5688,0.5688
24,1315.56,1,9.47867,47.144,11.4656,88.0402,0.554398,0.557742,1.06459,1.35156,0.554398,0.554398
25,1300.46,1,10.0687,43.3225,11.4548,81.4091,0.54036,0.54362,1.03764,1.31734,0.54036,0.54036
26,1297.28,1,9.80342,44.6579,11.9174,82.128,0.526678,0.529855,1.01136,1.28398,0.526678,0.526678
27,1280.05,1,9.89845,40.975,13.9238,79.261,0.513342,0.516439,0.985754,1.25147,0.513342,0.513342
28,1268.69,1,10.2748,44.9325,11.8888,61.7937,0.500344,0.503362,1.04985,1.21978,0.500344,0.500344
29,1259.81,1,10.1925,43.7813,13.5014,59.9978,0.487675,0.490617,1.08528,1.1889,0.487675,0.487675
30,1246.97,1,10.3609,46.5371,12.1335,58.0713,0.475327,0.478194,1.0578,1.15879,0.475327,0.475327
31,1238.83,1,10.3554,47.4834,7.88695,56.4388,0.463291,0.466086,1.04395,1.12945,0.463291,0.463291
32,1227.81,1,10.114,46.4454,7.61224,58.4299,0.45156,0.454284,1.01752,1.10085,0.45156,0.45156
33,1213.91,1,10.1745,45.5472,6.10427,55.2735,0.440127,0.442782,0.991752,1.07298,0.440127,0.440127
34,1208.58,1,10.3236,47.8265,6.15057,50.1316,0.428982,0.43157,1.02814,1.04581,0.428982,0.428982
35,1195.52,1,10.171,48.0129,5.49885,47.0991,0.41812,0.420643,1.00211,1.01933,0.41812,0.41812
36,1185.67,1,10.53,48.4983,7.96152,40.9784,0.407533,0.409992,0.976735,0.993521,0.407533,0.407533
37,1182.01,1,10.3447,48.3538,6.7263,37.3854,0.397214,0.39961,1.07339,0.968365,0.397214,0.397214
38,1165.11,1,10.3529,50.9046,6.68459,39.4678,0.387157,0.389492,1.04621,0.943845,0.387157,0.387157
39,1164.86,1,10.1985,47.1557,6.6419,47.8505,0.377354,0.37963,1.01972,0.919946,0.377354,0.377354
40,1150.98,1,10.0211,45.1796,7.91541,50.3065,0.367799,0.370017,0.993902,0.896653,0.367799,0.367799
41,1145.66,1,10.3399,45.7899,8.31574,41.8434,0.358486,0.360648,1.02724,0.873949,0.358486,0.358486
42,1126.91,1,10.7265,46.098,8.41732,37.7116,0.349409,0.351517,1.00123,0.85182,0.349409,0.349409
43,1113.76,1,10.7724,43.4002,9.94609,32.3869,0.340562,0.342616,0.97588,0.830252,0.340562,0.340562
44,1110.78,1,10.4382,43.0455,9.84387,35.1348,0.331938,0.333941,0.95117,0.809229,0.331938,0.331938
45,1107.63,1,10.3251,43.626,9.27251,35.5245,0.323534,0.325485,0.927086,0.818466,0.323534,0.323534
46,1099.87,1,10.1374,43.8689,7.30162,34.4148,0.315341,0.317244,0.903611,0.797742,0.315341,0.315341
47,1086.1,1,10.1979,43.9648,7.61843,40.5783,0.307357,0.309211,0.880731,0.851485,0.307357,0.307357
48,1085.93,1,10.2185,42.581,7.64067,38.8222,0.299574,0.301382,0.881252,0.829925,0.299574,0.299574
49,1078.57,1,10.4207,44.65,8.11715,40.2662,0.291989,0.29375,0.858938,0.808911,0.291989,0.291989
50,1072.92,1,10.3658,43.1111,8.38149,38.8257,0.284596,0.286312,0.8796,0.856087,0.284596,0.284596
51,1058.93,1,10.3091,43.9965,8.16935,39.7661,0.27739,0.279063,0.857328,0.834411,0.27739,0.27739
52,1054.44,1,10.2786,44.2013,7.319,38.7634,0.270366,0.271997,0.83562,0.813283,0.270366,0.270366
53,1053.28,1,10.2195,43.8615,7.93121,39.3045,0.26352,0.26511,0.814462,0.79269,0.26352,0.26352
54,1040.68,1,10.3093,44.0098,6.98287,38.5508,0.267114,0.261061,0.877697,0.772619,0.256848,0.256848
55,1042.48,1,10.2343,44.7006,7.68226,38.7255,0.26035,0.276769,0.939459,0.753056,0.250344,0.250344
56,1040.34,1,10.1642,43.3634,7.63658,38.0783,0.263916,0.269761,0.915672,0.733988,0.244005,0.244005
57,1030.5,1,10.2661,42.3816,7.3844,37.2588,0.257234,0.262931,0.921771,0.776636,0.237827,0.237827
58,1037.87,1,10.1772,40.8118,7.3855,35.413,0.25072,0.262227,0.917066,0.82092,0.231805,0.231805
59,1021.4,1,10.3109,42.5151,7.3376,34.6994,0.25369,0.26547,0.893845,0.800134,0.225936,0.225936
60,1014.25,1,10.3986,41.3406,9.18667,32.9684,0.26669,0.258748,0.871213,0.779874,0.220215,0.220215
61,1017.02,1,10.3787,41.586,9.49774,34.4209,0.259938,0.252197,0.849153,0.804852,0.214639,0.214639
62,1021.89,1,10.319,41.5398,10.1725,31.4034,0.259393,0.252129,0.91388,0.784472,0.209204,0.209204
63,1014.68,1,10.3182,41.4993,9.7533,32.2169,0.252825,0.256503,0.89074,0.775775,0.205747,0.203907
64,1007.53,1,10.3147,41.6889,9.69209,34.6763,0.246424,0.250008,0.930147,0.756132,0.212121,0.198744
65,1008.82,1,10.3392,42.3974,11.4694,33.5146,0.240184,0.266325,0.959506,0.736986,0.20692,0.193711
66,996.471,1,10.4689,41.927,10.8059,27.8569,0.235849,0.259581,0.93521,0.718325,0.209277,0.188807
67,993.224,1,10.3501,41.718,10.1747,28.9449,0.252721,0.253009,0.91153,0.700137,0.21427,0.184026
68,987.01,1,10.3593,41.0129,9.938,29.0917,0.257871,0.246602,0.88845,0.682409,0.219542,0.179366
69,992.651,1,10.3046,41.0989,10.7547,29.4776,0.251342,0.248616,0.865954,0.66513,0.22982,0.174825
70,992.727,1,10.2783,42.05,9.80535,33.0564,0.252602,0.242321,0.844027,0.648289,0.24069,0.170398
71,988.393,1,10.1428,42.095,7.25565,35.4071,0.259391,0.236185,0.822656,0.631874,0.25485,0.166083
72,987.077,1,10.1928,42.8986,6.54965,35.1824,0.252823,0.232383,0.833246,0.615874,0.24978,0.161878
73,979.273,1,9.99685,42.0554,6.63488,35.7568,0.256105,0.226498,0.812148,0.605627,0.254413,0.157779
74,974.09,1,10.0537,41.5037,7.24567,34.6316,0.249621,0.227642,0.791584,0.590292,0.25683,0.153784
75,967.158,1,10.0813,41.6682,7.07718,35.722,0.2433,0.221878,0.777065,0.575346,0.253656,0.14989
76,966.511,1,10.1481,41.7859,6.93798,35.4039,0.23714,0.21626,0.776681,0.560778,0.26436,0.146095
77,962.986,1,10.077,41.8227,6.43315,34.9873,0.238258,0.210784,0.772504,0.546579,0.275074,0.142396
78,956.33,1,10.1017,41.7451,7.25896,38.9692,0.235153,0.205447,0.752944,0.532739,0.268109,0.13879
79,949.966,1,10.0287,39.6597,7.36744,41.6564,0.239113,0.213394,0.733879,0.51925,0.266762,0.135276
80,949.287,1,9.97367,40.2418,7.24069,41.5887,0.24705,0.207991,0.715297,0.506102,0.275628,0.131851
81,946.66,1,9.99712,38.7818,7.66533,42.4021,0.259019,0.202724,0.710633,0.493287,0.283535,0.128512
82,947.825,1,10.0639,39.0846,8.28923,40.8819,0.256384,0.208773,0.755326,0.480797,0.286316,0.125258
83,946.878,1,10.0934,39.392,9.03252,38.5531,0.252578,0.225675,0.749241,0.502057,0.281121,0.122087
84,937.355,1,10.0498,38.6684,8.49827,35.1709,0.251166,0.224327,0.751305,0.507295,0.282263,0.118995
85,938.284,1,10.0694,38.6142,9.72824,37.7724,0.253238,0.222012,0.732281,0.53107,0.289232,0.115982
86,934.361,1,10.0806,38.111,9.57821,36.1671,0.253796,0.226434,0.713739,0.517623,0.297924,0.113045
87,933.765,1,10.0586,38.6721,8.69905,36.3437,0.252916,0.2207,0.695667,0.504517,0.290964,0.110183
88,920.242,1,10.115,39.2853,8.49781,39.078,0.256772,0.215112,0.678052,0.491742,0.286899,0.107393
89,928.126,1,10.0682,39.4213,8.97612,41.438,0.253046,0.221904,0.698762,0.479291,0.283255,0.104674
90,916.276,1,10.0728,39.2219,8.6829,41.7891,0.262629,0.221661,0.681069,0.467155,0.296073,0.102024
91,917.429,1,10.0668,38.9831,8.43786,39.95,0.266937,0.235023,0.769867,0.456865,0.293678,0.0994403
92,912.264,1,10.0391,38.6422,8.70412,39.0732,0.266693,0.241192,0.771905,0.445297,0.295027,0.0969224
93,917.703,1,10.0338,38.5477,8.7348,38.31,0.268495,0.235085,0.75236,0.434022,0.301519,0.0944682
94,910.703,1,9.99166,39.3142,8.60694,37.3378,0.27229,0.229132,0.73331,0.423032,0.30299,0.0920763
95,903.441,1,10.0297,39.7134,8.41185,39.5344,0.274845,0.223331,0.714742,0.46171,0.299237,0.0897448
96,896.406,1,10.0405,39.1577,8.14667,38.3429,0.26915,0.217676,0.696644,0.450019,0.300102,0.0874724
97,894.013,1,9.96247,38.858,8.50683,43.2614,0.269146,0.212164,0.679005,0.438625,0.300867,0.0852576
98,893.149,1,9.99077,37.9476,8.78218,43.9888,0.27145,0.206792,0.724369,0.427518,0.304611,0.0830988
99,885.582,1,9.98968,38.2767,8.84107,42.1851,0.264576,0.207009,0.706028,0.458483,0.305681,0.0809947
100,880.435,1,9.99599,38.6039,8.04821,44.2264,0.263269,0.237238,0.701148,0.446874,0.305435,0.0789439
101,882.644,1,9.92354,38.4051,7.96702,41.7788,0.269865,0.231231,0.717231,0.435558,0.31166,0.076945
102,880.918,1,9.89703,38.4625,7.76494,45.5297,0.268513,0.248665,0.709085,0.428709,0.313961,0.0749967
103,877.161,1,9.90862,38.4729,7.89651,51.0481,0.2831,0.246625,0.727982,0.417854,0.318605,0.0730977
104,881.846,1,9.89135,38.3707,7.48725,52.4774,0.279292,0.251296,0.724406,0.428875,0.318808,0.0712469
105,866.169,1,9.89314,38.7065,7.64564,52.0175,0.273483,0.249721,0.764602,0.418016,0.315843,0.0694428
106,866.47,1,9.90316,38.1965,7.64953,51.5623,0.266559,0.243398,0.745242,0.407431,0.311909,0.0676845
107,866.674,1,9.86269,38.216,7.73251,52.2313,0.275307,0.241021,0.726372,0.41616,0.313311,0.0659707
108,872.271,1,9.82539,38.5731,7.49221,54.5516,0.2738,0.240228,0.724888,0.405623,0.315568,0.0660566
109,852.193,1,9.88633,39.1332,7.2014,51.1659,0.273261,0.258728,0.717068,0.395352,0.314451,0.064384
110,857.84,1,9.87851,39.7697,6.85824,50.3772,0.276954,0.260124,0.698912,0.416713,0.320222,0.0627538
111,864.856,1,9.94468,39.061,7.25125,51.046,0.274279,0.253538,0.743414,0.416514,0.315544,0.0626628
112,859.016,1,9.90927,39.1657,7.2041,50.6604,0.273926,0.251669,0.743382,0.405968,0.314202,0.061273
113,853.448,1,9.88629,38.9027,7.14135,48.4704,0.277198,0.253405,0.724559,0.395689,0.317364,0.0599596
114,849.122,1,9.87303,38.9329,7.31405,49.7221,0.27018,0.258415,0.706213,0.427521,0.314586,0.0584414
115,846.836,1,9.8665,38.384,7.4481,50.9533,0.276579,0.25861,0.741884,0.416696,0.318853,0.0569616
116,846.802,1,9.86227,38.7078,7.42747,49.8456,0.27432,0.262099,0.755069,0.406145,0.318671,0.0562379
117,844.769,1,9.84951,38.992,7.25701,52.9574,0.279484,0.261662,0.73595,0.395861,0.321961,0.0554208
118,845.517,1,9.87197,38.9448,7.52229,52.4561,0.279125,0.255037,0.767759,0.385837,0.320371,0.0561253
119,846.072,1,9.86843,39.0239,7.77466,53.1035,0.282664,0.248579,0.770998,0.376068,0.317777,0.0571793
120,835.083,1,9.87534,37.9162,7.74858,52.6346,0.281807,0.264465,0.776418,0.366546,0.319016,0.0557315
121,841.357,1,9.87904,37.245,7.94248,53.6505,0.282766,0.279034,0.756759,0.357264,0.321285,0.0555901
122,838.167,1,9.90433,37.3805,7.98931,51.6085,0.281497,0.271969,0.737598,0.348218,0.320487,0.0547909
123,846.628,1,9.92195,38.0116,7.95827,47.8529,0.276446,0.272133,0.752026,0.374939,0.32048,0.056025
124,838.355,1,9.93932,38.4116,7.85845,46.9137,0.279634,0.265242,0.7452,0.365446,0.319228,0.0547204
125,836.047,1,9.91579,38.0365,7.8963,46.2147,0.274337,0.258526,0.727089,0.364362,0.319668,0.0547732
126,842.491,1,9.95367,38.23,7.67613,47.3197,0.272409,0.258919,0.766468,0.355136,0.321146,0.0559061
127,845.879,1,9.96185,38.4176,7.83744,47.6441,0.272488,0.256995,0.787938,0.346144,0.314694,0.0578852
128,842.867,1,9.94695,38.8097,7.74289,48.9968,0.275378,0.250488,0.797758,0.353725,0.313073,0.0571694
129,837.951,1,9.93707,38.2415,7.70804,47.4684,0.275246,0.250652,0.777558,0.344768,0.320843,0.0557218
130,843.969,1,9.90444,38.4751,7.87703,48.1106,0.279309,0.244306,0.821037,0.336039,0.314739,0.057888
131,836.68,1,9.87389,37.936,7.87223,50.7226,0.274336,0.23812,0.800248,0.32753,0.315861,0.0570336
132,840.575,1,9.83402,37.539,7.54181,50.6231,0.27345,0.254178,0.779985,0.322545,0.32303,0.0557185
133,845.557,1,9.87983,38.2397,7.53829,52.1842,0.272818,0.253864,0.760235,0.339888,0.316004,0.0579832
134,851.244,1,9.90775,38.788,7.5713,51.5125,0.270353,0.247436,0.77309,0.376728,0.316654,0.0588915
135,846.802,1,9.83909,38.6942,7.2165,53.6605,0.281678,0.250407,0.753515,0.367189,0.318543,0.0582753
136,847.894,1,9.74412,37.8811,7.41474,54.1156,0.282832,0.259244,0.734436,0.393696,0.324187,0.0567998
137,848.851,1,9.81911,37.8455,7.42373,54.3041,0.276979,0.257602,0.7263,0.383727,0.323271,0.0573825
138,847.021,1,9.82576,37.8723,7.19453,51.8773,0.271416,0.268303,0.769667,0.374011,0.319982,0.057228
139,848.669,1,9.85572,38.1476,7.22696,50.9927,0.271759,0.267885,0.766359,0.386712,0.321556,0.0562946
140,841.84,1,9.86921,38.022,7.41336,50.9052,0.274601,0.26515,0.793518,0.379051,0.321907,0.0548691
141,844.054,1,9.91898,38.5098,7.83142,49.7606,0.273936,0.259043,0.773426,0.369453,0.318416,0.0562694
142,843.675,1,9.821,38.2834,7.37654,51.5858,0.282282,0.252484,0.805415,0.360099,0.325511,0.0548446
143,841.596,1,9.89433,38.8373,7.42324,51.4425,0.278819,0.247154,0.814884,0.350981,0.319312,0.0558217
144,828.007,1,9.89363,38.1435,7.45363,51.0045,0.27598,0.247334,0.824183,0.342094,0.317863,0.0544083
145,839.304,1,9.96172,37.5275,8.20247,46.5111,0.273838,0.250998,0.841404,0.333432,0.31536,0.0556304
146,836.203,1,9.97139,37.7595,8.07769,44.6573,0.272013,0.256666,0.844235,0.334343,0.317661,0.0542218
147,829.781,1,9.99743,37.385,8.32468,43.2332,0.277661,0.259956,0.822858,0.325878,0.319473,0.0529949
148,828.568,1,9.98415,37.0042,8.27349,42.6827,0.270959,0.261559,0.824187,0.317626,0.319011,0.0530224
149,821.021,1,9.97441,36.8915,8.08798,41.3774,0.273881,0.259155,0.803318,0.309584,0.321283,0.0516798
150,831.946,1,9.93119,36.8792,8.07666,42.2068,0.28078,0.265868,0.81873,0.301745,0.320945,0.0534504
151,835.862,1,9.99379,37.3125,7.97779,44.6414,0.275417,0.259136,0.800072,0.294105,0.324448,0.0546759
152,830.455,1,9.96785,37.7461,8.11868,44.9936,0.275602,0.27174,0.829354,0.286658,0.320977,0.0535799
153,833.006,1,9.95393,37.4293,8.20464,44.9058,0.269262,0.264859,0.808355,0.320657,0.313371,0.054737
154,834.32,1,9.96389,36.7203,8.13854,46.6345,0.268815,0.28015,0.803895,0.320087,0.316512,0.0539111
155,826.701,1,9.91718,36.9093,8.20941,46.7183,0.270058,0.274844,0.809949,0.336484,0.317246,0.052546
156,825.099,1,9.97364,36.9779,8.63203,43.1621,0.268833,0.268206,0.836826,0.327964,0.318757,0.0512155
157,829.647,1,9.94903,37.1487,7.93017,44.0679,0.27578,0.268541,0.815637,0.328056,0.317682,0.0524272
158,832.692,1,9.9249,37.3388,8.03744,42.7507,0.275155,0.265572,0.794985,0.319749,0.314539,0.0548664
159,827.47,1,9.92208,37.1747,8.12995,42.7604,0.26964,0.265759,0.798377,0.311653,0.315986,0.0534772
160,832.627,1,9.97143,37.0969,8.21601,43.074,0.271567,0.273326,0.810458,0.307818,0.317099,0.0536937
161,829.67,1,9.9403,37.3,8.1443,43.8635,0.26791,0.266406,0.791622,0.307056,0.319398,0.0530917
162,835.88,1,9.97731,37.8731,7.98208,42.2052,0.270518,0.25966,0.773085,0.304395,0.317777,0.0558621
163,837.321,1,9.95883,38.2517,7.924,44.2001,0.275619,0.258131,0.797798,0.341861,0.319951,0.0544476
164,836.299,1,9.9828,37.8901,8.03935,40.5468,0.271122,0.256491,0.777597,0.333433,0.316888,0.05515
165,837.976,1,9.97121,37.8606,7.79351,42.8575,0.266572,0.249996,0.796426,0.32499,0.317117,0.0570143
166,844.454,1,10.0186,38.2259,7.5837,41.7483,0.265564,0.256107,0.812088,0.316761,0.312894,0.0589093
167,843.206,1,9.95593,38.0164,7.43334,39.965,0.269123,0.256064,0.791525,0.311283,0.316677,0.0577879
168,840.268,1,9.93446,38.3317,7.30504,42.485,0.281046,0.25445,0.838139,0.316001,0.319042,0.0563247
169,838.545,1,9.86743,37.8201,7.28363,44.3086,0.276636,0.26332,0.816917,0.312877,0.319902,0.0550289
170,835.438,1,9.94555,38.4267,7.45307,43.1041,0.273381,0.2599,0.851655,0.304954,0.318826,0.0542493
171,839.026,1,9.96339,37.9187,7.44868,43.7451,0.266459,0.259212,0.845942,0.297233,0.317433,0.0564539
172,837.12,1,9.87587,37.6787,7.5358,43.3653,0.26878,0.262564,0.824522,0.298955,0.320762,0.0554499
173,832.967,1,9.87907,38.031,7.53409,45.5553,0.272187,0.262068,0.803644,0.291385,0.320171,0.054548
174,828.279,1,9.94012,38.1505,7.6056,44.1082,0.276388,0.25768,0.783296,0.297302,0.320825,0.0533182
175,830.94,1,9.99459,38.0441,7.93045,42.486,0.270836,0.261923,0.763616,0.300258,0.317028,0.0542524
176,834.227,1,9.98687,38.0564,8.11614,41.011,0.273947,0.265343,0.764573,0.328224,0.31939,0.0538724
177,840.136,1,9.9824,38.4167,8.05006,42.8331,0.274016,0.258819,0.745214,0.332645,0.322012,0.0559189
178,836.086,1,9.98158,38.0725,7.80282,42.827,0.277337,0.252265,0.726345,0.324222,0.320216,0.0562671
179,832.866,1,9.95967,38.0108,8.04328,43.1717,0.276967,0.257387,0.737783,0.316013,0.32022,0.0551494
180,835.306,1,9.94646,37.7274,7.73126,44.0437,0.276925,0.267515,0.721534,0.308011,0.320944,0.0561309
181,834.897,1,9.92647,38.2299,7.75373,43.3767,0.275342,0.281227,0.746564,0.300212,0.316616,0.056129
182,836.953,1,9.88745,37.3802,7.65671,44.5344,0.277144,0.283094,0.781669,0.292611,0.325605,0.0547078
183,830.107,1,9.89597,37.3982,7.69535,43.6954,0.27486,0.275926,0.815962,0.285202,0.319249,0.0533788
184,822.489,1,9.91129,37.1635,7.95198,44.298,0.272071,0.268939,0.855889,0.27798,0.320709,0.0520272
185,828.254,1,9.96036,37.3809,8.14517,41.5467,0.266425,0.274077,0.834217,0.270942,0.317014,0.0537278
186,837.345,1,9.96118,37.0674,8.50873,42.267,0.268279,0.270025,0.895553,0.297882,0.319252,0.0543189
187,834.408,1,9.94285,37.4337,8.2277,44.6547,0.272769,0.265441,0.877373,0.295436,0.319777,0.0536351
188,837.509,1,9.96563,37.3261,8.34922,45.3372,0.269651,0.25872,0.888245,0.301646,0.316994,0.0551633
189,833.31,1,9.99772,36.6985,8.57513,43.3431,0.280545,0.263851,0.893564,0.294008,0.321406,0.0537665
190,829.371,1,9.91531,36.8243,8.4004,43.3717,0.279687,0.279781,0.870939,0.304721,0.320395,0.0524051
191,826.087,1,9.9916,36.5359,8.65411,41.3516,0.274201,0.278505,0.864522,0.329069,0.317226,0.0510782
192,836.196,1,9.90083,36.5459,8.09286,45.3389,0.273428,0.280746,0.876302,0.325784,0.322059,0.0525517
193,834.034,1,9.92761,36.5022,8.27267,44.4924,0.274183,0.273637,0.911163,0.351395,0.319196,0.0519531
194,831.679,1,9.91156,36.5169,8.0581,43.7668,0.27318,0.272634,0.888092,0.342497,0.318041,0.051974
195,841.882,1,9.89402,36.4607,8.51136,44.6792,0.272961,0.271098,0.907993,0.342887,0.32121,0.0538796
196,844.183,1,9.9343,36.5434,8.57907,44.5822,0.275779,0.282619,0.934635,0.335492,0.320976,0.0541017
197,838.036,1,9.92399,37.4727,8.04848,45.1703,0.277269,0.275463,0.910969,0.339928,0.319191,0.0539095
198,829.462,1,9.93644,37.0249,8.30869,44.2745,0.273384,0.268488,0.887903,0.351011,0.320105,0.0525445
199,842.045,1,10.003,36.8852,8.58831,43.2182,0.266462,0.26169,0.865421,0.342123,0.319991,0.0557885
200,841.31,1,9.98672,36.704,8.46423,41.0837,0.26443,0.255064,0.865236,0.333461,0.321876,0.0551753
201,838.781,1,9.95009,36.7333,9.01506,43.2642,0.273165,0.248665,0.843327,0.326052,0.320851,0.0552736
202,855.601,1,9.97422,36.7662,8.84723,43.1158,0.27531,0.242369,0.860623,0.383787,0.319392,0.0587385
203,856.699,1,9.96654,37.0855,8.59725,44.4504,0.278033,0.241541,0.860888,0.391001,0.318373,0.0588841
204,851.946,1,9.95313,37.1542,8.51059,42.6857,0.272346,0.252213,0.83909,0.381101,0.318321,0.0583078
205,847.424,1,9.94905,37.6812,8.23556,43.6118,0.275386,0.245826,0.817844,0.371735,0.317247,0.0574091
206,841.856,1,9.94249,37.6196,8.03182,44.0497,0.275083,0.239602,0.797135,0.362322,0.317885,0.0577073
207,847.418,1,9.96783,37.9133,8.29539,43.1504,0.270445,0.241339,0.776951,0.38907,0.322177,0.0569113
208,840.964,1,9.96288,37.2777,8.35755,45.3663,0.275579,0.240292,0.775148,0.379218,0.317711,0.0559253
209,843.255,1,9.99291,37.7605,8.47991,44.8639,0.279541,0.234208,0.777477,0.376287,0.318775,0.0564805
210,843.163,1,9.96835,37.2233,8.63426,44.6759,0.272463,0.232537,0.779729,0.37482,0.314488,0.0572365
211,850.498,1,9.94625,37.1174,8.27502,40.3,0.27221,0.226649,0.79473,0.397765,0.313952,0.0593412
212,852.707,1,9.96446,37.1831,8.24785,39.8046,0.270357,0.232038,0.800223,0.410669,0.31852,0.0584255
213,863.82,1,9.9581,38.1638,8.11064,39.5954,0.268812,0.235339,0.779961,0.402574,0.319315,0.0622834
214,858.358,1,9.92101,38.2293,7.43495,40.5918,0.26829,0.24085,0.760212,0.423618,0.315644,0.0607351
215,847.151,1,9.92457,38.0383,7.73291,40.2287,0.272239,0.244269,0.829715,0.412892,0.319852,0.0591973
216,847.19,1,9.91007,37.5377,8.14712,41.5393,0.273348,0.238683,0.808706,0.402437,0.32107,0.0576984
217,846.163,1,9.95413,37.6601,8.02101,41.3055,0.270128,0.251916,0.845074,0.392248,0.318734,0.0562374
218,844.921,1,9.938,36.9711,8.00956,41.095,0.272633,0.254031,0.855974,0.382316,0.321715,0.0549964
219,847.367,1,9.95035,37.6449,8.01086,43.1492,0.270701,0.259318,0.8343,0.388639,0.317305,0.0565413
220,844.449,1,9.93208,37.6905,8.20533,43.4309,0.271561,0.271619,0.813175,0.378798,0.322692,0.0551096
221,842.285,1,9.91251,37.8114,8.04437,45.6898,0.269012,0.268137,0.792585,0.371348,0.323168,0.054586
222,826.928,1,9.98238,38.3837,7.81712,45.2355,0.270937,0.274999,0.772516,0.361945,0.321232,0.0532038
223,836.274,1,9.97241,38.1597,8.24192,46.5579,0.273943,0.284322,0.806511,0.358231,0.324518,0.0519733
224,842.831,1,9.94707,37.733,8.07888,47.4751,0.27392,0.28614,0.838718,0.363334,0.324942,0.0532441
225,844.054,1,9.94707,37.9083,8.25597,46.5014,0.267142,0.280043,0.817482,0.39763,0.32412,0.0540757
226,848.231,1,9.94789,37.1656,8.2705,49.9249,0.268563,0.274728,0.796783,0.405675,0.319819,0.0557771
227,847.107,1,9.92933,37.3906,8.23953,46.8837,0.270162,0.268449,0.776608,0.395403,0.316966,0.057395
228,843.364,1,9.9395,37.3804,8.26346,43.2963,0.266549,0.261651,0.797535,0.385391,0.321066,0.0562577
229,847.451,1,9.92401,37.7587,8.1631,43.6603,0.268079,0.255194,0.77734,0.375633,0.319503,0.0571638
230,851.62,1,9.96369,38.0804,7.86678,45.3918,0.278736,0.265554,0.821426,0.400815,0.318645,0.0566731
231,844.221,1,9.95378,38.079,8.20142,43.6293,0.275887,0.25883,0.800627,0.453931,0.316552,0.0552381
232,847.683,1,9.94464,38.4131,7.75191,41.8679,0.277078,0.275812,0.780355,0.442437,0.318175,0.0556691
233,843.149,1,9.93915,38.0799,7.57568,40.8835,0.274112,0.268828,0.760596,0.4349,0.321614,0.0545109
234,847.411,1,9.96411,37.3839,8.13098,39.6944,0.269881,0.262021,0.741337,0.428088,0.31839,0.0564651
235,847.126,1,9.93638,37.6452,7.94049,40.6382,0.272865,0.255387,0.728423,0.417249,0.317604,0.056971
236,846.808,1,9.90491,37.8454,7.91753,41.2819,0.278052,0.257088,0.733198,0.406684,0.318366,0.0567135
237,838.691,1,9.95713,37.8028,8.07899,41.9613,0.271011,0.271609,0.724689,0.396387,0.318422,0.0552775
238,844.135,1,9.9211,37.5264,7.77313,42.0601,0.272801,0.264731,0.805897,0.392653,0.31937,0.0554266
239,837.435,1,9.94577,37.6271,7.6387,40.2905,0.275549,0.258028,0.785491,0.452167,0.323123,0.0540232
240,838.108,1,9.93278,37.8263,7.69673,40.1114,0.272205,0.258482,0.825045,0.440717,0.319518,0.0532306
241,837.142,1,9.95499,37.668,7.75615,40.7883,0.277032,0.251937,0.804154,0.429558,0.317427,0.0536071
242,836.527,1,9.96101,37.7544,7.67977,39.7667,0.280531,0.251111,0.790615,0.418682,0.322738,0.0525598
243,837.736,1,9.93179,38.842,7.53342,41.5037,0.277204,0.244753,0.79138,0.40808,0.322394,0.0537436
244,844.99,1,9.93375,38.1924,7.41165,41.0736,0.275265,0.264487,0.84829,0.397747,0.318995,0.0550775
245,843.397,1,9.89683,38.096,7.55243,43.7238,0.272632,0.25779,0.830825,0.387676,0.318125,0.0555532
246,839.552,1,9.88434,38.1039,7.62036,41.9541,0.279249,0.253596,0.812005,0.37786,0.317054,0.0549615
247,834.14,1,9.86152,37.8461,7.61082,41.1087,0.27343,0.267414,0.791444,0.382444,0.321259,0.0535698
248,841.735,1,9.8893,37.5278,7.59682,42.2091,0.276143,0.275387,0.771405,0.37276,0.322029,0.05504
249,846.954,1,9.90548,37.837,7.50328,42.9289,0.269207,0.268414,0.806802,0.413953,0.319026,0.0555804
250,845.964,1,9.92602,38.4793,7.45151,42.4461,0.268651,0.272953,0.786373,0.403471,0.320098,0.0558115
251,844.42,1,9.93594,38.3307,7.81834,45.5262,0.271301,0.269198,0.766461,0.438648,0.318831,0.0549099
252,853.213,1,9.92489,37.9443,8.19098,45.9004,0.272299,0.27475,0.747054,0.477798,0.31709,0.0566994
253,844.993,1,9.96125,38.4552,7.98844,47.3612,0.272338,0.272277,0.734777,0.4657,0.317849,0.0552637
254,845.785,1,9.93084,38.2187,8.4205,46.2896,0.279469,0.277835,0.719652,0.453908,0.320984,0.0546646
255,849.731,1,9.91851,38.3892,8.30325,46.5299,0.273406,0.2708,0.733938,0.508657,0.317525,0.0555637
256,847.024,1,9.95268,38.7307,7.90011,44.2395,0.278497,0.265905,0.715354,0.495778,0.320783,0.0551834
257,851.181,1,9.90942,37.9917,7.91144,42.0216,0.278511,0.277743,0.697241,0.499471,0.320896,0.0556111
258,847.315,1,9.91583,37.5881,7.9634,43.8278,0.275181,0.277794,0.769012,0.486824,0.31561,0.0552316
259,858.493,1,9.89419,38.1172,7.84433,44.0691,0.275344,0.270761,0.773311,0.490352,0.316592,0.0579901
260,855.802,2,9.95662,38.158,7.72148,42.1738,0.269398,0.263905,0.783708,0.477936,0.316164,0.0583642
261,846.156,2,9.97504,38.2958,7.84936,41.1812,0.271381,0.257223,0.763864,0.465834,0.315873,0.0568864
262,841.888,2,9.94818,38.2017,7.9641,42.7737,0.269906,0.263778,0.68759,0.479364,0.318218,0.0542423
263,837.592,2,9.97785,38.0164,8.01523,40.3245,0.269942,0.2644,0.717335,0.428624,0.320286,0.0532432
264,843.151,2,9.98165,37.8116,8.12102,42.0469,0.273361,0.252357,0.774903,0.395064,0.322107,0.054714
265,839.076,2,9.9546,37.1472,8.18804,40.1763,0.269922,0.254871,0.745623,0.366501,0.318266,0.0552907
266,840.021,2,9.94004,37.4055,8.09392,39.7883,0.276238,0.248759,0.736123,0.419174,0.317282,0.0546752
267,840.793,2,9.96646,37.5565,8.08039,38.739,0.270059,0.249181,0.700716,0.417785,0.317171,0.0554839
268,839.837,2,9.98219,37.9297,7.99519,40.7305,0.271393,0.262376,0.719808,0.396086,0.317641,0.0549641
269,837.897,2,10.0142,38.1288,7.90507,38.9644,0.267311,0.266828,0.725073,0.403744,0.315209,0.0546829
270,837.475,2,9.98353,38.115,7.77404,41.4608,0.268618,0.271491,0.722309,0.401708,0.31844,0.0538424
271,850.201,2,9.9777,38.0419,7.9171,42.9015,0.273861,0.26042,0.751737,0.401213,0.319279,0.0561951
272,845.223,2,9.94996,37.8323,7.98438,42.9123,0.270159,0.25785,0.758825,0.409761,0.31795,0.05604
273,832.767,2,9.95291,37.8043,7.67037,43.0356,0.271107,0.258681,0.77654,0.36739,0.317656,0.0543283
274,839.781,2,9.94664,37.74,7.78558,43.0261,0.270557,0.254064,0.790278,0.35245,0.316368,0.0553461
275,830.287,2,9.93919,37.3168,7.9621,43.1677,0.269745,0.256662,0.814687,0.340099,0.318113,0.0535993
276,835.772,2,9.95497,37.3624,8.02821,41.265,0.271737,0.26769,0.794562,0.329589,0.318336,0.0539272
277,837.024,2,9.92224,37.4605,7.91872,40.434,0.276088,0.25749,0.804538,0.333951,0.31861,0.0541739
278,839.77,2,9.94877,37.4919,7.95149,40.0486,0.276191,0.253974,0.822969,0.334865,0.319292,0.0544931
279,829.633,2,9.95162,37.5646,7.98668,40.2517,0.274805,0.253658,0.821999,0.330025,0.319387,0.0535255
280,835.612,2,9.95871,37.6595,7.92687,40.9728,0.27354,0.259,0.842715,0.334131,0.318333,0.0534968
281,844.769,2,9.96255,37.7179,7.86479,42.581,0.271706,0.255428,0.854596,0.34291,0.318057,0.0546286
282,832.414,2,9.94764,37.645,7.9962,44.6838,0.274076,0.253096,0.848787,0.337906,0.317442,0.054134
283,828.562,2,9.93888,37.7463,7.93127,45.0317,0.274136,0.244788,0.835821,0.314727,0.31806,0.0541513
284,825.595,2,9.94791,37.8763,7.91088,45.3431,0.273321,0.240681,0.833606,0.298706,0.318219,0.0539196
285,827.692,2,9.93474,38.1554,7.68761,44.5094,0.272526,0.243744,0.814706,0.311479,0.318214,0.0534246
286,834.577,2,9.93515,38.0863,7.64759,44.1082,0.270236,0.248659,0.836281,0.315709,0.318316,0.0534552
287,831.861,2,9.94254,38.0208,7.63707,43.9338,0.269737,0.251578,0.839611,0.322841,0.318979,0.0531155
288,842.877,2,9.9444,37.9389,7.69316,44.3433,0.269149,0.253954,0.834746,0.336477,0.319375,0.0536402
289,841.453,2,9.94065,37.8241,7.78899,44.4249,0.268357,0.258121,0.830148,0.349418,0.320341,0.0536339
290,851.697,2,9.94097,37.8891,7.775,44.1446,0.267749,0.260371,0.838047,0.351385,0.320205,0.0545811
291,852.761,2,9.93014,37.8759,7.77153,43.6435,0.268843,0.264788,0.843976,0.350735,0.320643,0.0551412
292,840.789,2,9.92574,37.8408,7.7504,43.4758,0.270116,0.262065,0.845725,0.343261,0.320956,0.0551183
293,842.377,2,9.92208,37.7832,7.66861,43.4537,0.271597,0.262266,0.843195,0.339653,0.321333,0.0550822
294,839.109,2,9.92047,37.6304,7.66813,43.6505,0.271109,0.262585,0.842354,0.332348,0.320765,0.0551606
295,846.963,2,9.91285,37.6479,7.64025,43.9898,0.271681,0.265194,0.843895,0.33865,0.320942,0.0551335
296,850.102,2,9.91427,37.6939,7.65355,44.8704,0.272197,0.266773,0.8477,0.352583,0.321203,0.0550341
297,839.494,2,9.92451,37.6787,7.73382,45.4992,0.272434,0.268045,0.842322,0.340373,0.320759,0.0551834
298,843.6,2,9.92835,37.5845,7.80662,45.8608,0.274533,0.271279,0.840189,0.334745,0.320746,0.0551887
299,841.632,2,9.93267,37.4954,7.88615,46.0085,0.275148,0.272086,0.83796,0.332702,0.320456,0.0551883
300,830.719,2,9.93979,37.4783,7.95513,45.6778,0.274763,0.271088,0.833686,0.330359,0.320392,0.0548535
301,837.857,2,9.93962,37.4363,7.9911,45.7263,0.274948,0.269578,0.831104,0.33135,0.320042,0.0548191
302,835.312,2,9.93954,37.3995,8.00394,45.6941,0.27453,0.267402,0.828202,0.328352,0.319729,0.0548551
303,839.255,2,9.93603,37.3437,7.99539,45.5168,0.274321,0.264854,0.825964,0.329558,0.319841,0.0548746
304,839.813,2,9.93285,37.3647,7.99684,45.6252,0.273888,0.265117,0.826588,0.327946,0.319512,0.054955
305,842.467,2,9.93588,37.3898,8.01272,45.6473,0.273262,0.263575,0.828925,0.326588,0.319033,0.0551766
306,844.77,2,9.93117,37.4435,7.95776,45.7514,0.272985,0.262368,0.830965,0.326429,0.319069,0.0553126
307,850.143,2,9.92553,37.4637,7.94302,45.8777,0.273499,0.261994,0.836391,0.329707,0.319685,0.0552975
308,847.213,2,9.92546,37.4765,7.94256,45.785,0.273878,0.260028,0.84281,0.332625,0.319557,0.0553652
309,844.644,2,9.92514,37.4444,7.95905,45.6506,0.274073,0.25908,0.84784,0.33122,0.319868,0.0553761
310,838.77,2,9.92577,37.4233,7.93911,45.6092,0.273726,0.257556,0.846169,0.328916,0.319972,0.0554186
311,838.834,2,9.9258,37.4305,7.93392,45.6522,0.273712,0.25716,0.845345,0.328658,0.319976,0.0554264
312,832.839,2,9.92542,37.4328,7.92654,45.6948,0.273601,0.25709,0.844908,0.328487,0.319955,0.0553922
313,833.952,2,9.92644,37.4409,7.92661,45.6799,0.273531,0.256913,0.844203,0.328161,0.319914,0.0553781
314,832.607,2,9.92631,37.4466,7.92231,45.6748,0.273545,0.256528,0.843569,0.327937,0.319918,0.0553514
315,838.661,2,9.92654,37.4633,7.92084,45.6305,0.273709,0.256293,0.842358,0.328124,0.31991,0.0553473
316,834.459,2,9.92708,37.4775,7.91835,45.6298,0.273761,0.256038,0.840784,0.327723,0.319802,0.055361
317,839.252,2,9.92668,37.4908,7.91523,45.585,0.273863,0.25575,0.839636,0.327603,0.319794,0.055372
318,830.626,2,9.92719,37.4951,7.91413,45.552,0.273826,0.255526,0.838277,0.327418,0.319679,0.0553638
319,839.377,2,9.92738,37.5024,7.90844,45.5458,0.273775,0.255549,0.837704,0.327692,0.319677,0.0553553
320,840.042,2,9.92707,37.5156,7.90285,45.5439,0.273724,0.255509,0.837126,0.327788,0.31958,0.055373
321,835.841,2,9.92782,37.5238,7.90405,45.5221,0.273715,0.255327,0.836465,0.327857,0.319572,0.0553602
322,834.428,2,9.9292,37.5284,7.91296,45.4764,0.27364,0.255356,0.836319,0.327835,0.319573,0.0553324
323,836.722,2,9.93047,37.5284,7.91997,45.4535,0.273605,0.255409,0.836595,0.327937,0.319537,0.0553137
324,835.794,2,9.93028,37.5296,7.92276,45.4506,0.273646,0.255297,0.836441,0.327007,0.319531,0.0553188
325,844.101,2,9.93082,37.5283,7.92728,45.4371,0.273598,0.255437,0.837169,0.327071,0.319439,0.0553385
326,833.368,2,9.93219,37.5196,7.9334,45.4078,0.273546,0.255606,0.837614,0.326412,0.319393,0.055322
327,835.97,2,9.93339,37.5106,7.93854,45.3934,0.273528,0.255478,0.838541,0.326419,0.319298,0.0553135
328,838.195,2,9.93372,37.5043,7.94588,45.3863,0.273575,0.255359,0.838723,0.326757,0.319282,0.0552983
329,838.533,2,9.93405,37.4943,7.94694,45.3691,0.273559,0.255292,0.83869,0.326657,0.319276,0.0552962
330,840.943,2,9.93384,37.4854,7.95462,45.3571,0.273566,0.254968,0.838615,0.326377,0.319226,0.0553244
331,832.868,2,9.93396,37.4809,7.96221,45.3608,0.273522,0.254801,0.839118,0.325817,0.319227,0.0553084
332,841.166,2,9.93491,37.4761,7.97117,45.3451,0.273573,0.254685,0.839336,0.325593,0.319241,0.0553148
333,848.504,2,9.93465,37.4747,7.97754,45.3702,0.273568,0.254644,0.838502,0.326728,0.31923,0.0553305
334,846.102,2,9.93386,37.4774,7.97934,45.409,0.273583,0.254564,0.837318,0.32771,0.319243,0.0553397
335,849.891,2,9.93321,37.4836,7.97931,45.4462,0.273551,0.254665,0.836737,0.328584,0.319246,0.0553574
336,848.286,2,9.93313,37.4875,7.9839,45.4132,0.273497,0.25474,0.836445,0.328625,0.319259,0.0553851
337,843.688,2,9.93317,37.4852,7.9834,45.4067,0.273452,0.25481,0.835936,0.32926,0.319245,0.0553869
338,841.868,2,9.93342,37.4838,7.98787,45.3692,0.273482,0.25473,0.835966,0.330496,0.319209,0.0553681
339,838.002,2,9.93347,37.4814,7.98997,45.3459,0.273464,0.254789,0.835958,0.330504,0.319201,0.0553574
340,846.057,2,9.93437,37.4769,7.99934,45.2811,0.273399,0.254678,0.836286,0.331479,0.31922,0.0553517
341,830.219,2,9.93502,37.4662,8.00581,45.2571,0.273356,0.254815,0.836487,0.331663,0.319174,0.0553117
342,841.594,2,9.93515,37.4529,8.01099,45.2382,0.273344,0.255047,0.837126,0.331899,0.319178,0.0552951
343,843.697,2,9.93528,37.4404,8.01505,45.2379,0.273328,0.255465,0.837804,0.331673,0.319149,0.0552966
344,836.33,2,9.93562,37.4292,8.0206,45.2127,0.273347,0.255677,0.838084,0.33134,0.319161,0.0552771
345,836.741,2,9.93554,37.4302,8.02515,45.2264,0.273281,0.255862,0.8385,0.331453,0.319123,0.0552594
346,840.533,2,9.93525,37.4242,8.02426,45.2478,0.273224,0.256128,0.838576,0.331405,0.319136,0.0552502
347,841.527,2,9.93547,37.4233,8.02556,45.2435,0.273213,0.256331,0.838496,0.331508,0.3191,0.0552513
348,840.915,2,9.93546,37.4237,8.02833,45.239,0.273254,0.256351,0.837743,0.331411,0.319073,0.0552644
349,830.288,2,9.93567,37.4269,8.03005,45.2427,0.273304,0.256366,0.837433,0.331304,0.319073,0.0552339
350,838.583,2,9.93595,37.4268,8.03402,45.2512,0.273326,0.256257,0.837359,0.331469,0.319031,0.0552341
351,838.594,2,9.93564,37.4326,8.03492,45.2719,0.273407,0.256135,0.837395,0.332147,0.319026,0.0552133
352,840.192,2,9.93491,37.4353,8.03347,45.2963,0.273449,0.256304,0.837315,0.332669,0.319061,0.0551878
353,837.446,2,9.93421,37.4392,8.02907,45.3372,0.273517,0.256473,0.836975,0.333129,0.319067,0.0551617
354,842.934,2,9.9337,37.4406,8.02569,45.3612,0.273513,0.256646,0.836665,0.333649,0.319095,0.0551496
355,836.945,2,9.93352,37.4412,8.02316,45.3628,0.273461,0.256664,0.8357,0.333594,0.319102,0.0551489
356,837.332,2,9.93324,37.4462,8.01718,45.3624,0.273452,0.256861,0.834974,0.333447,0.319118,0.0551412
357,836.645,2,9.93336,37.4489,8.01315,45.3632,0.273438,0.256999,0.834347,0.333712,0.319124,0.0551244
358,841.662,2,9.93355,37.4522,8.01342,45.3784,0.273399,0.257154,0.833441,0.333771,0.319082,0.055139
359,842.929,2,9.93376,37.4578,8.01471,45.3996,0.273356,0.257282,0.833117,0.333813,0.319096,0.0551432
360,840.605,2,9.93415,37.4569,8.01631,45.4031,0.273334,0.257495,0.832469,0.333809,0.31909,0.0551448
361,832.83,2,9.93464,37.4589,8.01619,45.4064,0.273282,0.257649,0.832031,0.333585,0.319047,0.0551368
362,843.133,2,9.93503,37.4591,8.01612,45.4237,0.273342,0.257765,0.831336,0.333598,0.319052,0.0551446
363,833.742,2,9.93504,37.4645,8.01361,45.4104,0.273356,0.257733,0.83077,0.333411,0.319069,0.0551335
364,835.698,2,9.93535,37.4728,8.011,45.4035,0.27342,0.257599,0.829908,0.333151,0.319084,0.0551348
365,836.635,2,9.93591,37.4828,8.00837,45.4002,0.273464,0.257516,0.828817,0.333043,0.319085,0.0551389
366,843.105,2,9.93629,37.4904,8.00829,45.3799,0.273471,0.257333,0.828129,0.333177,0.319034,0.0551645
367,837.415,2,9.93676,37.4957,8.00837,45.3603,0.273518,0.257132,0.827634,0.332732,0.319048,0.0551746
368,838.014,2,9.93661,37.4982,8.00577,45.339,0.273537,0.257109,0.826977,0.332259,0.319065,0.0551836
369,833.523,2,9.93645,37.4989,8.00497,45.3283,0.27354,0.257109,0.826842,0.331868,0.31908,0.0551738
370,829.005,2,9.93634,37.4997,8.00572,45.307,0.273483,0.257011,0.826576,0.331526,0.3191,0.0551565
371,837.656,2,9.93644,37.5025,8.00725,45.2854,0.273426,0.256921,0.826664,0.331453,0.319137,0.0551492
372,833.006,2,9.9365,37.5017,8.00751,45.2749,0.273365,0.256901,0.826344,0.33115,0.31915,0.0551414
373,836.36,2,9.93661,37.5005,8.00808,45.2629,0.273297,0.256861,0.826571,0.330836,0.319134,0.0551435
374,837.176,2,9.93688,37.4979,8.01045,45.2306,0.273237,0.256767,0.826653,0.330754,0.319124,0.0551441
375,835.784,2,9.9372,37.499,8.01151,45.2261,0.273153,0.256883,0.826629,0.330898,0.319121,0.0551296
376,841.796,2,9.9374,37.4952,8.01521,45.2198,0.273154,0.256937,0.826247,0.33071,0.319158,0.0551346
377,841.394,2,9.93753,37.4935,8.01748,45.2328,0.273171,0.256951,0.825951,0.330667,0.319154,0.0551419
378,844.998,2,9.93794,37.4948,8.02226,45.2005,0.273183,0.256911,0.825925,0.331093,0.319187,0.0551393
379,833.82,2,9.93806,37.4932,8.02631,45.1948,0.273189,0.256848,0.826171,0.330852,0.319189,0.0551293
380,837.372,2,9.93816,37.4967,8.02517,45.1822,0.273192,0.256711,0.826524,0.330597,0.319176,0.0551323
381,840.467,2,9.93844,37.4964,8.02543,45.1774,0.273172,0.256758,0.826474,0.330916,0.319171,0.0551263
382,837.835,2,9.93829,37.4943,8.02754,45.1827,0.273182,0.256856,0.826243,0.331173,0.319197,0.0551095
383,846.163,2,9.93855,37.4949,8.03026,45.1915,0.273198,0.256917,0.826151,0.331702,0.31919,0.0551111
384,837.483,2,9.9387,37.4873,8.03343,45.1801,0.273203,0.257075,0.826421,0.331963,0.319214,0.0550873
385,838.098,2,9.93868,37.4825,8.03692,45.166,0.27323,0.2573,0.826254,0.331703,0.319195,0.0550863
386,838.399,2,9.939,37.4778,8.03948,45.1478,0.273225,0.257538,0.826106,0.331595,0.319146,0.0550882
387,844.669,2,9.93902,37.4703,8.04206,45.1292,0.273182,0.257584,0.825786,0.331736,0.319156,0.0550969
388,847.644,2,9.93894,37.4632,8.04317,45.1072,0.273168,0.257682,0.825308,0.331992,0.319187,0.0551046
389,842.946,2,9.93879,37.4537,8.04484,45.0881,0.27318,0.257761,0.824917,0.332013,0.319201,0.0551093
390,843.895,2,9.93879,37.4522,8.04625,45.073,0.273179,0.257763,0.824897,0.332196,0.31919,0.0551156
391,839.503,2,9.93908,37.4531,8.04844,45.0736,0.273204,0.257865,0.824871,0.332063,0.319184,0.055115
392,838.16,2,9.93928,37.4504,8.04944,45.0774,0.273234,0.258075,0.824691,0.331952,0.319194,0.0551061
393,839.692,2,9.93955,37.4525,8.04959,45.0731,0.273217,0.258206,0.82461,0.332089,0.319162,0.0551047
394,843.994,2,9.93958,37.4549,8.05062,45.0627,0.27326,0.258274,0.824557,0.332371,0.319169,0.0551023
395,838.09,2,9.9395,37.4582,8.04988,45.0658,0.273279,0.258253,0.824704,0.332429,0.319171,0.0550951
396,835.004,2,9.93945,37.4602,8.0466,45.0486,0.273282,0.258194,0.82447,0.332347,0.319162,0.0550919
397,839.496,2,9.93903,37.461,8.04408,45.0403,0.273282,0.258181,0.824061,0.332553,0.319169,0.0550889
398,846.627,2,9.93866,37.4644,8.03784,45.0473,0.273295,0.258202,0.823743,0.332804,0.319184,0.0550963
399,841.79,2,9.9384,37.4665,8.03754,45.0577,0.273302,0.258343,0.82319,0.332815,0.319199,0.0550979
400,835.654,2,9.9385,37.4702,8.03595,45.0432,0.273337,0.258406,0.82282,0.33281,0.319198,0.0550896
401,836.637,2,9.93855,37.472,8.0349,45.037,0.273378,0.258406,0.82252,0.332765,0.319204,0.0550843
402,828.118,2,9.93893,37.4725,8.03591,45.0401,0.2734,0.258366,0.821812,0.332715,0.319204,0.055069
403,836.873,2,9.93928,37.4679,8.04049,45.0362,0.273409,0.258373,0.821896,0.332519,0.319223,0.0550629
