id,time,y2,popPred_medianCOV,popPred,indivPred_SAEM,indivPred_mean,indWRes_SAEM,indWRes_mean
1,1,45.866,24.121,24.121,24.4026,45.8156,10.1755,0.0177312
1,2,58.898,29.5937,29.5937,31.506,55.703,10.0884,0.899339
1,4,34.292,14.2801,14.2801,14.8047,31.6403,13.5447,1.29777
1,6,29.606,12.4039,12.4039,11.7269,28.1979,14.9334,0.78579
1,8.25,26.788,11.4607,11.4607,10.6439,26.54,14.8831,0.149981
2,1,20.312,24.121,24.121,23.6292,20.4337,-2.43928,-0.0962965
2,2,32.684,29.5937,29.5937,27.9217,30.9982,2.53941,0.853941
2,4,15.384,14.2801,14.2801,15.9266,16.6067,-0.558989,-1.23323
2,6,11.032,12.4039,12.4039,14.6324,10.2066,-4.55433,1.25395
2,8,7.436,11.5554,11.5554,13.8298,7.3092,-10.0055,0.277335
2,10,6.158,10.8264,10.8264,13.088,5.9487,-12.1574,0.557604
2,11.5,4.906,10.3134,10.3134,12.5583,5.39753,-15.1565,-1.53967
3,1,22.148,24.121,24.121,24.2198,21.4134,-1.44199,0.543933
3,2,30.246,29.5937,29.5937,29.5542,31.4903,0.373123,-0.650074
3,4,16.548,14.2801,14.2801,14.5254,16.494,2.10222,0.052725
3,6,11.186,12.4039,12.4039,12.7331,10.4971,-2.08886,1.02497
3,8,8.038,11.5554,11.5554,11.8849,8.01337,-6.30635,0.0494928
3,10,5.94,10.8264,10.8264,11.1456,6.90419,-10.1481,-2.42554
3,11.5,7.068,10.3134,10.3134,10.6241,6.44984,-6.57179,1.47582
4,1,29.122,24.121,24.121,25.791,26.3326,1.95867,1.62357
4,1.58333,33.002,27.8129,27.8129,29.3671,34.9737,1.88168,-0.935734
4,3.58333,22.588,15.2823,15.2823,16.9557,24.5231,4.62496,-1.32546
4,5.58333,15.94,12.6311,12.6311,14.6102,14.7181,1.40466,1.28599
4,7.58333,10.906,11.7164,11.7164,13.4699,10.1934,-3.40475,1.08962
4,9.58333,7.69,10.9736,10.9736,12.4605,8.04401,-7.78267,-0.725753
4,10.1667,7.082,10.7681,10.7681,12.1811,7.65382,-8.74517,-1.2521
5,1,27.33,24.121,24.121,24.16,26.1592,1.98803,0.706036
5,2,35.42,29.5937,29.5937,30.111,36.8471,2.61852,-0.63695
5,4,21.442,14.2801,14.2801,15.019,21.6741,5.74116,-0.173573
5,6,16.742,12.4039,12.4039,12.7676,15.5167,4.37005,1.22554
5,8,13.586,11.5554,11.5554,11.9623,12.8949,2.05235,0.841873
5,10,11.476,10.8264,10.8264,11.3445,11.6633,0.185821,-0.261032
5,11.05,10.59,10.4646,10.4646,11.0408,11.2648,-0.672165,-0.996046
6,1,19.874,24.121,24.121,22.6959,23.5048,-2.141,-2.7057
6,2,23.672,29.5937,29.5937,27.914,27.6101,-2.65798,-2.48148
6,4,17.33,14.2801,14.2801,13.1453,14.9448,4.4566,2.38775
6,6,12.29,12.4039,12.4039,11.3546,13.6539,1.27654,-1.69696
6,8,11.396,11.5554,11.5554,10.4608,12.6659,1.38078,-1.70361
6,10,9.494,10.8264,10.8264,9.68235,11.7533,-0.31678,-3.44229
6,10.5,8.722,10.6525,10.6525,9.49768,11.5356,-1.37385,-4.50846
7,1,18.354,17.033,17.033,16.4471,17.5238,1.76888,0.74638
7,2,28.778,19.6111,19.6111,19.0582,25.2078,6.64538,2.13592
7,4,31.214,21.9369,21.9369,21.2176,32.0944,6.22486,-0.448498
7,6,12.49,13.342,13.342,12.4833,12.8334,0.00869344,-0.437392
7,8,7.27,11.9796,11.9796,11.1891,6.81436,-6.95296,1.0437
7,10.25,4.758,11.0999,11.0999,10.4948,4.71078,-12.7558,0.160848
7,11.5,4.184,10.6583,10.6583,10.1558,4.24023,-14.2994,-0.215273
8,1,22.23,24.121,24.121,23.0366,26.0641,-0.574748,-2.5658
8,2,33.872,29.5937,29.5937,26.9765,35.7065,3.67047,-0.85051
8,4,15.614,14.2801,14.2801,14.6679,13.4632,1.00793,2.38984
8,6,10.094,12.4039,12.4039,13.4124,8.6885,-4.58336,2.41782
8,8,6.998,11.5554,11.5554,12.4154,7.35926,-9.24475,-0.811662
8,10,5.804,10.8264,10.8264,11.495,6.72994,-11.0194,-2.38683
8,11,4.992,10.4816,10.4816,11.0607,6.48598,-12.8286,-4.22167
9,1,28.178,24.121,24.121,26.835,28.9516,0.787486,-0.436727
9,2,35.14,29.5937,29.5937,32.6716,38.4759,1.17443,-1.46244
9,4,18.722,14.2801,14.2801,15.8631,17.8715,2.67205,0.74965
9,6,14.494,12.4039,12.4039,13.9285,13.2926,0.641726,1.39525
9,8,12.2,11.5554,11.5554,12.9681,11.8716,-0.984486,0.44
9,10,9.742,10.8264,10.8264,12.1222,11.0953,-3.52484,-2.09755
9,11.5,8.886,10.3134,10.3134,11.5265,10.6209,-4.19527,-2.87588
10,1,35.2825,24.121,24.121,24.5661,34.1518,5.83765,0.525245
10,2,51.314,29.5937,29.5937,29.6405,51.2079,8.84987,0.0333655
10,4,31.19,14.2801,14.2801,15.3113,31.6481,11.4731,-0.235094
10,6,23.444,12.4039,12.4039,13.6658,21.5506,8.7031,1.3579
10,8,16.332,11.5554,11.5554,12.7612,16.2668,3.97835,0.0644546
10,10.25,13.066,10.7391,10.7391,11.8509,13.1842,1.57403,-0.145267
10,11,11.772,10.4816,10.4816,11.5627,12.5337,0.289326,-1.01098
11,1,21.61,24.121,24.121,23.0905,24.5162,-1.06855,-2.03465
11,2,28.974,29.5937,29.5937,28.8833,33.7441,0.0505535,-2.45759
11,4,16.21,14.2801,14.2801,13.1423,14.6128,3.38296,1.67265
11,6,11.572,12.4039,12.4039,10.9946,9.81261,0.825392,2.65937
11,8,7.542,11.5554,11.5554,10.208,8.35083,-4.88084,-1.64272
11,10.25,6.366,10.7391,10.7391,9.51486,7.61637,-6.48044,-2.89169
11,11.5,5.504,10.3134,10.3134,9.15659,7.32151,-8.20768,-4.60118
12,1,25.512,24.121,24.121,24.2411,26.6786,0.823999,-0.721014
12,2,31.61,29.5937,29.5937,28.6844,36.0018,1.56606,-2.0978
12,4,19.742,14.2801,14.2801,16.3271,18.9186,3.06253,0.687016
12,6,15.102,12.4039,12.4039,14.9362,14.0168,0.178001,1.20251
12,8,12.092,11.5554,11.5554,13.9662,12.3576,-2.32352,-0.350415
12,10,10.294,10.8264,10.8264,13.0692,11.5721,-3.84901,-1.88729
12,11.5,9.378,10.3134,10.3134,12.4347,11.1565,-4.54932,-2.80016
13,1,24.806,24.121,24.121,24.6138,23.6268,0.125418,0.785331
13,2,32.39,29.5937,29.5937,31.2964,34.9432,0.55386,-1.22347
13,4,19.624,14.2801,14.2801,15.0197,20.1362,4.31173,-0.415481
13,6,13.94,12.4039,12.4039,12.3098,13.3902,2.00548,0.64881
13,8,10.904,11.5554,11.5554,11.3322,10.2453,-0.621078,1.00481
13,10,8.45,10.8264,10.8264,10.6097,8.71115,-3.67009,-0.490811
13,11.5,7.396,10.3134,10.3134,10.1149,8.06166,-5.04824,-1.38966
14,1,18.992,24.121,24.121,22.8962,27.3408,-3.01463,-5.87542
14,2,36.628,29.5937,29.5937,28.4255,38.6031,4.08817,-0.846878
14,4,20.114,14.2801,14.2801,15.0106,15.6063,4.71917,4.09157
14,6,11.696,12.4039,12.4039,12.9237,9.50869,-1.60961,3.33857
14,8,7.506,11.5554,11.5554,12.0956,7.66273,-7.69389,-0.333231
14,10,5.45,10.8264,10.8264,11.4356,6.89978,-11.9506,-3.80349
14,11.1667,4.604,10.4252,10.4252,11.0745,6.60638,-14.1534,-5.82296
