rep,id,Cl,V1,Q,V2
1,1,5.57590883365553,27.7198844360661,14.5205547897889,39.7637011725966
2,1,5.21654190151144,24.5183572616111,17.9532409989794,37.8594400543788
3,1,5.45498625349822,33.9718513426312,17.682409773637,44.7766380415944
4,1,5.05372867139895,38.3836290277591,17.2576719673064,47.9062054695541
5,1,5.39288691820364,29.5384607393111,13.7375386944868,42.4212738046617
6,1,5.662946952021,25.5675901488497,21.5438790548011,38.1369755238047
7,1,5.29440691016464,32.6959630423012,11.3648969065736,44.3540604960048
8,1,5.19747893681216,32.1538932442548,14.4584863203295,42.6066837613965
9,1,5.27476343216392,31.4816011372403,15.1990412069042,42.1040264545526
10,1,5.06824680982028,27.0902802605805,14.0912774100362,39.2771064112571
1,2,12.9575101690416,55.4805370308308,4.44204755395306,54.6287143611781
2,2,12.8214657467424,46.6788935044347,11.4849011725913,52.0462940344939
3,2,13.432805802372,45.0719938740378,13.1576735579816,50.2352237999795
4,2,13.2939559294519,45.3644945565563,11.9353653663727,52.3357581170766
5,2,13.6830451010064,45.3447116121244,12.0337709565682,52.2730113610682
6,2,12.7022692381012,48.9464566247229,6.74105072507179,54.3741884443565
7,2,13.1934892918837,49.0134311455324,9.9054718903123,51.4456414449371
8,2,13.4547424646659,37.1049927074312,16.8416639958513,46.0310524190334
9,2,13.9278658786011,46.5502096762449,16.9400212520281,49.904746911343
10,2,12.9424807965526,35.4435574765588,27.7517599832008,44.6469955930364
1,3,12.0494860022011,54.6238539015192,7.42944239270219,54.9016026375058
2,3,12.6443050864948,47.6695420033507,14.3487061370233,52.4660326357501
3,3,12.582120062851,56.1923721024716,9.4873549642968,55.9524447577071
4,3,12.4462357736027,46.6575728541174,11.7253068481692,51.4327514380183
5,3,12.5717593934983,46.6924939075809,11.9097547352677,51.6713132540728
6,3,12.1422424732944,48.4496148135361,8.50323660280367,52.9402611504183
7,3,12.4447174721927,48.2969201926466,11.6168404441291,52.6468649277136
8,3,12.7031113489178,54.6630693647537,12.9092994023011,56.9732591272322
9,3,12.6619095075574,45.9157668120178,16.8187871942797,49.6469416224835
10,3,12.2910214160964,56.0207033977161,5.71583599522058,54.337546914419
1,4,10.1214112046991,24.850176493936,19.3875487253521,37.166272020418
2,4,10.0904784929026,37.7225638308631,6.38244112532427,45.8491428933635
3,4,10.2130795234024,21.1753126023911,34.0309473079181,35.6998148513068
4,4,10.44950072839,20.9921141422862,39.7935035481384,35.3597457480732
5,4,10.0333102263672,18.8356114565417,42.6870330849261,33.0476252379131
6,4,10.1214622296689,39.8525112328783,7.24497954467788,47.2510199529842
7,4,10.2587147814179,20.8865046898423,35.3159091299786,35.0302368090132
8,4,10.5898170554812,20.4269300370032,43.9492003634107,35.1288360636388
9,4,10.5523701595533,22.3174339277132,33.5480427309238,36.9221485421313
10,4,10.0047936764858,40.1353907110195,5.44295358004397,46.5351888972504
1,5,9.13020842510952,52.5364112735768,10.8595357013215,55.8233827985732
2,5,9.400199256461,43.8095123105167,30.6236123277963,49.4537184586218
3,5,8.94847468801844,50.2617225350876,16.2054505112764,52.3979029320842
4,5,8.8869932158793,31.0625763577886,29.4141970062037,42.6448629005118
5,5,8.97008688965344,40.2537017308873,16.307233081482,47.6990967259513
6,5,9.4955958993972,40.9415368780202,18.9088854875749,49.1697435139493
7,5,9.37723400429905,48.4136217912989,23.9344365458927,50.6057959465962
8,5,9.19463165195648,38.292013982833,17.5690407640041,46.0702249692556
9,5,9.48828906900449,50.6732656622919,15.0612836591895,54.0094281554931
10,5,9.13223312097101,49.375423455624,11.0451408190257,53.9345004790025
1,6,11.5539463089027,78.418603993131,16.9406653564154,66.0697488855493
2,6,12.1642870913055,66.1019921657347,18.0764549041835,61.1050788232489
3,6,12.1712442320929,81.279420634711,17.0921962699513,65.4916848907141
4,6,11.765437587269,72.4705962447173,18.3258506660751,62.4340582052613
5,6,11.6458390643506,75.5191296778782,12.1499290713425,64.2300288294483
6,6,11.6778580793657,72.2591014775222,21.4011333297494,62.1271825394628
7,6,12.187140690505,84.3332921616698,11.5575134241297,67.2534974682538
8,6,11.8525372266549,76.7975181537327,13.7983175610277,65.4129149759622
9,6,12.5039692476628,71.3768366482095,27.9672030672329,63.8131266363469
10,6,12.088252091278,75.0355299944683,25.5208187439038,66.1835726591536
1,7,11.6148757128087,24.4536476311979,4.949280952498,36.859124956614
2,7,11.7625983119447,21.1662125425723,7.19612451320982,34.4000294412328
3,7,11.6548653534584,23.766951849476,5.37378503392829,37.0586271717851
4,7,11.3094684094212,22.3020160328039,4.6716408994082,36.8230542099116
5,7,11.7307643149114,24.7571014325697,5.15342732707581,37.1839785998585
6,7,11.3827594999061,24.4127955807864,4.12682903304723,38.441189501545
7,7,11.9290663079691,22.0620002070074,6.96141389438591,35.9530671536778
8,7,11.4192930210064,24.4028738143535,4.76950705704573,37.6584563167393
9,7,11.4834155584362,22.6960177978072,5.3351218726243,36.877664479467
10,7,11.8116074405624,24.6220919307617,5.7534468320282,37.9300530512936
1,8,13.7244756312885,42.8411436480634,10.6178524127831,48.9118596366673
2,8,13.3978127445986,42.1059165307079,10.8633954993718,48.9725316992546
3,8,12.8066295988003,40.8135315153494,8.24043358144904,47.6757486033289
4,8,13.5919360161127,34.3202890833676,20.918909850593,43.6159788378344
5,8,13.5344406811638,46.102720987036,10.5854734357535,52.0120460739824
6,8,14.1122157889492,43.6749562162501,14.2171987810247,50.2190395764824
7,8,13.3348527926488,43.0755644671163,8.49548742443368,49.184798814766
8,8,13.7331122812318,40.0552867267539,10.7466773922304,46.0596301903959
9,8,13.0458274774209,36.6510858290533,13.1869145011134,45.7241769803866
10,8,12.7513458903402,41.0087264980544,8.64865490148218,48.7464244649302
1,9,9.90597838678927,39.0967127335171,21.012644048822,47.5109587122714
2,9,10.0295886302008,42.7618448864752,15.0959005174723,48.7288235083569
3,9,9.67745838955842,39.1088150990475,17.0105566687879,47.2120985495189
4,9,9.82281570953163,36.3046224109454,18.2502768352188,45.9845636433121
5,9,9.85668987608041,40.578547088661,14.4327301691967,47.1588220361943
6,9,9.37043087759635,36.2217269231769,14.7561569094159,44.9555610915413
7,9,9.84029082811222,44.2338052294205,15.5655019335289,49.3375211455052
8,9,10.0404035586278,38.1867501293122,17.879994413846,48.0022302966193
9,9,9.69891766955087,39.0368170467024,22.0369308497622,47.083624600843
10,9,9.85841961802008,38.5051307439989,17.0970449364548,46.0472457094473
1,10,6.80128656095667,33.1391091850049,6.34463503941848,43.6079883665269
2,10,7.02206585764218,35.9944014304522,7.79803140482188,46.3499493218007
3,10,6.57499238616534,33.9760326219984,4.3807328780706,44.5222578366557
4,10,6.75440711317325,38.2084087094819,5.22980148091622,47.4638698564005
5,10,6.96080703131814,34.5100841513251,5.56284623552561,43.981526697005
6,10,6.51518225530481,33.8246864668569,5.00213176871801,43.3821354021809
7,10,6.74534997359976,33.1845570854281,4.80245256198776,43.6152783752449
8,10,6.93828930538027,32.7415810096118,6.9904106171962,42.793367574706
9,10,6.87010800261748,41.6873841255188,5.87378859420954,48.7698762493677
10,10,6.57360487339613,34.3398086333289,4.25053750943576,44.6927086095388
1,11,12.9992946454275,47.0617365354063,14.7340355544393,51.3575167562729
2,11,12.913317653167,58.9595135189351,7.30907358490947,57.5307246030645
3,11,12.9318833144543,51.1976705943263,12.9825484001809,54.6662385258918
4,11,12.3939868033541,54.3641134288654,7.6414806548632,54.8869302677248
5,11,12.6920886511413,36.4419950236742,24.1241522842876,45.1192349775207
6,11,13.1210195175502,39.0762070037022,21.2052756344391,47.2391316538265
7,11,12.6424224659014,52.4507151682654,6.62890403990938,53.440898713617
8,11,12.4506606379519,48.6171999153836,8.43880227159396,53.2581461334884
9,11,12.6447595532359,57.0435702947872,8.91788927249955,55.184685828413
10,11,13.101078801507,35.3929205273601,46.299473937892,45.2874972192034
1,12,10.2156112492914,50.1424124952842,26.5861563230145,52.0094771666742
2,12,10.1827280398278,42.7728602957998,34.0665158198809,48.7750754728243
3,12,9.93297414256229,39.7808249110495,34.8913800730832,49.1667492676554
4,12,10.5648887146691,48.9954612855732,28.2297456513542,51.8014362758614
5,12,9.7968541947669,49.1447758390336,22.5004522363983,54.367221219297
6,12,10.1339760639445,38.7678368133072,29.1830829841653,46.8026262996623
7,12,9.96567273362697,50.2703240423892,20.7835347294365,52.1589640662644
8,12,9.68420004821211,45.4044038403131,19.0406789127354,51.2055243902983
9,12,9.47550042792028,45.0858598989986,19.2721823785961,51.1009447800547
10,12,9.9787297747559,42.004639292119,25.4343624667511,48.9177274791133
1,13,10.7349178514255,40.4684505637336,16.9010226861683,47.7907803118575
2,13,10.8310872820484,39.9708549315167,20.7223695545419,47.8012179406971
3,13,10.5822000001854,41.1930836866556,23.8007088141105,47.9576850882717
4,13,10.7615743882331,51.1328316627742,9.57762526656009,53.3669905886742
5,13,10.8605660161778,36.6580780773588,20.324696356203,46.0395364915198
6,13,10.2817039528159,41.0729074203044,13.6197031204202,47.6918529430802
7,13,10.8583725621366,36.1080395517419,32.7067848716346,45.2111999808138
8,13,10.9111988159833,35.7246379580502,35.9092035723317,44.3191011695484
9,13,10.467898648051,50.5290619815327,8.5046161040466,52.0226494931785
10,13,10.3833048896406,52.0719433702414,9.55190816200403,54.5103673044911
1,14,11.820692895441,45.3528030819195,3.34435080511617,49.9974038271196
2,14,12.4116879633651,23.4181956986667,57.1995747053992,37.2495315835156
3,14,12.4515495860699,53.0078456795284,3.27023358253096,55.2418031802454
4,14,11.7509757323103,46.742027697004,3.49686715138252,51.64358761419
5,14,12.2391599976496,52.4832317268584,3.55329793146787,54.4441754838937
6,14,12.1851224719554,21.5272265649972,108.652488626319,34.8854275819569
7,14,11.9828903290425,43.0631650416537,4.9230949812519,48.1305908255313
8,14,12.2600756285152,48.758230009295,3.88872044484799,52.0451383270027
9,14,12.91793410746,54.6319737713555,4.57386948184395,56.3287743244318
10,14,13.1932337635745,26.6534710155851,64.9231000180289,38.6170473226851
