rep,id,eta_Cl,eta_V1,eta_Q,eta_V2
1,1,-0.670945128324783,-0.436426016431259,-0.272483219369231,-0.531361756748788
2,1,-0.698322039871982,-0.476544019656978,-0.0418369052274291,-0.55937223829359
3,1,-0.67028942067466,-0.510370909568224,0.363767248537544,-0.591775884034005
4,1,-0.659022578488926,-0.52619827772636,-0.21148611953094,-0.636271147882921
5,1,-0.673177318612,-0.345355936722334,-0.456632748269829,-0.457239693397918
6,1,-0.661796030367363,-0.443204533429476,-0.190405910981064,-0.537274361623712
7,1,-0.677790967069396,-0.505609616133781,0.0270557514051005,-0.568495111599465
8,1,-0.666499023496561,-0.330740815941598,-0.0454206699653766,-0.40892723071219
9,1,-0.635628865911003,-0.243256641245306,-0.352249565239598,-0.273979561069618
10,1,-0.621171112939884,-0.510637070190352,0.323073357285929,-0.578318913751227
1,2,0.221525161199332,0.00115354990342228,-0.0960550480808578,0.0248868206603371
2,2,0.283436301562593,-0.0795855613252234,0.355186626456359,-0.099182964991596
3,2,0.247646584656941,-0.222602032945098,0.332709725307429,-0.242400456328017
4,2,0.259744886248331,0.058788077336522,-0.292262134662652,0.0968027359163505
5,2,0.214153700529043,0.0361233984743545,-0.278332358337131,0.0688523340612118
6,2,0.235422866251946,-0.229940376852384,0.560540739363383,-0.26349624374354
7,2,0.229805694189644,-0.314425950426278,0.783590689931482,-0.382794843622476
8,2,0.247122633178725,0.0498272495701439,-0.124519459331565,0.0745446428625631
9,2,0.233604794641308,0.111164046248668,-0.19176036710299,0.136840856645695
10,2,0.200173335431575,-0.12299565549868,-0.0556446376952275,-0.139368581543024
1,3,0.177815644057523,0.130744987948166,-0.264970849172001,0.132363979684305
2,3,0.174838570555072,0.122303898737781,-0.488684920444782,0.127173729899069
3,3,0.195813348935751,0.0268027909394885,-0.168066557401274,0.0467531604671018
4,3,0.213070708628683,0.0467153041519329,-0.110632731955921,0.0491723886541022
5,3,0.177406186340251,-0.0399283627932833,0.224413872196492,-0.0317332004381097
6,3,0.196858553735903,0.149483480176141,-0.127784494277714,0.200601077825047
7,3,0.175849937742893,-0.0403364677892426,0.136663366894159,-0.0328435093935161
8,3,0.164681370807075,0.0569493288463828,-0.239946683772642,0.0591569371697747
9,3,0.215174657558037,-0.0592865866356073,0.515708338622998,-0.0682046334931453
10,3,0.200904906231308,0.0798776930510021,-0.0311157592802586,0.0894207161943545
1,4,0.0207277366914534,-0.455109094705469,0.487897773696475,-0.51830547363214
2,4,-0.00870296608438165,-0.46982418743246,0.154225955502721,-0.57589729263743
3,4,0.00704608233512839,-0.499192168804621,0.59072403883542,-0.580583004284553
4,4,-0.0241685936236328,-0.551063464041167,0.355263860037404,-0.655758958218922
5,4,-0.0154680736117884,-0.389458514826215,-0.0040652576042367,-0.446403993578134
6,4,-0.0210705444712748,-0.500813514374927,0.256602833899357,-0.580909288711018
7,4,-0.00263657676877213,-0.534219966116189,0.700427921060573,-0.6353697751386
8,4,-0.00750494660624713,-0.475629634523928,0.239530601901779,-0.57264938148988
9,4,0.0161081330358783,-0.458533251449034,0.312493069063384,-0.561499786396739
10,4,-0.07869815653961,-0.59098903566302,0.23705056004096,-0.695065597303446
1,5,-0.136779449825961,-0.203016613759368,0.431680437423117,-0.223504126481488
2,5,-0.130764158359922,-0.0761580009343685,0.0345086875587753,-0.072867262349417
3,5,-0.0959617118651462,-0.112595539241544,0.658216694944059,-0.13005827251634
4,5,-0.146172575117043,-0.0489994956200019,-0.157099692082849,-0.0477252063727307
5,5,-0.0806963401683383,-0.132599673291421,0.77328944995836,-0.154471032704853
6,5,-0.0913505599129265,-0.100114863963366,0.485537298156468,-0.121249660136315
7,5,-0.137107419301285,-0.139310705386382,0.352949274015122,-0.174721465220696
8,5,-0.111280306765209,0.114227654389206,0.0253791491080281,0.148887137967006
9,5,-0.121716843962201,-0.050071467365954,0.344105031557023,-0.0530051151538307
10,5,-0.145985629472774,-0.215321981079002,0.286252583456028,-0.248216061411855
1,6,0.150942063058293,0.399444462077299,0.813202001573043,0.499686687311398
2,6,0.124525686772672,0.259083377072379,0.876227365551395,0.31622532620921
3,6,0.159902101838853,0.208051791367069,1.22092428286777,0.25706766993965
4,6,0.140466682481213,0.196136058476495,0.870683221464712,0.248459028840797
5,6,0.112028108568579,0.429446171854287,0.308066324825677,0.504164172920013
6,6,0.131401608936292,0.421938807192272,0.32147901150457,0.480761539118527
7,6,0.0981933399586203,0.447557518659234,0.0236284738485526,0.502998256707941
8,6,0.147799903201718,0.28986846830204,0.652517464648474,0.352316811705946
9,6,0.127512617592238,0.499863756573027,0.249613504606721,0.600240291761421
10,6,0.170459506123482,0.320741210083363,0.542863607795555,0.38287467026973
1,7,0.0862734597712997,-0.719049024590744,-0.861209058320731,-0.831077499855851
2,7,0.143806064989703,-0.640328853664227,-0.735143176582211,-0.754301759415231
3,7,0.111819258663502,-0.744730229514867,-0.679374165451088,-0.870069575002863
4,7,0.0881155723533338,-0.639617883392125,-0.864467935815462,-0.774497523694917
5,7,0.144285801071423,-0.649148137956988,-0.762215227767822,-0.802031554613049
6,7,0.133951478091651,-0.653427632179521,-0.817622488259899,-0.769866923332674
7,7,0.0884515420677963,-0.686458725132459,-0.715740764200003,-0.842652741398691
8,7,0.0701581563349788,-0.663183820222122,-1.03694020469679,-0.791623151471127
9,7,0.116853057870524,-0.607655421742457,-0.937997055163875,-0.713135754952669
10,7,0.1234625184153,-0.665330530609348,-0.75692957774625,-0.79552073008079
1,8,0.20425135762687,-0.0678457884168517,-0.541243780540836,-0.0812376372149426
2,8,0.234985676761502,-0.14739290327538,-0.205021566979545,-0.171718566699514
3,8,0.231071563316295,-0.237090153122998,-0.101058363305807,-0.32989081879494
4,8,0.236688386976678,-0.130894015350619,-0.0411078273796852,-0.134935462942746
5,8,0.197795496558207,-0.222009169407933,-0.341314610003923,-0.277921011080023
6,8,0.224421831005071,-0.210679608305083,0.152829333256792,-0.270559583762841
7,8,0.207694313494725,-0.201331745245588,-0.174135238876852,-0.241863414761215
8,8,0.251096078483836,-0.165301157817619,0.0837409237730161,-0.209557662577696
9,8,0.287208886178046,-0.125556802859281,0.123003711564451,-0.15618581114071
10,8,0.219995858492137,-0.205583512733261,-0.225956863679061,-0.241251149718222
1,9,-0.0116066457088309,-0.0848680948149292,0.196809640429272,-0.129847924911943
2,9,-0.0472430950924704,-0.124967564497056,0.193611411600197,-0.143523766404251
3,9,-0.0673614860287439,0.111210890749552,-0.153140309836464,0.161507514487276
4,9,-0.0542521874228191,-0.153002000928067,0.327148358603843,-0.187156954225074
5,9,-0.0520882354993124,-0.115517641419773,0.225655546690763,-0.132657189296036
6,9,-0.0893042634180272,-0.0804799203543542,0.0520591668447772,-0.105291811361687
7,9,-0.0469302219492412,-0.122751204609156,0.287738878105763,-0.154686932244599
8,9,-0.025828604593307,-0.147311891664399,0.402739424820417,-0.152599453369563
9,9,-0.0327652355054393,0.00983429045752314,0.131856019180194,-0.0125301324091991
10,9,-0.035953551523027,-0.056935955569716,0.0052408300871532,-0.0878224026462613
1,10,-0.399336259888729,-0.226371612536001,-0.761376812194256,-0.256957247954935
2,10,-0.385144583509171,-0.452903890121796,0.0725174272139514,-0.557433883667527
3,10,-0.406437066411211,-0.628644719550004,0.742125434114347,-0.77394180761241
4,10,-0.359093673427516,-0.122941543579003,-0.803348971057251,-0.160790442612997
5,10,-0.425228617080726,-0.4198506360797,-0.758695578106502,-0.486535369378829
6,10,-0.415201866462072,-0.314532923787573,-0.77505792169143,-0.373560134109139
7,10,-0.394745634439589,-0.524644309910437,0.417055127254241,-0.63478485555556
8,10,-0.374144624360478,-0.230419946553481,-0.786863310225001,-0.252416319047778
9,10,-0.4166377447389,-0.318336775963808,-0.742736218362361,-0.39201113872173
10,10,-0.451914396888699,-0.361961465399196,-1.20351529821641,-0.440114254402448
1,11,0.212569654882372,0.118660151930171,-0.0838761439725758,0.142256939210512
2,11,0.21652902027134,-0.132142505439827,0.704484454295623,-0.13634501672203
3,11,0.182536090815847,0.172865394894128,-0.48328449408696,0.182513614868535
4,11,0.17367277594016,-0.071970581622036,-0.130194351109805,-0.0929570884018581
5,11,0.202010243527263,0.02591530629654,-0.199794908413357,0.0109933249293876
6,11,0.236291350959037,-0.137946516672397,0.357680850444519,-0.172240754179661
7,11,0.191198052946593,-0.0771964316806254,0.392811180436893,-0.0876371295128333
8,11,0.257602432253962,0.140869502424037,0.376526418770934,0.13941964672463
9,11,0.191984660557388,0.178427266570217,-0.477644636517849,0.229573829774097
10,11,0.18186944635445,0.135683747334664,-0.447076405112247,0.173361043655221
1,12,-0.0863399328702432,-0.103174724116891,0.304708933686421,-0.140027247399652
2,12,-0.0468326309541619,0.0500127241467672,0.239667816569509,0.080279286251998
3,12,-0.0315518243459717,0.2082606558664,0.0457228394178797,0.237062162297265
4,12,-0.0363323919289196,0.0631598864331847,0.728780876100413,0.0757323613398885
5,12,-0.0650558609047189,-0.0791353182565062,0.464078530441789,-0.0892608921617261
6,12,0.00991225150639427,0.116965167148206,0.0719474859038974,0.1643166093968
7,12,-0.0153459610996738,0.218763217979354,-0.042759914427349,0.270576852597781
8,12,-0.0307764965360534,-0.0642715048114327,0.452921108026629,-0.0589628683109677
9,12,-0.0715692046264553,-0.000256930287552828,0.262306600192829,0.0116652647308999
10,12,-0.0356746786611237,0.0830840792640623,-0.24422821223816,0.0821163840275228
1,13,0.0171957534723757,-0.16666259702844,0.657329804896329,-0.168161592072969
2,13,-0.0161136087595572,-0.00662189348226209,0.0300073896268056,0.00213454120895918
3,13,-0.00619405147539162,-0.0475291107513404,-0.204512988410421,-0.059724684137166
4,13,0.0596449075510621,0.0537878797130436,-0.239656538652543,0.0921682138972812
5,13,0.0582424444542974,-0.0527780537386834,0.0469567336157782,-0.0771101810002736
6,13,0.0496902327119962,-0.117028058558694,0.31834712368888,-0.144588719762461
7,13,0.0130740938294307,-0.263522608452303,0.930425772310821,-0.299414572062185
8,13,0.0494859781594342,-0.0211065359496771,0.322677478579678,-0.0407656021570447
9,13,0.0434607519025956,-0.120573992895426,0.838244855009531,-0.139736846720138
10,13,0.051857514916201,0.0137396430914296,-0.13824668984829,0.0267729197971784
1,14,0.156045667102274,-0.0288545529937391,-1.02168851337067,-0.019580931338087
2,14,0.172260609192545,0.0716797967976549,-1.28126159509389,0.0569564822220516
3,14,0.190492911230926,0.0245624647441079,-0.982947323677126,0.0237158989858435
4,14,0.204642432114298,0.0840247351709514,-1.50230234646259,0.0936178703208521
5,14,0.172795495894111,0.0307691522694713,-1.19702574875472,0.0382792783023776
6,14,0.176500065385996,0.0148848658860943,-0.962407894705986,0.0493055454555944
7,14,0.147785889479135,-0.00585878568896041,-1.01874505263589,0.00526425809665174
8,14,0.163685812592087,-0.0640456372374104,-1.24792864826567,-0.0582121963089855
9,14,0.173216314086955,0.010985760260215,-1.12274485832744,0.0121571818600208
10,14,0.134577018808737,0.0285138451039705,-1.45909938630121,0.0573753643951404
