rep,id,Cl,V1,Q,V2
1,1,2.66464601499052,13.8607589910721,8.82717236089713,14.9280177594042
2,1,2.67528676264483,15.2589214185693,7.14035856719915,16.4382697109638
3,1,2.54191446191771,14.3867206511397,10.4982776016863,15.5367853421581
4,1,2.63968766712246,17.5739068447431,7.28275224963382,19.0400529917915
5,1,2.78991761210476,14.9152658646271,10.4326761410769,15.4144652115135
6,1,2.69608428632551,15.9334044382103,10.186854587074,16.9656710622512
7,1,2.68400166067982,13.866788838693,15.1929031258748,14.4368153313802
8,1,2.76567193546951,15.8734440108947,7.51643505901376,17.3918973030163
9,1,2.65470242365653,15.3540326522307,8.85514716539481,16.5086216135174
10,1,2.82518070636091,14.2280072405418,7.58374707210383,15.4078379347772
1,2,6.6741746402762,26.4453181140872,6.35149659310541,28.1404082216108
2,2,6.73168452704298,19.8982970843375,7.5898960651672,21.3733298419639
3,2,6.73869127280423,19.0222557669819,8.5977311328596,19.8721489134415
4,2,6.65285615634627,18.0663990968314,11.7985502201485,19.5826594587189
5,2,6.73627117620539,24.5679805170304,6.72246959741238,26.4820449703269
6,2,6.59404441969896,17.5704377037403,22.5075051341217,18.8701617355261
7,2,6.68896878655328,18.6340175651245,12.3450068876971,20.5002054082079
8,2,6.96190617899002,20.2503621686983,9.7218057039675,21.7165047733469
9,2,6.66196681295361,21.9394085168515,6.63030017360401,23.4911147612198
10,2,6.66583513426185,20.4499030722324,7.74149219753814,21.976725127034
1,3,6.26631615236669,21.5708056685011,9.90908500388496,23.1266276182044
2,3,6.4200651815532,25.4028279244935,5.94778548062193,28.9015258401782
3,3,6.36949567844373,23.7935764645345,6.49197044529481,26.1751036441494
4,3,6.08062602250484,18.6651776787602,14.7736750488734,20.535175407674
5,3,6.15478970567456,22.8547644844147,10.2661701189081,23.8807185546282
6,3,6.15226857136522,26.8449272360025,4.99145881538519,29.6887918635201
7,3,6.20144291997776,26.1574830350168,4.90778029660891,28.1478266965804
8,3,6.32085049430819,23.0315639211105,8.85868125277538,24.893922435219
9,3,6.3296497530666,22.5593359089907,7.16607710109095,24.7489304046556
10,3,6.25719973928183,22.0014491854376,6.81034788164585,23.2237294641176
1,4,5.37825278898583,16.1167448961639,8.32273562555707,17.1567915594507
2,4,5.17430564278548,14.5011197612436,9.81030645421134,15.3559792918542
3,4,5.25108759819252,13.8683158414877,14.9305547957049,15.3162011013592
4,4,5.38178415265689,14.2970952469407,14.0193139227616,15.3723480569946
5,4,5.0628734711919,13.2022565993417,10.5030970675393,14.4166723550159
6,4,4.96115774321198,13.8176440905096,9.75670623776132,14.7373962317402
7,4,5.03630249364431,13.2021179303641,14.7691885185625,14.2383576695502
8,4,5.23685430910129,15.4969773645921,10.6611737051817,16.7186845836071
9,4,5.3006323212101,13.6652393217779,14.2468952289025,14.1123343914215
10,4,5.25654955647891,15.2270920938109,10.9447436158462,16.4428591958033
1,5,4.56213638480734,20.4098809867297,11.9664970870585,21.9016076008267
2,5,4.48900193629818,21.535797193135,10.7201260654983,23.4914577256984
3,5,4.60033579515371,21.0457873116992,9.44217871701344,22.9812861044571
4,5,4.61641193769492,25.409576888668,6.49159933034154,27.6089524026144
5,5,4.51539910063893,22.0445020570599,9.46523475207266,23.4324292201884
6,5,4.45724945904884,19.0747768580864,14.341648104547,20.3775919395683
7,5,4.61039807690683,22.268760956467,8.20779705126525,24.6217934990056
8,5,4.7073213637856,26.0400493929189,16.5306552171776,27.8055024005275
9,5,4.56627493855923,24.2320032264276,7.65779011388779,27.0635104853213
10,5,4.6206698417353,18.3075875907933,10.3414186947433,19.5802355297901
1,6,6.03733303627572,25.2063295901469,30.9486265742008,28.152303577216
2,6,6.02687277256214,29.4072820399343,28.7848685468787,32.2989586158992
3,6,6.00592769810164,32.0646803969672,20.3395898586126,34.4036872225416
4,6,5.77306612426777,22.8494707140312,27.520674721611,24.8804338032676
5,6,5.85861376887888,33.1163681454521,11.0351488853953,36.302298619397
6,6,6.21645717656723,31.2346011670423,18.9384647049386,33.6077740688977
7,6,5.82276708211784,38.8668626937863,8.39856754850198,42.8901449003758
8,6,6.18946254987823,33.8421050813593,22.1758770923892,36.334911802083
9,6,5.91729929993243,33.2235928938096,14.7324697106023,36.3679811935556
10,6,5.78909769944361,29.9834563316613,27.7749002250344,32.8924388956959
1,7,5.92462245737246,10.9338673508694,4.26451154779377,11.5717482408319
2,7,5.57736556811058,11.6124700031506,2.37222436313765,12.2465069869674
3,7,5.64038606204588,11.3724493435941,2.67004576317426,12.0877579406842
4,7,5.87850422081752,12.3420001436782,2.69114256391507,13.2166305240134
5,7,5.69279732412846,9.43352318684452,4.52649891839419,10.181036096465
6,7,5.50725239798674,12.6354071462994,1.96100921331487,13.6286095573485
7,7,5.87844165880972,14.2562870787255,1.87901427233118,14.9854226816377
8,7,6.21704578520775,12.786248367875,3.73896303099377,13.7718564438783
9,7,5.9663097667563,12.4719254315303,3.29509615906433,13.519107322476
10,7,5.92105336230635,11.0060983872996,4.10319608400254,11.9446284484145
1,8,6.53060519525965,17.1084774772131,9.07864269442735,18.9696736652785
2,8,6.57806119964634,21.3724264957704,5.33120263817569,22.888251783192
3,8,6.94007530327313,22.8791623875671,5.83152516904802,25.192099517561
4,8,6.32416167571644,17.4241309655834,5.51648415885888,18.9723425166515
5,8,6.78456451177019,17.5408313922512,9.65444877390137,18.5555610222429
6,8,6.92059405661169,22.5168507202302,6.72779902253489,24.3859126394776
7,8,7.01675985388381,20.843099667442,5.86202375784256,23.1750100371554
8,8,6.73872720383543,19.3172682288577,10.0668895594542,20.9217277408569
9,8,6.46161062550955,23.1747832066432,4.39710230226707,25.4371722054477
10,8,6.74814051540025,19.9917781179616,7.78658956357922,22.0187850682073
1,9,4.79593306016439,18.9032801966306,10.5546766102303,20.4888567079216
2,9,4.76112979149751,22.6283031685142,5.30158259154644,24.268699219717
3,9,4.93627947978768,21.9810530360611,7.46232989945117,23.9873646347072
4,9,4.85994275621013,20.247984418217,8.45151213055468,21.8658522417456
5,9,4.98242016632656,18.104198181891,12.083814269594,18.9761326003062
6,9,4.96364680925123,18.6539308702095,16.2292549243128,20.238079114574
7,9,5.0099328670637,20.3787235904717,9.97905528999085,22.0811134473598
8,9,4.86488613252569,20.0402884082131,9.43523564854681,21.9458842745612
9,9,4.83464541249241,19.8740255398304,8.15615512492883,22.0812337260221
10,9,4.75266547526288,19.2440475186461,9.63789033749477,20.891848897322
1,10,3.51179045971848,11.539803134529,19.9580516769019,12.175395849245
2,10,3.36429309478717,18.0662871959789,2.24200980489059,19.6148509059096
3,10,3.38965292645616,16.5553328351699,2.96463710684681,17.9635140761936
4,10,3.44229954883188,15.6044263627109,5.74479050064087,16.7547701263314
5,10,3.46716966982905,11.3633182901568,10.1444576456747,12.1975344493908
6,10,3.65874004245577,17.8413768880522,4.70632659257372,18.9752149633826
7,10,3.50877053017475,18.4306871723483,2.65814269489671,19.4742016107628
8,10,3.74078849749847,16.1514127497846,7.31581136344955,17.5866656581188
9,10,3.54454635010566,11.8643937927304,15.8778417077763,12.6695079975561
10,10,3.44779599023913,17.9902507591907,2.34055715843813,19.2622106517585
1,11,6.53332670699557,18.5700471717085,18.3702793887788,20.0833013473878
2,11,6.40231431602603,20.0042003608468,10.5343493251427,21.6228328007464
3,11,6.3708720836606,21.7758092847113,7.42878384569525,23.1191463057173
4,11,6.29711822096023,20.1660700293026,9.25989791113516,21.2690771260197
5,11,6.50282147170469,20.4573707813255,13.0918378701289,21.9143992051873
6,11,6.42057868418229,25.5893084978366,9.41681134797834,27.47770792754
7,11,6.58409566024977,21.881886187152,7.43239030419046,23.9017110620297
8,11,6.44721555657098,19.9583898405345,11.1457055607462,21.512536204892
9,11,6.50268942227649,24.9807751628095,5.79755132580947,27.9437700823925
10,11,6.52198439785503,21.3851071041683,12.3929365650848,23.1830664053878
1,12,5.1161754940744,24.3765238315018,12.1490484125923,25.7818387750987
2,12,4.89672637937657,21.5024829984308,9.21214161235292,23.6130732950551
3,12,4.84463270894455,21.5311449413658,12.9441505353574,23.2485400465313
4,12,5.01266993839658,21.9148431289067,12.3841149154909,24.1928926106652
5,12,4.96837908805907,22.6370765375478,9.34294016665277,24.7817416647505
6,12,4.9609388481456,24.0081543095245,9.43049417195555,26.007096441649
7,12,5.20405994712992,23.0901512669184,10.8228841084262,25.1670676579861
8,12,5.08784483848684,21.3309717593565,11.7023490539103,23.2173992583336
9,12,4.82891152788158,22.9772683829584,11.3454747476614,24.5190005118826
10,12,4.95168005118627,23.5727618679602,8.45676874935476,25.8360698137993
1,13,5.24185639935998,20.3706268508891,9.63189097385571,22.0637344698775
2,13,5.39041723592948,19.6355510287646,10.9389006048328,20.7461468729173
3,13,5.34323538260303,17.5532674963728,15.4681893023719,19.2444327143662
4,13,5.20896175993455,18.7723686141534,11.9066204351007,20.5202086131695
5,13,5.30071322027352,17.6293036223264,16.5013096498407,18.784851824136
6,13,5.44173658413289,23.6962592390656,7.34310451969168,25.5886869486219
7,13,5.33882786233711,18.4417375200698,13.4157185091399,20.10944604166
8,13,5.20017397320233,20.0656458783556,6.4588010128189,21.801756743262
9,13,5.43081500221589,18.9461838054526,15.1135474001857,20.557143131507
10,13,5.54274499040222,22.8932945062701,9.72807970324246,25.0863409671886
1,14,6.14705236898806,24.237847222413,2.14460989647961,26.5198246842966
2,14,6.28545465638159,14.2208812664663,20.0676475200448,15.2394076699881
3,14,6.07807429972189,14.0498542642845,54.0696824999272,14.7674219457659
4,14,6.30527949287971,14.3322149368017,61.5908854795385,15.443153439302
5,14,6.21437821899832,25.8454920500036,1.93359138099909,28.0266330186249
6,14,6.29454544997599,14.5882972447564,21.0550277247762,15.3861784926792
7,14,6.16227275737516,14.1008496011438,28.3813022011908,14.9409895006916
8,14,6.38181551424609,14.3855443863799,39.1281832457994,15.0176454271578
9,14,6.26572165401418,24.8780962888301,2.37153752871525,27.2706389273727
10,14,6.21659787167092,14.2268337097362,19.2840612216605,15.35756784869
