rep,id,eta_Cl,eta_V1,eta_Q,eta_V2
1,1,-0.649625494962942,-0.261980798361514,-1.40496773724219,-0.314277403670469
2,1,-0.621883389856624,-0.258904786380047,-1.66644694030067,-0.319752079373159
3,1,-0.61805366889404,-0.258160231656364,-1.45329603081549,-0.262687040937211
4,1,-0.620087603114072,-0.360101581282627,-1.1131421561562,-0.437120448122733
5,1,-0.633704489792429,-0.361702114843555,-0.143783460259029,-0.439625743916608
6,1,-0.627193538494004,-0.344852728878227,-0.902953511521033,-0.392856443989945
7,1,-0.64239962046764,-0.0204403407727655,-1.16899653028256,-0.00720325283062496
8,1,-0.644960542781304,-0.229802036087792,-1.3524192134801,-0.248206338117846
9,1,-0.60645086300249,-0.25308539361851,-1.21017536842977,-0.300879145972866
10,1,-0.649085207564224,-0.323668791677803,-1.41574178442854,-0.381944842708379
1,2,0.228324435338351,0.0969889250024395,-1.00218012390946,0.115542433808172
2,2,0.255747908296207,0.253486676685452,-1.38459586385022,0.26637984658453
3,2,0.238359031930404,0.17656300439853,-1.18529997228676,0.213408869358572
4,2,0.223086982175317,0.0778661490726561,-1.09958114295181,0.139456629524436
5,2,0.23619211507008,0.235419754380349,-1.34333912169154,0.290707990587965
6,2,0.261020012164384,0.201405137514958,-1.3108698445595,0.241068678572258
7,2,0.266740565720001,0.271199635166207,-1.08812227889845,0.296228627071483
8,2,0.276942537143208,0.288011472326985,-1.35888989805891,0.356578298105393
9,2,0.187696942030193,0.137564065406547,-1.62720991397212,0.166080496382646
10,2,0.184202773236436,0.125195487239335,-1.40702355548344,0.161188412922294
1,3,0.212565696225203,0.273487697549308,-1.16004487902306,0.354863540880395
2,3,0.19931606550298,0.33159339708398,-1.53414882270139,0.387240006933688
3,3,0.194294610342782,0.21011282006549,-1.32072082212658,0.271137548739124
4,3,0.2070443156559,0.15584353068675,-0.805525494772597,0.191823603890582
5,3,0.196258860574215,0.13960839771256,-1.29253050975717,0.153814665776074
6,3,0.206424812461072,0.274685832233343,-1.15663851922122,0.350871769899866
7,3,0.16666170034188,0.227546141913781,-1.55693605762296,0.260473375031401
8,3,0.208109950354669,0.21586733461024,-1.14709799206523,0.263301244131104
9,3,0.153334766710452,0.35821640093279,-1.83367533529883,0.43571044742701
10,3,0.183698832071174,0.2770344434382,-1.30042491279483,0.352959929583323
1,4,0.0138964694063065,-0.17385881349947,-0.678870966110467,-0.242426702094269
2,4,0.00394829693278245,-0.0794819795752374,-1.24570044614875,-0.0906009712152104
3,4,-0.0491524265530713,-0.208017217445202,-1.21884299310016,-0.265253303340189
4,4,-0.00410460274358226,-0.0909931202698174,-1.53956567166216,-0.140312443929443
5,4,0.00735108533908643,-0.197412362839209,-0.890962038937161,-0.223419458441023
6,4,-0.0004398246692061,-0.109719732629696,-1.0991378846647,-0.120391497863101
7,4,-0.0257874749779695,-0.226649300585015,-1.08067232652057,-0.335546653884659
8,4,-0.0156666717826242,-0.197722104081785,-0.20541402328761,-0.216017636891837
9,4,-0.00699173783290846,-0.174865709040383,-1.37419310895598,-0.226117066410039
10,4,-0.00898950494079698,-0.190065911742825,-1.08305317055824,-0.230526389146911
1,5,-0.116792177794127,0.23158394051122,-1.24379416809779,0.294860821328029
2,5,-0.107500117165405,0.182118226242182,-1.33807705998886,0.207092609961783
3,5,-0.121007932089712,0.210472213999782,-1.42900296733642,0.26284721555145
4,5,-0.120735189350597,0.140431091383943,-0.63652206111209,0.172589043680421
5,5,-0.114774935963554,0.149391229661223,-0.990681031619967,0.205589741845392
6,5,-0.135888882215107,0.400165496137933,-1.19884517350531,0.473109590403945
7,5,-0.0958295749310769,0.104029775234708,-0.332431594817643,0.153331820066186
8,5,-0.184111502932875,0.144786161120712,-1.04496658396588,0.184557933452972
9,5,-0.14991512609279,0.189817361774253,-1.28615506712454,0.237188036812114
10,5,-0.115185827363514,0.296544458659809,-1.00120151096461,0.346843714120217
1,6,0.153236158640039,0.626795094332833,-0.427269586144476,0.727568417852788
2,6,0.105966375291414,0.484162696360742,-0.694334916764239,0.591426411073061
3,6,0.143289027173783,0.630198243048112,-1.12820477158934,0.740989607603644
4,6,0.148501522336133,0.594733515498908,0.527706650746166,0.682342857973784
5,6,0.109452000896825,0.562077727727246,-1.08567112888149,0.638216704236716
6,6,0.114539202040182,0.524367864664162,-0.279697076512793,0.639897893547312
7,6,0.162711774389914,0.623291897186885,-0.65653887672964,0.728438712853108
8,6,0.134827413230924,0.376138182347711,0.028315669523613,0.430350140075255
9,6,0.139288486570224,0.498854581642069,-0.246317956255243,0.608518301774261
10,6,0.173280439957067,0.436569570190197,-0.501203897254069,0.513650035583166
1,7,0.126514643552087,-0.419237219323659,-2.03500315738818,-0.488639897941189
2,7,0.101742459283579,-0.513185280049719,-1.86612391857024,-0.56161809074093
3,7,0.049289526801948,-0.547250918566354,-2.39080579841091,-0.614152478799549
4,7,0.0908787281341959,-0.52439449900893,-2.00654363808264,-0.636445853882958
5,7,0.101706459398962,-0.36207535295054,-2.51496227468091,-0.433941188921686
6,7,0.0895264929206936,-0.50458689409793,-2.1012635193585,-0.562041331457915
7,7,0.0631060793498073,-0.474977830430529,-2.0753919360551,-0.546697188646237
8,7,0.0962380702957184,-0.426971656123587,-2.14830728508929,-0.51738843270457
9,7,0.117109496531191,-0.428581480741574,-2.13014719530407,-0.507166305089051
10,7,0.0854176283167882,-0.51659341400007,-1.90608427887978,-0.640444384565964
1,8,0.237992229552816,0.0662798811048812,-1.37094871999232,0.0717878555812049
2,8,0.217338463814069,0.0114636997396296,-1.27938998403048,0.0018494062062431
3,8,0.248255961741408,0.147666715911979,-1.55155340679545,0.169052858680637
4,8,0.201676125909198,0.0159210899614509,-1.75148811874806,0.0152511279213606
5,8,0.258588445444467,0.134563308919633,-1.48075888222153,0.160915867464748
6,8,0.240885518540647,0.100715356831047,-1.74371026613897,0.112276695501423
7,8,0.256486192657915,0.114843082493467,-1.23367820746822,0.13988543549263
8,8,0.242370345656962,0.0973871030933613,-1.50375188866166,0.150034583431313
9,8,0.237609207723362,-0.00874030352073224,-1.0653863346425,-0.00476441145746229
10,8,0.260770362324345,0.0323647496456678,-1.21632425850322,0.0521428756637897
1,9,-0.0613257382229784,0.138118126357153,-1.07152439990554,0.190785671333955
2,9,-0.0749415235527914,0.151526889294329,-1.21464431512197,0.191330390366151
3,9,-0.0520365539823542,0.163729870178654,-1.00846805702918,0.17773016730084
4,9,-0.0519143698214687,0.206494371411854,-1.13659252185888,0.273517524296803
5,9,-0.0583356643849629,0.0897667021234907,-1.0054676292799,0.0776987801764754
6,9,-0.0919917038794168,0.0771112190896022,-1.27489566474011,0.0948008363707664
7,9,-0.0424103783560808,0.125562719813942,-1.18514718943169,0.172219909064931
8,9,-0.0807585285300246,0.18285235114667,-1.79639892103468,0.183119503302411
9,9,-0.0695158256700951,0.12624694019912,-1.01414609517969,0.162697410143063
10,9,-0.08104188314219,0.239827482683796,-1.33354978581199,0.293445412208806
1,10,-0.401550963107807,-0.352054391205912,-0.230810151238797,-0.440511428238834
2,10,-0.379493674655574,-0.234633938230247,-1.37989672700641,-0.286967482251893
3,10,-0.434515741394033,-0.272732899161395,-1.45215869708072,-0.325652907284434
4,10,-0.426467350941298,-0.244504400201496,-1.20789844292037,-0.285449875404284
5,10,-0.405907536732851,-0.278944589963444,-0.796920218961104,-0.33450369478843
6,10,-0.44068208783743,-0.317930478726974,-1.17754770672104,-0.404495327685439
7,10,-0.415683550604868,-0.311907847474014,-1.03143737733818,-0.346362363956647
8,10,-0.387358360842134,-0.256221981308207,-1.38845527565433,-0.290119612885709
9,10,-0.386228204570386,-0.27004453583078,-1.27505743294111,-0.320617670817821
10,10,-0.345087743134941,-0.162121476601498,-0.961708719296716,-0.157850589546952
1,11,0.198660560929663,0.132462000926881,-1.39568394362575,0.192237048949709
2,11,0.213797440797885,0.187697884812255,-0.897414548368532,0.215737822439035
3,11,0.213370836751916,0.189361880283943,-1.12152943374712,0.223568048155444
4,11,0.244458409493837,0.239961875131818,-1.13162371994789,0.293041659056098
5,11,0.228324270506283,0.21487413667875,-1.23821855780764,0.24564911844927
6,11,0.23755086558357,0.260954464123689,-1.040593378675,0.305398924842722
7,11,0.194871085460045,0.0819867517181907,-0.935663321186565,0.129763666578893
8,11,0.190116918712996,0.203468674724462,-1.05404321472822,0.242590658045744
9,11,0.243569804833557,0.230576251587117,-0.846756396616081,0.278399367666801
10,11,0.23208233273442,0.272615328840181,-1.24731040296199,0.32861054351868
1,12,-0.0656823523236362,0.253849415101641,-1.30914506141472,0.290683340319358
2,12,-0.0602146423087462,0.241296323293101,-0.941025746784027,0.290132155019357
3,12,-0.0920163475218095,0.223980729249226,-0.973554413153592,0.265550744930463
4,12,-0.0698547852974037,0.183160734083528,-1.04581271316116,0.200615257754224
5,12,-0.0499359884019799,0.273360266473956,-0.698708341022185,0.306021948692818
6,12,-0.0408689213736758,0.275513115085974,-0.837418919593506,0.32681401511501
7,12,-0.0266067485275031,0.191430194592537,-0.237387732101318,0.236319467512137
8,12,-0.061510298012615,0.185133747135942,-0.930928170829845,0.209847768889922
9,12,-0.00514402373447697,0.291454397526906,-0.176124247644999,0.322073076475681
10,12,-0.0229344526680125,0.196785096926909,-0.318174643659905,0.239820708509694
1,13,0.0130727281083861,0.108196404829505,-1.20303819704063,0.129570427281979
2,13,0.052174352327926,0.187932190823077,-0.829364492766541,0.235956735248207
3,13,0.00125708701596284,0.172723651060698,-1.33859418316115,0.228944778559618
4,13,0.023925401008692,0.114828163132983,-1.07844027705841,0.13193765505242
5,13,-0.0255786161918326,0.0127315287124988,-1.10266941900587,0.0210727298689919
6,13,0.0275744326004567,0.194430850985201,-0.684173261775624,0.221607325546523
7,13,0.0323083703351538,0.237005672089758,-1.31465946927779,0.259658266830352
8,13,0.00245600546819855,0.143541121519306,-1.24592098051806,0.161869971931363
9,13,0.00480211282090624,0.150448546857756,-0.826429719287861,0.177494871509003
10,13,-0.00969077124351019,0.094450590838262,-1.31298483657852,0.128098309245283
1,14,0.192588374719788,-0.105555059927406,-0.294802938083045,-0.146634510732267
2,14,0.165826861185421,-0.117708212406177,-0.477749089918027,-0.149694052030328
3,14,0.202392813305228,-0.114811047210136,0.580073435206028,-0.136648968157444
4,14,0.178849506844513,-0.0913659020663383,-0.16285899751077,-0.0966675086124773
5,14,0.173656845483641,-0.135071116676936,0.222465590852674,-0.181272589506784
6,14,0.145115130513789,-0.209823474677003,1.43043641517316,-0.269292928181593
7,14,0.168902148756323,-0.131031256898844,-0.310729114998459,-0.173349455953867
8,14,0.194785336839907,-0.086696601572571,0.933017404733944,-0.109398362851686
9,14,0.213753623136684,0.0164539981329168,-0.739868443066253,-0.0134434381833531
10,14,0.173155503009709,-0.129344418709605,-0.518781756365202,-0.145702802537375
